% Title: Iris
%
% Centers:
% 	5.003561 3.403040 1.484994 0.251538 
% 	5.889109 2.761202 4.364122 1.397378 
% 	6.775009 3.052399 5.646777 2.053556 
%

@RELATION

@ATTRIBUTE Attribute0 	 REAL
@ATTRIBUTE Attribute1 	 REAL
@ATTRIBUTE Attribute2 	 REAL
@ATTRIBUTE Attribute3 	 REAL
@ATTRIBUTE MU 	 FUZZY {Zhluk0, Zhluk1, Zhluk2}
@ATTRIBUTE class 	 {Zhluk0, Zhluk1, Zhluk2}

@DATA
5.10, 3.50, 1.40, 0.20, 0.996336, 0.002501, 0.001163, Iris-setosa
4.90, 3.00, 1.40, 0.20, 0.976954, 0.015890, 0.007157, Iris-setosa
4.70, 3.20, 1.30, 0.20, 0.980310, 0.013429, 0.006261, Iris-setosa
4.60, 3.10, 1.50, 0.20, 0.968312, 0.021854, 0.009834, Iris-setosa
5.00, 3.60, 1.40, 0.20, 0.993927, 0.004131, 0.001942, Iris-setosa
5.40, 3.90, 1.70, 0.40, 0.933143, 0.045785, 0.021072, Iris-setosa
4.60, 3.40, 1.40, 0.30, 0.979488, 0.014006, 0.006506, Iris-setosa
5.00, 3.40, 1.50, 0.20, 0.999611, 0.000268, 0.000121, Iris-setosa
4.40, 2.90, 1.40, 0.20, 0.931557, 0.046909, 0.021534, Iris-setosa
4.90, 3.10, 1.50, 0.10, 0.983690, 0.011267, 0.005043, Iris-setosa
5.40, 3.70, 1.50, 0.20, 0.967215, 0.022320, 0.010466, Iris-setosa
4.80, 3.40, 1.60, 0.20, 0.992280, 0.005333, 0.002387, Iris-setosa
4.80, 3.00, 1.40, 0.10, 0.971747, 0.019421, 0.008832, Iris-setosa
4.30, 3.00, 1.10, 0.10, 0.923698, 0.051303, 0.024999, Iris-setosa
5.80, 4.00, 1.20, 0.20, 0.888398, 0.073504, 0.038098, Iris-setosa
5.70, 4.40, 1.50, 0.40, 0.839274, 0.105709, 0.055017, Iris-setosa
5.40, 3.90, 1.30, 0.40, 0.945517, 0.036522, 0.017961, Iris-setosa
5.10, 3.50, 1.40, 0.30, 0.996307, 0.002525, 0.001168, Iris-setosa
5.70, 3.80, 1.70, 0.30, 0.903064, 0.066288, 0.030649, Iris-setosa
5.10, 3.80, 1.50, 0.30, 0.978068, 0.014919, 0.007012, Iris-setosa
5.40, 3.40, 1.70, 0.20, 0.968755, 0.021750, 0.009495, Iris-setosa
5.10, 3.70, 1.50, 0.40, 0.983901, 0.011010, 0.005089, Iris-setosa
4.60, 3.60, 1.00, 0.20, 0.958130, 0.027860, 0.014010, Iris-setosa
5.10, 3.30, 1.70, 0.50, 0.979779, 0.014213, 0.006007, Iris-setosa
4.80, 3.40, 1.90, 0.20, 0.967268, 0.022997, 0.009735, Iris-setosa
5.00, 3.00, 1.60, 0.20, 0.974904, 0.017525, 0.007571, Iris-setosa
5.00, 3.40, 1.60, 0.40, 0.994861, 0.003571, 0.001569, Iris-setosa
5.20, 3.50, 1.50, 0.20, 0.993092, 0.004740, 0.002167, Iris-setosa
5.20, 3.40, 1.40, 0.20, 0.993660, 0.004339, 0.002001, Iris-setosa
4.70, 3.20, 1.60, 0.20, 0.980239, 0.013699, 0.006061, Iris-setosa
4.80, 3.10, 1.60, 0.20, 0.979752, 0.014086, 0.006162, Iris-setosa
5.40, 3.40, 1.50, 0.40, 0.974274, 0.017758, 0.007968, Iris-setosa
5.20, 4.10, 1.50, 0.10, 0.936927, 0.042211, 0.020862, Iris-setosa
5.50, 4.20, 1.40, 0.20, 0.902385, 0.064663, 0.032952, Iris-setosa
4.90, 3.10, 1.50, 0.10, 0.983690, 0.011267, 0.005043, Iris-setosa
5.00, 3.20, 1.20, 0.20, 0.985406, 0.009920, 0.004673, Iris-setosa
5.50, 3.50, 1.30, 0.20, 0.963827, 0.024493, 0.011680, Iris-setosa
4.90, 3.10, 1.50, 0.10, 0.983690, 0.011267, 0.005043, Iris-setosa
4.40, 3.00, 1.30, 0.20, 0.940571, 0.040478, 0.018951, Iris-setosa
5.10, 3.40, 1.50, 0.20, 0.998342, 0.001141, 0.000517, Iris-setosa
5.00, 3.50, 1.30, 0.30, 0.994361, 0.003833, 0.001806, Iris-setosa
4.50, 2.30, 1.30, 0.30, 0.852730, 0.100900, 0.046370, Iris-setosa
4.40, 3.20, 1.30, 0.20, 0.953073, 0.031865, 0.015063, Iris-setosa
5.00, 3.50, 1.60, 0.60, 0.978871, 0.014672, 0.006457, Iris-setosa
5.10, 3.80, 1.90, 0.40, 0.944176, 0.038890, 0.016934, Iris-setosa
4.80, 3.00, 1.40, 0.30, 0.973202, 0.018493, 0.008305, Iris-setosa
5.10, 3.80, 1.60, 0.20, 0.975756, 0.016550, 0.007695, Iris-setosa
4.60, 3.20, 1.40, 0.20, 0.974771, 0.017275, 0.007954, Iris-setosa
5.30, 3.70, 1.50, 0.20, 0.976396, 0.016081, 0.007523, Iris-setosa
5.00, 3.30, 1.40, 0.20, 0.997361, 0.001810, 0.000829, Iris-setosa
7.00, 3.20, 4.70, 1.40, 0.044601, 0.454292, 0.501108, Iris-versicolor
6.40, 3.20, 4.50, 1.50, 0.029175, 0.764077, 0.206748, Iris-versicolor
6.90, 3.10, 4.90, 1.50, 0.031288, 0.368785, 0.599927, Iris-versicolor
5.50, 2.30, 4.00, 1.30, 0.049537, 0.869989, 0.080474, Iris-versicolor
6.50, 2.80, 4.60, 1.50, 0.024133, 0.758777, 0.217091, Iris-versicolor
5.70, 2.80, 4.50, 1.30, 0.005753, 0.973777, 0.020470, Iris-versicolor
6.30, 3.30, 4.70, 1.60, 0.029804, 0.673058, 0.297138, Iris-versicolor
4.90, 2.40, 3.30, 1.00, 0.286359, 0.581520, 0.132121, Iris-versicolor
6.60, 2.90, 4.60, 1.30, 0.031264, 0.721057, 0.247680, Iris-versicolor
5.20, 2.70, 3.90, 1.40, 0.074979, 0.830303, 0.094718, Iris-versicolor
5.00, 2.00, 3.50, 1.00, 0.219412, 0.635673, 0.144915, Iris-versicolor
5.90, 3.00, 4.20, 1.50, 0.009197, 0.962070, 0.028733, Iris-versicolor
6.00, 2.20, 4.00, 1.00, 0.055835, 0.843033, 0.101133, Iris-versicolor
6.10, 2.90, 4.70, 1.40, 0.012121, 0.899694, 0.088184, Iris-versicolor
5.60, 2.90, 3.60, 1.30, 0.091881, 0.815928, 0.092191, Iris-versicolor
6.70, 3.10, 4.40, 1.40, 0.041749, 0.689910, 0.268342, Iris-versicolor
5.60, 3.00, 4.50, 1.50, 0.014173, 0.933150, 0.052677, Iris-versicolor
5.80, 2.70, 4.10, 1.00, 0.025974, 0.925635, 0.048391, Iris-versicolor
6.20, 2.20, 4.50, 1.50, 0.027210, 0.835363, 0.137427, Iris-versicolor
5.60, 2.50, 3.90, 1.10, 0.051752, 0.877452, 0.070796, Iris-versicolor
5.90, 3.20, 4.80, 1.80, 0.027629, 0.721675, 0.250695, Iris-versicolor
6.10, 2.80, 4.00, 1.30, 0.019537, 0.934225, 0.046238, Iris-versicolor
6.30, 2.50, 4.90, 1.50, 0.024007, 0.705444, 0.270549, Iris-versicolor
6.10, 2.80, 4.70, 1.20, 0.013949, 0.902761, 0.083290, Iris-versicolor
6.40, 2.90, 4.30, 1.30, 0.022931, 0.875922, 0.101147, Iris-versicolor
6.60, 3.00, 4.40, 1.40, 0.033969, 0.754814, 0.211217, Iris-versicolor
6.80, 2.80, 4.80, 1.40, 0.033643, 0.523690, 0.442668, Iris-versicolor
6.70, 3.00, 5.00, 1.70, 0.021202, 0.306352, 0.672446, Iris-versicolor
6.00, 2.90, 4.50, 1.50, 0.004936, 0.968911, 0.026153, Iris-versicolor
5.70, 2.60, 3.50, 1.00, 0.128799, 0.766566, 0.104634, Iris-versicolor
5.50, 2.40, 3.80, 1.10, 0.078116, 0.831983, 0.089901, Iris-versicolor
5.50, 2.40, 3.70, 1.00, 0.104208, 0.795057, 0.100735, Iris-versicolor
5.80, 2.70, 3.90, 1.20, 0.031081, 0.918590, 0.050329, Iris-versicolor
6.00, 2.70, 5.10, 1.60, 0.024000, 0.656325, 0.319675, Iris-versicolor
5.40, 3.00, 4.50, 1.50, 0.026423, 0.891114, 0.082463, Iris-versicolor
6.00, 3.40, 4.50, 1.60, 0.032148, 0.797195, 0.170657, Iris-versicolor
6.70, 3.10, 4.70, 1.50, 0.033475, 0.555464, 0.411061, Iris-versicolor
6.30, 2.30, 4.40, 1.30, 0.026930, 0.857595, 0.115475, Iris-versicolor
5.60, 3.00, 4.10, 1.30, 0.024143, 0.928854, 0.047003, Iris-versicolor
5.50, 2.50, 4.00, 1.30, 0.038316, 0.899272, 0.062412, Iris-versicolor
5.50, 2.60, 4.40, 1.20, 0.019691, 0.931054, 0.049255, Iris-versicolor
6.10, 3.00, 4.60, 1.40, 0.011622, 0.915708, 0.072670, Iris-versicolor
5.80, 2.60, 4.00, 1.20, 0.022596, 0.935588, 0.041816, Iris-versicolor
5.00, 2.30, 3.30, 1.00, 0.270113, 0.597328, 0.132559, Iris-versicolor
5.60, 2.70, 4.20, 1.30, 0.012724, 0.958806, 0.028470, Iris-versicolor
5.70, 3.00, 4.20, 1.20, 0.016818, 0.945495, 0.037687, Iris-versicolor
5.70, 2.90, 4.20, 1.30, 0.009602, 0.967370, 0.023029, Iris-versicolor
6.20, 2.90, 4.30, 1.30, 0.011418, 0.943882, 0.044700, Iris-versicolor
5.10, 2.50, 3.00, 1.10, 0.356775, 0.518961, 0.124264, Iris-versicolor
5.70, 2.80, 4.10, 1.30, 0.012730, 0.960508, 0.026762, Iris-versicolor
6.30, 3.30, 6.00, 2.50, 0.019366, 0.120750, 0.859884, Iris-virginica
5.80, 2.70, 5.10, 1.90, 0.029332, 0.615569, 0.355099, Iris-virginica
7.10, 3.00, 5.90, 2.10, 0.006080, 0.038158, 0.955762, Iris-virginica
6.30, 2.90, 5.60, 1.80, 0.012535, 0.141946, 0.845520, Iris-virginica
6.50, 3.00, 5.80, 2.20, 0.004757, 0.037643, 0.957600, Iris-virginica
7.60, 3.00, 6.60, 2.10, 0.035478, 0.152684, 0.811838, Iris-virginica
4.90, 2.50, 4.50, 1.70, 0.073141, 0.759811, 0.167048, Iris-virginica
7.30, 2.90, 6.30, 1.80, 0.021913, 0.115150, 0.862936, Iris-virginica
6.70, 2.50, 5.80, 1.80, 0.014009, 0.117348, 0.868642, Iris-virginica
7.20, 3.60, 6.10, 2.50, 0.024419, 0.114603, 0.860978, Iris-virginica
6.50, 3.20, 5.10, 2.00, 0.016770, 0.209889, 0.773341, Iris-virginica
6.40, 2.70, 5.30, 1.90, 0.015770, 0.223134, 0.761095, Iris-virginica
6.80, 3.00, 5.50, 2.10, 0.001167, 0.010015, 0.988818, Iris-virginica
5.70, 2.50, 5.00, 2.00, 0.034415, 0.659919, 0.305666, Iris-virginica
5.80, 2.80, 5.10, 2.40, 0.038403, 0.460978, 0.500619, Iris-virginica
6.40, 3.20, 5.30, 2.30, 0.014067, 0.136067, 0.849866, Iris-virginica
6.50, 3.00, 5.50, 1.80, 0.007165, 0.079612, 0.913222, Iris-virginica
7.70, 3.80, 6.70, 2.20, 0.050590, 0.185832, 0.763578, Iris-virginica
7.70, 2.60, 6.90, 2.30, 0.049214, 0.193261, 0.757525, Iris-virginica
6.00, 2.20, 5.00, 1.50, 0.032252, 0.710665, 0.257083, Iris-virginica
6.90, 3.20, 5.70, 2.30, 0.003829, 0.025703, 0.970467, Iris-virginica
5.60, 2.80, 4.90, 2.00, 0.033679, 0.706942, 0.259379, Iris-virginica
7.70, 2.80, 6.70, 2.00, 0.041997, 0.174837, 0.783166, Iris-virginica
6.30, 2.70, 4.90, 1.80, 0.022825, 0.595772, 0.381403, Iris-virginica
6.70, 3.30, 5.70, 2.10, 0.002915, 0.021745, 0.975340, Iris-virginica
7.20, 3.20, 6.00, 1.80, 0.012914, 0.075177, 0.911908, Iris-virginica
6.20, 2.80, 4.80, 1.80, 0.020997, 0.707803, 0.271200, Iris-virginica
6.10, 3.00, 4.90, 1.80, 0.023106, 0.646935, 0.329959, Iris-virginica
6.40, 2.80, 5.60, 2.10, 0.008364, 0.083001, 0.908635, Iris-virginica
7.20, 3.00, 5.80, 1.60, 0.014456, 0.094760, 0.890784, Iris-virginica
7.40, 2.80, 6.10, 1.90, 0.019801, 0.107458, 0.872741, Iris-virginica
7.90, 3.80, 6.40, 2.00, 0.050904, 0.189009, 0.760087, Iris-virginica
6.40, 2.80, 5.60, 2.20, 0.008963, 0.084842, 0.906196, Iris-virginica
6.30, 2.80, 5.10, 1.50, 0.023414, 0.540232, 0.436355, Iris-virginica
6.10, 2.60, 5.60, 1.40, 0.031225, 0.392725, 0.576050, Iris-virginica
7.70, 3.00, 6.10, 2.30, 0.028676, 0.131785, 0.839539, Iris-virginica
6.30, 3.40, 5.60, 2.40, 0.017230, 0.128703, 0.854067, Iris-virginica
6.40, 3.10, 5.50, 1.80, 0.009788, 0.110068, 0.880144, Iris-virginica
6.00, 3.00, 4.80, 1.80, 0.021738, 0.749931, 0.228331, Iris-virginica
6.90, 3.10, 5.40, 2.10, 0.003491, 0.028960, 0.967549, Iris-virginica
6.70, 3.10, 5.60, 2.40, 0.005080, 0.037681, 0.957240, Iris-virginica
6.90, 3.10, 5.10, 2.30, 0.015408, 0.129485, 0.855107, Iris-virginica
5.80, 2.70, 5.10, 1.90, 0.029332, 0.615569, 0.355099, Iris-virginica
6.80, 3.20, 5.90, 2.30, 0.005252, 0.033740, 0.961008, Iris-virginica
6.70, 3.30, 5.70, 2.50, 0.009704, 0.063186, 0.927110, Iris-virginica
6.70, 3.00, 5.20, 2.30, 0.011268, 0.106381, 0.882351, Iris-virginica
6.30, 2.50, 5.00, 1.90, 0.025831, 0.507517, 0.466652, Iris-virginica
6.50, 3.00, 5.20, 2.00, 0.012120, 0.156424, 0.831457, Iris-virginica
6.20, 3.40, 5.40, 2.30, 0.021586, 0.189039, 0.789376, Iris-virginica
5.90, 3.00, 5.10, 1.80, 0.026941, 0.581793, 0.391266, Iris-virginica
