% Title: Iris
%
% Centers:
% 	142.654978 530.192141 90.775647 0.009200 0.000065 0.004916 0.004898 0.014749 0.031107 0.322549 0.016167 0.017155 0.024188 0.048506 0.054386 22.101144 0.744103 0.499223 0.686504 -5.321622 0.254578 2.505528 0.230386 
% 	116.611737 131.802240 103.870881 0.006530 0.000056 0.003396 0.003617 0.010187 0.029744 0.276265 0.015808 0.017732 0.023272 0.047425 0.023366 22.035713 0.803366 0.533605 0.742897 -5.330229 0.244109 2.259477 0.231305 
% 	215.009322 230.636971 199.706253 0.004956 0.000024 0.002831 0.002907 0.008494 0.021832 0.211422 0.011383 0.013737 0.018128 0.034148 0.016556 24.354840 0.340274 0.417244 0.699314 -6.629360 0.174340 2.266054 0.138259 
% 	152.580027 187.268048 86.551220 0.005944 0.000040 0.003147 0.003247 0.009441 0.032755 0.308080 0.017125 0.019550 0.027742 0.051375 0.021624 21.069504 0.963149 0.520266 0.714748 -5.602795 0.209852 2.378521 0.213313 
% 	197.846131 235.994629 98.328826 0.005596 0.000030 0.002993 0.002995 0.008981 0.028626 0.268611 0.015625 0.017497 0.021824 0.046874 0.024399 20.847375 0.581809 0.472577 0.680092 -5.961343 0.218959 2.636910 0.184305 
%

@RELATION

@ATTRIBUTE Attribute0 	 REAL
@ATTRIBUTE Attribute1 	 REAL
@ATTRIBUTE Attribute2 	 REAL
@ATTRIBUTE Attribute3 	 REAL
@ATTRIBUTE Attribute4 	 REAL
@ATTRIBUTE Attribute5 	 REAL
@ATTRIBUTE Attribute6 	 REAL
@ATTRIBUTE Attribute7 	 REAL
@ATTRIBUTE Attribute8 	 REAL
@ATTRIBUTE Attribute9 	 REAL
@ATTRIBUTE Attribute10 	 REAL
@ATTRIBUTE Attribute11 	 REAL
@ATTRIBUTE Attribute12 	 REAL
@ATTRIBUTE Attribute13 	 REAL
@ATTRIBUTE Attribute14 	 REAL
@ATTRIBUTE Attribute15 	 REAL
@ATTRIBUTE Attribute16 	 REAL
@ATTRIBUTE Attribute17 	 REAL
@ATTRIBUTE Attribute18 	 REAL
@ATTRIBUTE Attribute19 	 REAL
@ATTRIBUTE Attribute20 	 REAL
@ATTRIBUTE Attribute21 	 REAL
@ATTRIBUTE Attribute22 	 REAL
@ATTRIBUTE MU 	 FUZZY {Zhluk0, Zhluk1, Zhluk2, Zhluk3, Zhluk4}
@ATTRIBUTE class 	 {Zhluk0, Zhluk1, Zhluk2, Zhluk3, Zhluk4}

@DATA
119.99, 157.30, 75.00, 0.01, 0.00, 0.00, 0.01, 0.01, 0.04, 0.43, 0.02, 0.03, 0.03, 0.07, 0.02, 21.03, 1.00, 0.41, 0.82, -4.81, 0.27, 2.30, 0.28, 0.005657, 0.528457, 0.026388, 0.377703, 0.061794, phon_R01_S01_1
122.40, 148.65, 113.82, 0.01, 0.00, 0.00, 0.01, 0.01, 0.06, 0.63, 0.03, 0.05, 0.04, 0.09, 0.02, 19.09, 1.00, 0.46, 0.82, -4.08, 0.34, 2.49, 0.37, 0.002451, 0.841337, 0.015814, 0.113930, 0.026468, phon_R01_S01_2
116.68, 131.11, 111.56, 0.01, 0.00, 0.01, 0.01, 0.02, 0.05, 0.48, 0.03, 0.04, 0.04, 0.08, 0.01, 20.65, 1.00, 0.43, 0.83, -4.44, 0.31, 2.34, 0.33, 0.000382, 0.981857, 0.002237, 0.012078, 0.003446, phon_R01_S01_3
116.68, 137.87, 111.37, 0.01, 0.00, 0.01, 0.01, 0.02, 0.05, 0.52, 0.03, 0.04, 0.04, 0.09, 0.01, 20.64, 1.00, 0.43, 0.82, -4.12, 0.33, 2.41, 0.37, 0.000603, 0.968587, 0.003584, 0.021518, 0.005707, phon_R01_S01_4
116.01, 141.78, 110.66, 0.01, 0.00, 0.01, 0.01, 0.02, 0.06, 0.58, 0.03, 0.05, 0.04, 0.10, 0.02, 19.65, 1.00, 0.42, 0.82, -3.75, 0.23, 2.33, 0.41, 0.000962, 0.947416, 0.005700, 0.036626, 0.009296, phon_R01_S01_5
120.55, 131.16, 113.79, 0.01, 0.00, 0.00, 0.01, 0.01, 0.05, 0.46, 0.02, 0.04, 0.03, 0.07, 0.01, 21.38, 1.00, 0.42, 0.83, -4.24, 0.30, 2.19, 0.36, 0.000699, 0.965737, 0.004273, 0.022780, 0.006510, phon_R01_S01_6
120.27, 137.24, 114.82, 0.00, 0.00, 0.00, 0.00, 0.00, 0.02, 0.14, 0.01, 0.01, 0.01, 0.02, 0.01, 24.89, 1.00, 0.60, 0.76, -5.63, 0.26, 1.85, 0.21, 0.001041, 0.945242, 0.006501, 0.037133, 0.010083, phon_R01_S02_1
107.33, 113.84, 104.31, 0.00, 0.00, 0.00, 0.00, 0.00, 0.02, 0.13, 0.01, 0.01, 0.01, 0.02, 0.00, 26.89, 1.00, 0.64, 0.76, -6.17, 0.18, 2.06, 0.16, 0.002276, 0.917916, 0.011583, 0.051070, 0.017155, phon_R01_S02_2
95.73, 132.07, 91.75, 0.01, 0.00, 0.00, 0.00, 0.01, 0.02, 0.19, 0.01, 0.01, 0.02, 0.03, 0.01, 21.81, 1.00, 0.62, 0.77, -5.50, 0.33, 2.32, 0.23, 0.003183, 0.877294, 0.014367, 0.081110, 0.024046, phon_R01_S02_3
95.06, 120.10, 91.23, 0.01, 0.00, 0.00, 0.00, 0.01, 0.03, 0.26, 0.01, 0.02, 0.02, 0.04, 0.01, 21.86, 1.00, 0.55, 0.80, -5.01, 0.33, 2.43, 0.27, 0.003875, 0.867235, 0.017208, 0.084216, 0.027465, phon_R01_S02_4
88.33, 112.24, 84.07, 0.01, 0.00, 0.00, 0.00, 0.01, 0.02, 0.20, 0.01, 0.01, 0.02, 0.03, 0.01, 21.12, 1.00, 0.61, 0.78, -5.25, 0.39, 2.41, 0.25, 0.007016, 0.791307, 0.028690, 0.127678, 0.045309, phon_R01_S02_5
91.90, 115.87, 86.29, 0.01, 0.00, 0.00, 0.00, 0.01, 0.03, 0.25, 0.01, 0.02, 0.02, 0.04, 0.01, 21.41, 1.00, 0.58, 0.79, -4.96, 0.36, 2.64, 0.28, 0.005548, 0.823414, 0.023463, 0.110106, 0.037470, phon_R01_S02_6
136.93, 159.87, 131.28, 0.00, 0.00, 0.00, 0.00, 0.00, 0.01, 0.11, 0.01, 0.01, 0.01, 0.02, 0.01, 25.70, 1.00, 0.46, 0.65, -6.55, 0.15, 2.04, 0.14, 0.007171, 0.506257, 0.063043, 0.329765, 0.093765, phon_R01_S04_1
139.17, 179.14, 76.56, 0.00, 0.00, 0.00, 0.00, 0.00, 0.02, 0.15, 0.01, 0.01, 0.02, 0.02, 0.01, 24.89, 1.00, 0.43, 0.67, -5.66, 0.25, 2.52, 0.20, 0.002492, 0.087798, 0.013053, 0.853721, 0.042936, phon_R01_S04_2
152.84, 163.31, 75.84, 0.00, 0.00, 0.00, 0.00, 0.00, 0.02, 0.16, 0.01, 0.01, 0.01, 0.03, 0.01, 24.92, 1.00, 0.47, 0.65, -6.11, 0.20, 2.13, 0.17, 0.003860, 0.168032, 0.021941, 0.739652, 0.066515, phon_R01_S04_3
142.17, 217.46, 83.16, 0.00, 0.00, 0.00, 0.00, 0.00, 0.02, 0.13, 0.01, 0.01, 0.01, 0.02, 0.01, 25.18, 1.00, 0.57, 0.66, -5.34, 0.21, 2.21, 0.23, 0.007267, 0.084381, 0.037302, 0.678499, 0.192552, phon_R01_S04_4
144.19, 349.26, 82.76, 0.01, 0.00, 0.00, 0.00, 0.01, 0.02, 0.19, 0.01, 0.01, 0.02, 0.03, 0.02, 22.33, 1.00, 0.57, 0.64, -5.44, 0.24, 2.26, 0.22, 0.167231, 0.113124, 0.167411, 0.208366, 0.343869, phon_R01_S04_5
168.78, 232.18, 75.60, 0.01, 0.00, 0.00, 0.00, 0.01, 0.03, 0.35, 0.01, 0.02, 0.03, 0.04, 0.03, 20.38, 1.00, 0.63, 0.61, -2.93, 0.43, 3.01, 0.43, 0.008717, 0.057489, 0.044512, 0.324880, 0.564403, phon_R01_S04_6
153.05, 175.83, 68.62, 0.01, 0.00, 0.00, 0.00, 0.01, 0.06, 0.54, 0.02, 0.04, 0.06, 0.07, 0.03, 17.28, 1.00, 0.67, 0.72, -3.95, 0.36, 3.11, 0.38, 0.003108, 0.086507, 0.016284, 0.834012, 0.060090, phon_R01_S05_1
156.41, 189.40, 142.82, 0.01, 0.00, 0.00, 0.00, 0.01, 0.04, 0.35, 0.02, 0.02, 0.04, 0.05, 0.03, 17.15, 1.00, 0.65, 0.69, -4.55, 0.34, 2.86, 0.32, 0.010986, 0.203027, 0.155205, 0.408480, 0.222302, phon_R01_S05_2
153.85, 165.74, 65.78, 0.01, 0.00, 0.00, 0.00, 0.01, 0.04, 0.33, 0.02, 0.02, 0.04, 0.05, 0.04, 17.54, 1.00, 0.66, 0.70, -4.10, 0.26, 2.74, 0.37, 0.004930, 0.164200, 0.025388, 0.722596, 0.082887, phon_R01_S05_3
153.88, 172.86, 78.13, 0.00, 0.00, 0.00, 0.00, 0.01, 0.04, 0.37, 0.02, 0.03, 0.05, 0.06, 0.02, 19.49, 1.00, 0.63, 0.70, -5.19, 0.24, 2.56, 0.26, 0.001947, 0.066560, 0.011388, 0.880736, 0.039369, phon_R01_S05_4
167.93, 193.22, 79.07, 0.00, 0.00, 0.00, 0.00, 0.01, 0.04, 0.38, 0.02, 0.03, 0.04, 0.07, 0.01, 22.47, 1.00, 0.62, 0.68, -4.33, 0.26, 2.92, 0.29, 0.002464, 0.040109, 0.015494, 0.851106, 0.090828, phon_R01_S05_5
173.92, 192.74, 86.18, 0.00, 0.00, 0.00, 0.00, 0.01, 0.04, 0.36, 0.02, 0.02, 0.04, 0.07, 0.02, 20.42, 1.00, 0.54, 0.69, -5.25, 0.21, 2.55, 0.25, 0.003283, 0.051572, 0.023524, 0.776158, 0.145464, phon_R01_S05_6
163.66, 200.84, 76.78, 0.01, 0.00, 0.00, 0.00, 0.01, 0.02, 0.16, 0.01, 0.01, 0.01, 0.02, 0.02, 23.83, 1.00, 0.40, 0.73, -5.56, 0.22, 2.69, 0.22, 0.003078, 0.043516, 0.018017, 0.818724, 0.116665, phon_R01_S06_1
104.40, 206.00, 77.97, 0.01, 0.00, 0.00, 0.00, 0.01, 0.04, 0.38, 0.02, 0.02, 0.04, 0.05, 0.03, 22.07, 1.00, 0.52, 0.74, -5.57, 0.24, 2.85, 0.22, 0.014045, 0.236951, 0.054176, 0.545648, 0.149180, phon_R01_S06_2
171.04, 208.31, 75.50, 0.00, 0.00, 0.00, 0.00, 0.01, 0.02, 0.19, 0.01, 0.01, 0.02, 0.03, 0.01, 25.91, 1.00, 0.42, 0.72, -6.18, 0.23, 2.59, 0.15, 0.005500, 0.059731, 0.032228, 0.619217, 0.283323, phon_R01_S06_3
146.84, 208.70, 81.74, 0.00, 0.00, 0.00, 0.00, 0.01, 0.02, 0.20, 0.01, 0.01, 0.02, 0.03, 0.01, 25.12, 1.00, 0.36, 0.73, -6.27, 0.20, 2.31, 0.16, 0.004109, 0.058024, 0.022325, 0.798731, 0.116811, phon_R01_S06_4
155.36, 227.38, 80.06, 0.00, 0.00, 0.00, 0.00, 0.00, 0.02, 0.16, 0.01, 0.01, 0.02, 0.02, 0.01, 25.97, 1.00, 0.47, 0.68, -7.12, 0.28, 2.24, 0.11, 0.009094, 0.074542, 0.046766, 0.496337, 0.373261, phon_R01_S06_5
162.57, 198.35, 77.63, 0.01, 0.00, 0.00, 0.00, 0.01, 0.02, 0.17, 0.01, 0.01, 0.02, 0.02, 0.01, 25.68, 1.00, 0.43, 0.72, -6.64, 0.21, 1.96, 0.14, 0.002507, 0.038321, 0.014846, 0.855207, 0.089118, phon_R01_S06_6
197.08, 206.90, 192.06, 0.00, 0.00, 0.00, 0.00, 0.00, 0.01, 0.10, 0.01, 0.01, 0.01, 0.02, 0.00, 26.77, 0.00, 0.42, 0.74, -7.35, 0.18, 1.74, 0.09, 0.006593, 0.038980, 0.816772, 0.057369, 0.080287, phon_R01_S07_1
199.23, 209.51, 192.09, 0.00, 0.00, 0.00, 0.00, 0.00, 0.01, 0.09, 0.01, 0.01, 0.01, 0.02, 0.00, 30.94, 0.00, 0.43, 0.74, -7.68, 0.17, 2.10, 0.07, 0.005782, 0.032456, 0.843301, 0.048367, 0.070093, phon_R01_S07_2
198.38, 215.20, 193.10, 0.00, 0.00, 0.00, 0.00, 0.00, 0.01, 0.11, 0.01, 0.01, 0.01, 0.02, 0.00, 30.77, 0.00, 0.47, 0.74, -7.07, 0.18, 1.51, 0.10, 0.004674, 0.024327, 0.878749, 0.036814, 0.055436, phon_R01_S07_3
202.27, 211.60, 197.08, 0.00, 0.00, 0.00, 0.00, 0.00, 0.01, 0.09, 0.00, 0.01, 0.01, 0.01, 0.00, 32.68, 0.00, 0.37, 0.74, -7.70, 0.18, 1.54, 0.06, 0.004586, 0.023726, 0.886225, 0.034644, 0.050819, phon_R01_S07_4
203.18, 211.53, 196.16, 0.00, 0.00, 0.00, 0.00, 0.00, 0.01, 0.09, 0.00, 0.01, 0.01, 0.01, 0.00, 33.05, 0.00, 0.34, 0.74, -7.96, 0.16, 1.42, 0.04, 0.004536, 0.023478, 0.886477, 0.034490, 0.051019, phon_R01_S07_5
201.46, 210.56, 195.71, 0.00, 0.00, 0.00, 0.00, 0.00, 0.01, 0.11, 0.01, 0.01, 0.01, 0.02, 0.00, 31.73, 0.00, 0.34, 0.74, -7.78, 0.17, 2.45, 0.06, 0.004930, 0.026234, 0.874315, 0.038453, 0.056068, phon_R01_S07_6
177.88, 192.92, 168.01, 0.00, 0.00, 0.00, 0.00, 0.01, 0.02, 0.19, 0.01, 0.01, 0.02, 0.03, 0.01, 23.22, 1.00, 0.36, 0.78, -6.15, 0.22, 2.48, 0.17, 0.013033, 0.135842, 0.414007, 0.215576, 0.221542, phon_R01_S08_1
176.17, 185.60, 163.56, 0.00, 0.00, 0.00, 0.00, 0.01, 0.02, 0.17, 0.01, 0.01, 0.01, 0.03, 0.00, 24.95, 1.00, 0.34, 0.78, -6.01, 0.20, 2.54, 0.17, 0.013198, 0.164964, 0.341039, 0.253935, 0.226865, phon_R01_S08_2
180.20, 201.25, 175.46, 0.00, 0.00, 0.00, 0.00, 0.00, 0.01, 0.13, 0.01, 0.01, 0.01, 0.02, 0.00, 26.74, 1.00, 0.40, 0.77, -6.45, 0.21, 2.27, 0.14, 0.012227, 0.101910, 0.534953, 0.160554, 0.190356, phon_R01_S08_3
187.73, 202.32, 173.01, 0.00, 0.00, 0.00, 0.00, 0.01, 0.02, 0.15, 0.01, 0.01, 0.01, 0.02, 0.00, 26.31, 1.00, 0.40, 0.76, -6.01, 0.27, 2.38, 0.16, 0.011085, 0.086931, 0.569805, 0.143798, 0.188381, phon_R01_S08_4
186.16, 197.72, 177.58, 0.00, 0.00, 0.00, 0.00, 0.00, 0.01, 0.14, 0.01, 0.01, 0.01, 0.02, 0.00, 26.82, 1.00, 0.33, 0.77, -6.65, 0.20, 2.37, 0.13, 0.011539, 0.094565, 0.574199, 0.144854, 0.174842, phon_R01_S08_5
184.06, 196.54, 166.98, 0.00, 0.00, 0.00, 0.00, 0.00, 0.01, 0.13, 0.01, 0.01, 0.01, 0.02, 0.00, 26.45, 1.00, 0.31, 0.76, -7.04, 0.06, 2.36, 0.12, 0.012269, 0.114439, 0.456156, 0.192505, 0.224630, phon_R01_S08_6
237.23, 247.33, 225.23, 0.00, 0.00, 0.00, 0.00, 0.01, 0.02, 0.16, 0.01, 0.01, 0.01, 0.03, 0.01, 22.74, 0.00, 0.31, 0.65, -7.31, 0.10, 2.42, 0.10, 0.011348, 0.028496, 0.851396, 0.040476, 0.068285, phon_R01_S10_1
241.40, 248.83, 232.48, 0.00, 0.00, 0.00, 0.00, 0.00, 0.02, 0.15, 0.01, 0.01, 0.01, 0.03, 0.01, 23.14, 0.00, 0.46, 0.63, -6.79, 0.16, 2.26, 0.12, 0.015643, 0.037216, 0.810475, 0.051695, 0.084972, phon_R01_S10_2
243.44, 250.91, 232.44, 0.00, 0.00, 0.00, 0.00, 0.00, 0.01, 0.13, 0.01, 0.01, 0.01, 0.02, 0.00, 25.37, 0.00, 0.44, 0.64, -7.06, 0.09, 2.33, 0.09, 0.016924, 0.039127, 0.799248, 0.054501, 0.090200, phon_R01_S10_3
242.85, 255.03, 227.91, 0.00, 0.00, 0.00, 0.00, 0.00, 0.01, 0.13, 0.01, 0.01, 0.01, 0.03, 0.00, 25.03, 0.00, 0.43, 0.64, -7.00, 0.10, 2.37, 0.10, 0.016625, 0.037369, 0.802359, 0.053095, 0.090551, phon_R01_S10_4
245.51, 262.09, 231.85, 0.00, 0.00, 0.00, 0.00, 0.00, 0.02, 0.14, 0.01, 0.01, 0.01, 0.03, 0.00, 24.60, 0.00, 0.47, 0.63, -7.16, 0.13, 2.39, 0.10, 0.021964, 0.044987, 0.761349, 0.063584, 0.108116, phon_R01_S10_5
252.46, 261.49, 182.79, 0.00, 0.00, 0.00, 0.00, 0.00, 0.01, 0.10, 0.01, 0.01, 0.01, 0.02, 0.00, 26.80, 0.00, 0.61, 0.64, -7.32, 0.20, 2.03, 0.09, 0.019762, 0.044138, 0.692472, 0.073963, 0.169665, phon_R01_S10_6
122.19, 128.61, 115.77, 0.01, 0.00, 0.00, 0.00, 0.01, 0.02, 0.14, 0.01, 0.01, 0.01, 0.03, 0.01, 23.16, 0.00, 0.58, 0.73, -6.44, 0.27, 2.08, 0.13, 0.001086, 0.948352, 0.006764, 0.033759, 0.010040, phon_R01_S13_1
122.96, 130.05, 114.68, 0.00, 0.00, 0.00, 0.00, 0.00, 0.02, 0.15, 0.01, 0.01, 0.01, 0.03, 0.00, 24.97, 0.00, 0.54, 0.75, -6.48, 0.26, 2.05, 0.13, 0.001008, 0.950476, 0.006288, 0.032742, 0.009486, phon_R01_S13_2
124.44, 135.07, 117.50, 0.00, 0.00, 0.00, 0.00, 0.00, 0.02, 0.20, 0.01, 0.01, 0.02, 0.04, 0.00, 25.14, 0.00, 0.55, 0.78, -6.65, 0.25, 1.84, 0.10, 0.001575, 0.917528, 0.010276, 0.055109, 0.015512, phon_R01_S13_3
126.34, 134.23, 112.77, 0.00, 0.00, 0.00, 0.00, 0.00, 0.02, 0.18, 0.01, 0.01, 0.02, 0.03, 0.00, 25.03, 0.00, 0.51, 0.76, -6.69, 0.29, 2.43, 0.11, 0.001139, 0.937518, 0.007260, 0.042652, 0.011431, phon_R01_S13_4
128.00, 138.05, 122.08, 0.00, 0.00, 0.00, 0.00, 0.00, 0.02, 0.21, 0.01, 0.01, 0.02, 0.04, 0.00, 24.69, 0.00, 0.46, 0.77, -7.07, 0.22, 1.97, 0.12, 0.002798, 0.848133, 0.019557, 0.100709, 0.028804, phon_R01_S13_5
129.34, 139.87, 118.60, 0.00, 0.00, 0.00, 0.00, 0.00, 0.02, 0.23, 0.01, 0.01, 0.02, 0.04, 0.00, 25.43, 0.00, 0.42, 0.79, -6.84, 0.27, 2.22, 0.15, 0.002545, 0.850986, 0.017608, 0.101707, 0.027155, phon_R01_S13_6
108.81, 134.66, 102.87, 0.01, 0.00, 0.00, 0.00, 0.01, 0.03, 0.26, 0.01, 0.02, 0.02, 0.04, 0.01, 21.03, 1.00, 0.54, 0.82, -4.65, 0.21, 1.99, 0.32, 0.000445, 0.979186, 0.002348, 0.014171, 0.003851, phon_R01_S16_1
109.86, 126.36, 104.44, 0.01, 0.00, 0.00, 0.01, 0.01, 0.03, 0.31, 0.02, 0.02, 0.02, 0.05, 0.01, 20.77, 1.00, 0.56, 0.81, -4.33, 0.22, 2.01, 0.34, 0.000467, 0.980090, 0.002472, 0.013097, 0.003874, phon_R01_S16_2
110.42, 131.07, 103.37, 0.01, 0.00, 0.00, 0.01, 0.01, 0.04, 0.33, 0.02, 0.02, 0.03, 0.06, 0.01, 21.42, 1.00, 0.54, 0.82, -4.44, 0.24, 1.92, 0.34, 0.000250, 0.988607, 0.001328, 0.007671, 0.002144, phon_R01_S16_3
117.27, 129.92, 110.40, 0.01, 0.00, 0.00, 0.00, 0.01, 0.02, 0.22, 0.01, 0.01, 0.02, 0.04, 0.01, 22.82, 1.00, 0.53, 0.82, -4.61, 0.29, 2.02, 0.31, 0.000293, 0.986116, 0.001706, 0.009245, 0.002639, phon_R01_S16_4
116.88, 131.90, 108.15, 0.01, 0.00, 0.00, 0.00, 0.01, 0.03, 0.27, 0.01, 0.02, 0.02, 0.04, 0.01, 22.60, 1.00, 0.54, 0.81, -4.48, 0.26, 1.83, 0.33, 0.000123, 0.993981, 0.000705, 0.004072, 0.001120, phon_R01_S16_5
114.85, 271.31, 104.68, 0.01, 0.00, 0.00, 0.01, 0.01, 0.03, 0.35, 0.02, 0.02, 0.03, 0.05, 0.01, 21.66, 1.00, 0.55, 0.82, -4.61, 0.22, 1.83, 0.32, 0.042029, 0.146771, 0.137843, 0.324045, 0.349311, phon_R01_S16_6
209.14, 237.49, 109.38, 0.00, 0.00, 0.00, 0.00, 0.00, 0.02, 0.17, 0.01, 0.01, 0.01, 0.03, 0.01, 25.55, 0.00, 0.34, 0.68, -7.04, 0.07, 2.46, 0.10, 0.002785, 0.012738, 0.030568, 0.040205, 0.913704, phon_R01_S17_1
223.37, 238.99, 98.66, 0.00, 0.00, 0.00, 0.00, 0.00, 0.02, 0.17, 0.01, 0.01, 0.01, 0.03, 0.00, 26.14, 0.00, 0.45, 0.69, -7.29, 0.09, 2.32, 0.10, 0.006337, 0.025256, 0.055946, 0.073674, 0.838787, phon_R01_S17_2
222.24, 231.34, 205.50, 0.00, 0.00, 0.00, 0.00, 0.00, 0.02, 0.14, 0.01, 0.01, 0.01, 0.03, 0.00, 25.86, 0.00, 0.36, 0.69, -6.97, 0.10, 2.28, 0.10, 0.000803, 0.002783, 0.985038, 0.004169, 0.007207, phon_R01_S17_3
228.83, 234.62, 223.63, 0.00, 0.00, 0.00, 0.00, 0.01, 0.02, 0.14, 0.01, 0.01, 0.01, 0.03, 0.00, 25.96, 0.00, 0.26, 0.68, -7.25, 0.02, 2.50, 0.09, 0.006305, 0.018894, 0.905940, 0.026382, 0.042479, phon_R01_S17_4
229.40, 252.22, 221.16, 0.00, 0.00, 0.00, 0.00, 0.00, 0.01, 0.13, 0.01, 0.01, 0.01, 0.02, 0.00, 26.41, 0.00, 0.28, 0.67, -7.50, 0.06, 2.00, 0.07, 0.009733, 0.024168, 0.870549, 0.035051, 0.060499, phon_R01_S17_5
228.97, 239.54, 113.20, 0.00, 0.00, 0.00, 0.00, 0.00, 0.02, 0.15, 0.01, 0.01, 0.01, 0.03, 0.00, 24.55, 0.00, 0.31, 0.68, -7.31, 0.01, 2.12, 0.09, 0.009754, 0.037061, 0.116228, 0.097018, 0.739938, phon_R01_S17_6
140.34, 159.77, 67.02, 0.01, 0.00, 0.00, 0.00, 0.01, 0.03, 0.31, 0.02, 0.02, 0.02, 0.05, 0.02, 19.56, 1.00, 0.46, 0.72, -5.41, 0.23, 2.36, 0.23, 0.005642, 0.286919, 0.027542, 0.602913, 0.076983, phon_R01_S18_1
136.97, 166.61, 66.00, 0.01, 0.00, 0.01, 0.00, 0.02, 0.03, 0.31, 0.02, 0.02, 0.03, 0.05, 0.03, 19.98, 1.00, 0.50, 0.73, -5.32, 0.21, 2.29, 0.23, 0.005423, 0.235129, 0.025649, 0.658496, 0.075303, phon_R01_S18_2
143.53, 162.22, 65.81, 0.01, 0.00, 0.01, 0.00, 0.02, 0.05, 0.48, 0.03, 0.02, 0.03, 0.09, 0.05, 20.34, 1.00, 0.51, 0.73, -5.87, 0.15, 2.12, 0.19, 0.005451, 0.239093, 0.026737, 0.650257, 0.078461, phon_R01_S18_3
148.09, 162.82, 67.34, 0.01, 0.00, 0.00, 0.00, 0.01, 0.05, 0.50, 0.03, 0.02, 0.04, 0.10, 0.02, 21.72, 1.00, 0.49, 0.73, -6.26, 0.12, 2.14, 0.14, 0.005001, 0.206105, 0.025477, 0.686316, 0.077101, phon_R01_S18_4
142.73, 162.41, 65.48, 0.01, 0.00, 0.00, 0.00, 0.01, 0.03, 0.36, 0.02, 0.02, 0.03, 0.06, 0.03, 20.26, 1.00, 0.49, 0.73, -5.72, 0.16, 2.28, 0.18, 0.005519, 0.242250, 0.026870, 0.646677, 0.078684, phon_R01_S18_5
136.36, 176.59, 65.75, 0.01, 0.00, 0.01, 0.00, 0.02, 0.05, 0.48, 0.03, 0.02, 0.04, 0.08, 0.03, 18.57, 1.00, 0.54, 0.73, -5.21, 0.22, 2.64, 0.24, 0.004826, 0.157101, 0.022398, 0.743247, 0.072428, phon_R01_S18_6
120.08, 139.71, 111.21, 0.00, 0.00, 0.00, 0.00, 0.01, 0.02, 0.15, 0.01, 0.01, 0.01, 0.03, 0.00, 25.74, 1.00, 0.50, 0.76, -5.79, 0.33, 2.21, 0.19, 0.000883, 0.950702, 0.005391, 0.034295, 0.008730, phon_R01_S19_1
112.01, 588.52, 107.02, 0.01, 0.00, 0.00, 0.00, 0.01, 0.02, 0.23, 0.01, 0.01, 0.02, 0.04, 0.01, 24.18, 1.00, 0.51, 0.79, -5.39, 0.31, 1.93, 0.23, 0.895534, 0.019787, 0.028028, 0.025313, 0.031337, phon_R01_S19_2
110.79, 128.10, 107.32, 0.00, 0.00, 0.00, 0.00, 0.01, 0.02, 0.22, 0.01, 0.01, 0.02, 0.04, 0.00, 25.44, 1.00, 0.44, 0.82, -5.31, 0.20, 2.23, 0.24, 0.000428, 0.981391, 0.002331, 0.012241, 0.003609, phon_R01_S19_3
110.71, 122.61, 105.01, 0.01, 0.00, 0.00, 0.00, 0.01, 0.02, 0.21, 0.01, 0.01, 0.02, 0.04, 0.00, 25.20, 1.00, 0.46, 0.81, -5.48, 0.32, 1.86, 0.23, 0.000758, 0.968886, 0.004023, 0.020152, 0.006181, phon_R01_S19_4
112.88, 148.83, 106.98, 0.01, 0.00, 0.00, 0.00, 0.01, 0.04, 0.35, 0.02, 0.02, 0.03, 0.07, 0.01, 23.37, 1.00, 0.49, 0.79, -5.78, 0.34, 2.01, 0.19, 0.001911, 0.887828, 0.010890, 0.080569, 0.018801, phon_R01_S19_5
110.57, 125.39, 106.82, 0.00, 0.00, 0.00, 0.00, 0.01, 0.02, 0.20, 0.01, 0.01, 0.02, 0.04, 0.00, 25.82, 1.00, 0.43, 0.82, -5.39, 0.25, 1.78, 0.23, 0.000596, 0.974936, 0.003213, 0.016323, 0.004932, phon_R01_S19_6
95.39, 102.14, 90.26, 0.01, 0.00, 0.00, 0.00, 0.01, 0.03, 0.26, 0.02, 0.02, 0.02, 0.05, 0.01, 21.88, 1.00, 0.64, 0.78, -5.12, 0.25, 2.02, 0.26, 0.006586, 0.806014, 0.028535, 0.115978, 0.042887, phon_R01_S20_1
100.77, 115.70, 85.55, 0.01, 0.00, 0.01, 0.01, 0.02, 0.03, 0.36, 0.02, 0.02, 0.02, 0.05, 0.02, 19.20, 1.00, 0.59, 0.79, -4.91, 0.27, 2.40, 0.28, 0.004201, 0.853575, 0.018547, 0.093366, 0.030310, phon_R01_S20_2
96.11, 108.66, 84.51, 0.01, 0.00, 0.00, 0.00, 0.01, 0.04, 0.36, 0.02, 0.02, 0.03, 0.07, 0.02, 19.05, 1.00, 0.54, 0.77, -4.44, 0.16, 2.65, 0.33, 0.006048, 0.811568, 0.025709, 0.116020, 0.040656, phon_R01_S20_3
95.61, 107.72, 87.55, 0.01, 0.00, 0.00, 0.00, 0.01, 0.03, 0.30, 0.02, 0.02, 0.02, 0.05, 0.02, 19.66, 1.00, 0.58, 0.78, -5.13, 0.21, 2.23, 0.26, 0.005863, 0.819066, 0.025245, 0.110623, 0.039203, phon_R01_S20_4
100.96, 110.02, 95.63, 0.01, 0.00, 0.00, 0.00, 0.01, 0.02, 0.22, 0.01, 0.01, 0.02, 0.04, 0.01, 20.54, 1.00, 0.55, 0.79, -5.02, 0.15, 2.43, 0.26, 0.003862, 0.871923, 0.017932, 0.079024, 0.027259, phon_R01_S20_5
98.80, 102.31, 87.80, 0.00, 0.00, 0.00, 0.00, 0.01, 0.02, 0.20, 0.01, 0.01, 0.02, 0.04, 0.01, 22.24, 1.00, 0.58, 0.77, -6.03, 0.08, 2.05, 0.18, 0.006319, 0.808517, 0.027508, 0.115595, 0.042061, phon_R01_S20_6
176.86, 205.56, 75.34, 0.01, 0.00, 0.00, 0.00, 0.01, 0.05, 0.43, 0.03, 0.03, 0.04, 0.08, 0.05, 13.89, 1.00, 0.56, 0.73, -5.29, 0.34, 3.10, 0.24, 0.005891, 0.063268, 0.035643, 0.571405, 0.323792, phon_R01_S21_1
180.98, 200.13, 155.50, 0.00, 0.00, 0.00, 0.00, 0.01, 0.04, 0.33, 0.02, 0.02, 0.03, 0.06, 0.03, 16.18, 1.00, 0.58, 0.73, -5.66, 0.32, 3.10, 0.20, 0.012143, 0.120929, 0.338469, 0.242117, 0.286342, phon_R01_S21_2
178.22, 202.45, 141.05, 0.00, 0.00, 0.00, 0.00, 0.00, 0.04, 0.33, 0.02, 0.02, 0.03, 0.06, 0.03, 15.92, 1.00, 0.60, 0.71, -6.37, 0.34, 2.65, 0.14, 0.010718, 0.116813, 0.210650, 0.306923, 0.354896, phon_R01_S21_3
176.28, 227.38, 125.61, 0.01, 0.00, 0.00, 0.00, 0.01, 0.07, 0.58, 0.04, 0.04, 0.05, 0.11, 0.05, 13.92, 1.00, 0.60, 0.74, -5.52, 0.30, 3.14, 0.22, 0.008541, 0.060727, 0.113007, 0.214433, 0.603292, phon_R01_S21_4
173.90, 211.35, 74.68, 0.00, 0.00, 0.00, 0.00, 0.01, 0.07, 0.65, 0.04, 0.04, 0.05, 0.11, 0.04, 14.74, 1.00, 0.60, 0.74, -5.78, 0.30, 3.01, 0.19, 0.006284, 0.061519, 0.036367, 0.532001, 0.363829, phon_R01_S21_5
179.71, 225.93, 144.88, 0.01, 0.00, 0.00, 0.00, 0.01, 0.04, 0.44, 0.02, 0.03, 0.03, 0.07, 0.07, 11.87, 1.00, 0.59, 0.75, -4.38, 0.38, 3.67, 0.33, 0.012106, 0.080255, 0.264562, 0.205232, 0.437845, phon_R01_S21_6
166.60, 206.01, 78.03, 0.01, 0.00, 0.00, 0.00, 0.01, 0.07, 0.63, 0.04, 0.04, 0.05, 0.11, 0.09, 11.74, 1.00, 0.65, 0.73, -4.51, 0.39, 3.32, 0.30, 0.004697, 0.056666, 0.027769, 0.701173, 0.209695, phon_R01_S21_7
151.96, 163.34, 147.23, 0.00, 0.00, 0.00, 0.00, 0.01, 0.08, 0.77, 0.04, 0.05, 0.06, 0.13, 0.02, 19.66, 1.00, 0.50, 0.71, -6.41, 0.21, 2.34, 0.13, 0.010744, 0.358612, 0.131280, 0.347894, 0.151470, phon_R01_S22_1
148.27, 164.99, 142.30, 0.00, 0.00, 0.00, 0.00, 0.01, 0.04, 0.38, 0.02, 0.03, 0.03, 0.07, 0.02, 18.78, 1.00, 0.45, 0.73, -5.95, 0.09, 2.34, 0.19, 0.009798, 0.371207, 0.110263, 0.367463, 0.141269, phon_R01_S22_2
152.13, 161.47, 76.60, 0.00, 0.00, 0.00, 0.00, 0.01, 0.06, 0.64, 0.03, 0.04, 0.04, 0.10, 0.01, 20.97, 1.00, 0.45, 0.70, -6.15, 0.17, 2.08, 0.16, 0.004021, 0.189763, 0.022918, 0.715802, 0.067496, phon_R01_S22_3
157.82, 172.97, 68.40, 0.00, 0.00, 0.00, 0.00, 0.01, 0.04, 0.31, 0.02, 0.02, 0.03, 0.06, 0.01, 22.22, 1.00, 0.50, 0.71, -6.25, 0.19, 2.14, 0.16, 0.003549, 0.097904, 0.019105, 0.809058, 0.070384, phon_R01_S22_4
157.45, 163.27, 149.60, 0.00, 0.00, 0.00, 0.00, 0.01, 0.03, 0.28, 0.02, 0.02, 0.03, 0.05, 0.01, 21.69, 1.00, 0.45, 0.71, -6.25, 0.18, 2.34, 0.16, 0.011343, 0.330282, 0.151293, 0.342829, 0.164253, phon_R01_S22_5
159.12, 168.91, 144.81, 0.00, 0.00, 0.00, 0.00, 0.01, 0.03, 0.31, 0.02, 0.02, 0.03, 0.05, 0.01, 22.66, 1.00, 0.37, 0.69, -6.42, 0.19, 2.47, 0.15, 0.010670, 0.293467, 0.143378, 0.377733, 0.174752, phon_R01_S22_6
125.04, 143.95, 116.19, 0.01, 0.00, 0.01, 0.01, 0.02, 0.04, 0.34, 0.02, 0.02, 0.03, 0.06, 0.08, 15.34, 1.00, 0.63, 0.71, -4.02, 0.27, 2.67, 0.34, 0.002376, 0.856054, 0.015741, 0.100564, 0.025264, phon_R01_S24_1
125.79, 140.56, 96.21, 0.01, 0.00, 0.01, 0.01, 0.02, 0.05, 0.42, 0.03, 0.03, 0.04, 0.08, 0.10, 15.43, 1.00, 0.57, 0.69, -5.16, 0.20, 2.44, 0.26, 0.001550, 0.895268, 0.008776, 0.077957, 0.016449, phon_R01_S24_2
126.51, 141.76, 99.77, 0.02, 0.00, 0.01, 0.01, 0.03, 0.07, 0.66, 0.04, 0.04, 0.06, 0.11, 0.17, 12.44, 1.00, 0.64, 0.67, -3.76, 0.24, 2.63, 0.38, 0.001793, 0.878099, 0.010486, 0.090311, 0.019311, phon_R01_S24_3
125.64, 141.07, 116.35, 0.03, 0.00, 0.02, 0.02, 0.06, 0.09, 0.89, 0.05, 0.05, 0.06, 0.16, 0.31, 8.87, 1.00, 0.67, 0.66, -3.70, 0.26, 2.99, 0.37, 0.002762, 0.842409, 0.018156, 0.108006, 0.028667, phon_R01_S24_4
128.45, 150.45, 75.63, 0.02, 0.00, 0.01, 0.01, 0.03, 0.06, 0.58, 0.03, 0.04, 0.05, 0.10, 0.12, 15.06, 1.00, 0.64, 0.64, -4.20, 0.31, 2.64, 0.36, 0.005136, 0.556386, 0.025267, 0.354636, 0.058576, phon_R01_S24_5
139.22, 586.57, 66.16, 0.03, 0.00, 0.02, 0.02, 0.06, 0.09, 0.93, 0.06, 0.05, 0.06, 0.17, 0.26, 10.49, 1.00, 0.60, 0.64, -3.27, 0.27, 2.69, 0.44, 0.908726, 0.017122, 0.023768, 0.022331, 0.028053, phon_R01_S24_6
150.26, 154.61, 75.35, 0.00, 0.00, 0.00, 0.00, 0.00, 0.01, 0.11, 0.01, 0.01, 0.01, 0.02, 0.00, 26.76, 1.00, 0.30, 0.72, -6.88, 0.09, 2.00, 0.11, 0.005180, 0.294029, 0.028782, 0.594538, 0.077472, phon_R01_S25_1
154.00, 160.27, 128.62, 0.00, 0.00, 0.00, 0.00, 0.00, 0.01, 0.09, 0.00, 0.01, 0.01, 0.01, 0.00, 28.41, 1.00, 0.26, 0.69, -7.11, 0.14, 2.07, 0.09, 0.007718, 0.372959, 0.077743, 0.417819, 0.123761, phon_R01_S25_2
149.69, 160.37, 133.61, 0.00, 0.00, 0.00, 0.00, 0.00, 0.01, 0.13, 0.01, 0.01, 0.01, 0.02, 0.01, 27.42, 1.00, 0.37, 0.72, -7.00, 0.21, 1.99, 0.11, 0.008227, 0.403699, 0.083999, 0.381756, 0.122319, phon_R01_S25_3
155.08, 163.74, 144.15, 0.00, 0.00, 0.00, 0.00, 0.00, 0.01, 0.10, 0.01, 0.01, 0.01, 0.02, 0.00, 29.75, 1.00, 0.33, 0.68, -6.98, 0.18, 2.13, 0.11, 0.010447, 0.342957, 0.128303, 0.362839, 0.155454, phon_R01_S25_4
151.88, 157.76, 133.75, 0.00, 0.00, 0.00, 0.00, 0.00, 0.01, 0.14, 0.01, 0.01, 0.01, 0.02, 0.01, 26.83, 1.00, 0.39, 0.70, -6.60, 0.25, 2.50, 0.11, 0.008294, 0.411390, 0.085455, 0.372362, 0.122498, phon_R01_S25_5
151.99, 157.34, 132.86, 0.00, 0.00, 0.00, 0.00, 0.00, 0.01, 0.09, 0.00, 0.01, 0.01, 0.01, 0.00, 29.93, 1.00, 0.31, 0.68, -6.74, 0.16, 2.30, 0.12, 0.008246, 0.413838, 0.083945, 0.372469, 0.121501, phon_R01_S25_6
193.03, 208.90, 80.30, 0.01, 0.00, 0.00, 0.00, 0.01, 0.03, 0.28, 0.02, 0.02, 0.02, 0.05, 0.01, 21.93, 1.00, 0.50, 0.74, -5.85, 0.28, 2.61, 0.19, 0.006112, 0.052444, 0.042517, 0.301829, 0.597098, phon_R01_S26_1
200.71, 223.98, 89.69, 0.01, 0.00, 0.00, 0.00, 0.01, 0.02, 0.21, 0.01, 0.01, 0.02, 0.04, 0.01, 23.24, 1.00, 0.44, 0.73, -5.26, 0.26, 2.55, 0.23, 0.002187, 0.013470, 0.017195, 0.057744, 0.909404, phon_R01_S26_2
208.52, 220.31, 199.02, 0.01, 0.00, 0.00, 0.00, 0.01, 0.02, 0.15, 0.01, 0.01, 0.01, 0.03, 0.01, 22.41, 1.00, 0.34, 0.71, -6.47, 0.18, 2.50, 0.14, 0.001328, 0.005874, 0.969807, 0.008820, 0.014172, phon_R01_S26_3
204.66, 221.30, 189.62, 0.01, 0.00, 0.01, 0.00, 0.02, 0.02, 0.21, 0.01, 0.01, 0.02, 0.04, 0.01, 21.30, 1.00, 0.50, 0.72, -4.88, 0.21, 2.38, 0.27, 0.002638, 0.012443, 0.931620, 0.019845, 0.033454, phon_R01_S26_4
210.14, 232.71, 185.26, 0.01, 0.00, 0.00, 0.00, 0.01, 0.02, 0.15, 0.01, 0.01, 0.01, 0.03, 0.01, 23.67, 1.00, 0.44, 0.72, -5.96, 0.25, 2.49, 0.18, 0.002207, 0.008806, 0.944988, 0.014876, 0.029124, phon_R01_S26_5
206.33, 226.35, 92.02, 0.00, 0.00, 0.00, 0.00, 0.01, 0.02, 0.21, 0.01, 0.01, 0.02, 0.03, 0.01, 21.86, 1.00, 0.33, 0.72, -6.73, 0.18, 2.94, 0.12, 0.001988, 0.011182, 0.016378, 0.043062, 0.927391, phon_R01_S26_6
151.87, 492.89, 69.08, 0.01, 0.00, 0.00, 0.00, 0.01, 0.02, 0.23, 0.01, 0.01, 0.01, 0.02, 0.06, 23.69, 1.00, 0.41, 0.66, -4.67, 0.26, 2.70, 0.27, 0.921271, 0.013522, 0.019997, 0.019167, 0.026043, phon_R01_S27_1
158.22, 442.56, 71.95, 0.00, 0.00, 0.00, 0.00, 0.01, 0.01, 0.15, 0.01, 0.01, 0.01, 0.02, 0.02, 26.36, 1.00, 0.45, 0.65, -6.05, 0.27, 2.64, 0.17, 0.656413, 0.054815, 0.084471, 0.083202, 0.121099, phon_R01_S27_2
170.76, 450.25, 79.03, 0.01, 0.00, 0.00, 0.00, 0.01, 0.02, 0.17, 0.01, 0.01, 0.02, 0.02, 0.02, 25.69, 1.00, 0.49, 0.68, -4.60, 0.37, 2.98, 0.28, 0.692338, 0.048362, 0.078396, 0.072974, 0.107930, phon_R01_S27_3
178.28, 442.82, 82.06, 0.00, 0.00, 0.00, 0.00, 0.00, 0.01, 0.13, 0.01, 0.01, 0.01, 0.02, 0.01, 25.02, 1.00, 0.47, 0.66, -4.91, 0.39, 2.82, 0.25, 0.632409, 0.056262, 0.094390, 0.086110, 0.130829, phon_R01_S27_4
217.12, 233.48, 93.98, 0.00, 0.00, 0.00, 0.00, 0.00, 0.01, 0.12, 0.01, 0.01, 0.01, 0.02, 0.01, 24.58, 1.00, 0.46, 0.58, -5.52, 0.39, 2.93, 0.22, 0.003901, 0.017773, 0.032622, 0.057337, 0.888366, phon_R01_S27_5
128.94, 479.70, 88.25, 0.01, 0.00, 0.00, 0.00, 0.01, 0.02, 0.22, 0.01, 0.01, 0.02, 0.03, 0.02, 24.74, 1.00, 0.49, 0.68, -6.19, 0.28, 2.69, 0.15, 0.884112, 0.020037, 0.029722, 0.028263, 0.037867, phon_R01_S27_6
176.82, 215.29, 83.96, 0.00, 0.00, 0.00, 0.00, 0.01, 0.01, 0.12, 0.01, 0.01, 0.01, 0.02, 0.01, 27.17, 1.00, 0.40, 0.66, -4.71, 0.28, 2.66, 0.23, 0.005640, 0.051383, 0.037491, 0.399313, 0.506173, phon_R01_S27_7
138.19, 203.52, 83.34, 0.01, 0.00, 0.00, 0.00, 0.01, 0.04, 0.44, 0.03, 0.03, 0.03, 0.08, 0.02, 18.30, 1.00, 0.54, 0.74, -5.42, 0.16, 2.09, 0.23, 0.003784, 0.066863, 0.019993, 0.825942, 0.083418, phon_R01_S31_1
182.02, 197.17, 79.19, 0.01, 0.00, 0.01, 0.00, 0.02, 0.03, 0.23, 0.01, 0.02, 0.02, 0.04, 0.02, 18.78, 1.00, 0.59, 0.73, -5.45, 0.14, 2.17, 0.22, 0.005470, 0.067157, 0.036736, 0.601339, 0.289298, phon_R01_S31_2
156.24, 195.11, 79.82, 0.01, 0.00, 0.00, 0.00, 0.01, 0.02, 0.22, 0.01, 0.01, 0.02, 0.04, 0.02, 19.20, 1.00, 0.62, 0.73, -5.94, 0.14, 1.93, 0.18, 0.001038, 0.018961, 0.006115, 0.942706, 0.031180, phon_R01_S31_3
145.17, 198.11, 80.64, 0.01, 0.00, 0.00, 0.00, 0.01, 0.02, 0.23, 0.01, 0.01, 0.02, 0.04, 0.02, 18.86, 1.00, 0.64, 0.74, -5.59, 0.13, 1.77, 0.22, 0.001757, 0.033659, 0.009629, 0.912117, 0.042839, phon_R01_S31_4
138.15, 197.24, 81.11, 0.01, 0.00, 0.00, 0.00, 0.01, 0.03, 0.25, 0.01, 0.02, 0.02, 0.04, 0.02, 18.18, 1.00, 0.62, 0.74, -5.54, 0.09, 1.82, 0.21, 0.002712, 0.057030, 0.014249, 0.869958, 0.056051, phon_R01_S31_5
166.89, 198.97, 79.51, 0.01, 0.00, 0.00, 0.00, 0.01, 0.03, 0.26, 0.02, 0.02, 0.02, 0.05, 0.02, 18.33, 1.00, 0.59, 0.74, -5.83, 0.12, 2.00, 0.20, 0.002945, 0.042531, 0.018267, 0.815390, 0.120867, phon_R01_S31_6
119.03, 127.53, 109.22, 0.00, 0.00, 0.00, 0.00, 0.01, 0.01, 0.10, 0.01, 0.01, 0.01, 0.02, 0.02, 26.84, 1.00, 0.46, 0.70, -6.89, 0.15, 2.33, 0.11, 0.000470, 0.977972, 0.002731, 0.014605, 0.004223, phon_R01_S32_1
120.08, 126.63, 105.67, 0.00, 0.00, 0.00, 0.00, 0.00, 0.01, 0.09, 0.00, 0.01, 0.01, 0.01, 0.00, 26.37, 1.00, 0.49, 0.72, -5.89, 0.20, 2.11, 0.18, 0.000367, 0.982493, 0.002096, 0.011723, 0.003322, phon_R01_S32_2
120.29, 128.14, 100.21, 0.00, 0.00, 0.00, 0.00, 0.01, 0.01, 0.13, 0.01, 0.01, 0.01, 0.02, 0.02, 23.95, 1.00, 0.47, 0.72, -6.14, 0.20, 2.54, 0.17, 0.000272, 0.986391, 0.001504, 0.009332, 0.002501, phon_R01_S32_3
120.26, 125.31, 104.77, 0.00, 0.00, 0.00, 0.00, 0.01, 0.02, 0.14, 0.01, 0.01, 0.01, 0.02, 0.01, 26.02, 1.00, 0.47, 0.74, -6.11, 0.22, 2.53, 0.17, 0.000434, 0.979592, 0.002455, 0.013625, 0.003894, phon_R01_S32_4
119.06, 125.21, 86.80, 0.00, 0.00, 0.00, 0.00, 0.01, 0.01, 0.11, 0.01, 0.01, 0.01, 0.02, 0.01, 23.39, 1.00, 0.47, 0.72, -5.44, 0.25, 2.52, 0.23, 0.001895, 0.909309, 0.009429, 0.062619, 0.016748, phon_R01_S32_5
118.75, 123.72, 109.84, 0.00, 0.00, 0.00, 0.00, 0.01, 0.01, 0.10, 0.00, 0.01, 0.01, 0.01, 0.01, 25.62, 1.00, 0.48, 0.72, -6.45, 0.18, 2.03, 0.14, 0.000698, 0.969002, 0.004029, 0.020175, 0.006096, phon_R01_S32_6
106.52, 112.78, 93.11, 0.01, 0.00, 0.00, 0.00, 0.01, 0.05, 0.44, 0.03, 0.03, 0.04, 0.08, 0.03, 17.06, 1.00, 0.64, 0.74, -5.30, 0.32, 2.38, 0.24, 0.003065, 0.889974, 0.014512, 0.069614, 0.022834, phon_R01_S33_1
110.45, 127.61, 105.55, 0.00, 0.00, 0.00, 0.00, 0.01, 0.04, 0.38, 0.02, 0.03, 0.03, 0.07, 0.03, 17.71, 1.00, 0.65, 0.71, -5.33, 0.32, 2.63, 0.23, 0.000464, 0.979886, 0.002486, 0.013270, 0.003894, phon_R01_S33_2
113.40, 133.34, 107.82, 0.00, 0.00, 0.00, 0.00, 0.01, 0.05, 0.43, 0.02, 0.03, 0.04, 0.07, 0.02, 19.01, 1.00, 0.65, 0.71, -4.38, 0.30, 2.45, 0.26, 0.000239, 0.988531, 0.001343, 0.007749, 0.002138, phon_R01_S33_3
113.17, 130.27, 100.67, 0.01, 0.00, 0.00, 0.00, 0.01, 0.05, 0.48, 0.03, 0.03, 0.04, 0.09, 0.04, 16.75, 1.00, 0.63, 0.71, -4.65, 0.30, 2.67, 0.27, 0.000325, 0.984680, 0.001726, 0.010421, 0.002848, phon_R01_S33_4
112.24, 126.61, 104.09, 0.00, 0.00, 0.00, 0.00, 0.01, 0.06, 0.52, 0.03, 0.04, 0.04, 0.09, 0.03, 17.37, 1.00, 0.64, 0.70, -5.63, 0.31, 2.42, 0.21, 0.000408, 0.982043, 0.002190, 0.011896, 0.003462, phon_R01_S33_5
116.15, 131.73, 109.81, 0.00, 0.00, 0.00, 0.00, 0.01, 0.03, 0.27, 0.02, 0.02, 0.03, 0.05, 0.02, 18.80, 1.00, 0.62, 0.70, -5.87, 0.23, 2.45, 0.18, 0.000286, 0.986245, 0.001654, 0.009228, 0.002587, phon_R01_S33_6
170.37, 268.80, 79.54, 0.01, 0.00, 0.00, 0.00, 0.01, 0.03, 0.28, 0.02, 0.02, 0.03, 0.05, 0.02, 18.54, 1.00, 0.68, 0.69, -4.80, 0.40, 2.96, 0.28, 0.020228, 0.062910, 0.078125, 0.199508, 0.639229, phon_R01_S34_1
208.08, 253.79, 91.80, 0.01, 0.00, 0.00, 0.00, 0.01, 0.07, 0.57, 0.04, 0.04, 0.04, 0.12, 0.04, 15.65, 1.00, 0.61, 0.67, -5.41, 0.29, 2.67, 0.23, 0.005382, 0.018536, 0.035302, 0.057437, 0.883343, phon_R01_S34_2
198.46, 219.29, 148.69, 0.00, 0.00, 0.00, 0.00, 0.01, 0.04, 0.30, 0.02, 0.02, 0.03, 0.06, 0.02, 18.70, 1.00, 0.61, 0.66, -5.59, 0.31, 2.47, 0.21, 0.010806, 0.068068, 0.366748, 0.159276, 0.395102, phon_R01_S34_3
202.81, 231.51, 86.23, 0.00, 0.00, 0.00, 0.00, 0.01, 0.02, 0.18, 0.01, 0.01, 0.02, 0.03, 0.02, 18.69, 1.00, 0.54, 0.63, -5.90, 0.21, 2.47, 0.19, 0.001969, 0.010332, 0.013998, 0.040753, 0.932949, phon_R01_S34_4
202.54, 241.35, 164.17, 0.00, 0.00, 0.00, 0.00, 0.00, 0.03, 0.23, 0.01, 0.02, 0.02, 0.04, 0.01, 20.68, 1.00, 0.50, 0.63, -6.13, 0.22, 2.58, 0.16, 0.010653, 0.042755, 0.636144, 0.086001, 0.224447, phon_R01_S34_5
223.36, 263.87, 87.64, 0.00, 0.00, 0.00, 0.00, 0.01, 0.03, 0.23, 0.01, 0.01, 0.02, 0.04, 0.01, 20.37, 1.00, 0.57, 0.57, -5.46, 0.35, 2.84, 0.23, 0.015014, 0.039956, 0.084565, 0.106885, 0.753579, phon_R01_S34_6
169.77, 191.76, 151.45, 0.02, 0.00, 0.01, 0.01, 0.03, 0.08, 0.82, 0.04, 0.05, 0.09, 0.11, 0.08, 12.36, 1.00, 0.56, 0.79, -3.30, 0.41, 3.41, 0.46, 0.012322, 0.166996, 0.242730, 0.318184, 0.259769, phon_R01_S35_1
183.52, 216.81, 161.34, 0.01, 0.00, 0.01, 0.01, 0.03, 0.06, 0.62, 0.03, 0.04, 0.06, 0.09, 0.06, 14.37, 1.00, 0.48, 0.77, -4.28, 0.36, 3.14, 0.34, 0.012068, 0.084032, 0.458519, 0.169473, 0.275907, phon_R01_S35_2
188.62, 216.30, 165.98, 0.02, 0.00, 0.01, 0.01, 0.03, 0.07, 0.72, 0.03, 0.05, 0.07, 0.10, 0.08, 12.30, 1.00, 0.55, 0.76, -3.38, 0.34, 3.27, 0.42, 0.011215, 0.073280, 0.543114, 0.139819, 0.232573, phon_R01_S35_3
202.63, 565.74, 177.26, 0.02, 0.00, 0.01, 0.01, 0.03, 0.07, 0.83, 0.04, 0.04, 0.06, 0.11, 0.08, 14.99, 1.00, 0.43, 0.78, -4.89, 0.26, 2.91, 0.27, 0.735613, 0.045318, 0.080635, 0.059185, 0.079249, phon_R01_S35_4
186.69, 211.96, 149.44, 0.02, 0.00, 0.01, 0.01, 0.03, 0.06, 0.78, 0.03, 0.04, 0.06, 0.08, 0.11, 12.53, 1.00, 0.51, 0.76, -4.48, 0.34, 2.96, 0.30, 0.011529, 0.091118, 0.321920, 0.212043, 0.363390, phon_R01_S35_5
192.82, 224.43, 168.79, 0.03, 0.00, 0.02, 0.02, 0.05, 0.12, 1.30, 0.06, 0.08, 0.14, 0.17, 0.22, 8.44, 1.00, 0.63, 0.77, -2.43, 0.45, 3.08, 0.53, 0.010618, 0.057780, 0.617060, 0.109321, 0.205221, phon_R01_S35_6
198.12, 233.10, 174.48, 0.03, 0.00, 0.02, 0.02, 0.05, 0.09, 1.02, 0.04, 0.06, 0.08, 0.13, 0.16, 9.45, 1.00, 0.58, 0.75, -2.84, 0.36, 3.18, 0.45, 0.008722, 0.038958, 0.736548, 0.071312, 0.144459, phon_R01_S35_7
121.34, 139.64, 98.25, 0.01, 0.00, 0.00, 0.00, 0.01, 0.03, 0.24, 0.01, 0.01, 0.02, 0.04, 0.04, 21.52, 1.00, 0.57, 0.67, -4.87, 0.25, 2.01, 0.17, 0.000724, 0.955110, 0.004053, 0.032789, 0.007324, phon_R01_S37_1
119.10, 128.44, 88.83, 0.01, 0.00, 0.00, 0.00, 0.01, 0.03, 0.24, 0.01, 0.01, 0.02, 0.04, 0.05, 21.82, 1.00, 0.65, 0.66, -4.24, 0.18, 2.45, 0.25, 0.001405, 0.929133, 0.007124, 0.049596, 0.012742, phon_R01_S37_2
117.87, 127.35, 95.65, 0.01, 0.00, 0.00, 0.00, 0.01, 0.03, 0.28, 0.02, 0.02, 0.02, 0.05, 0.03, 22.43, 1.00, 0.63, 0.65, -3.58, 0.21, 2.44, 0.21, 0.000551, 0.973242, 0.002901, 0.018379, 0.004928, phon_R01_S37_3
122.34, 142.37, 94.79, 0.01, 0.00, 0.00, 0.00, 0.01, 0.02, 0.22, 0.01, 0.01, 0.02, 0.04, 0.03, 22.95, 1.00, 0.61, 0.62, -5.44, 0.23, 2.70, 0.22, 0.001372, 0.907866, 0.007555, 0.068922, 0.014285, phon_R01_S37_4
117.96, 134.21, 100.76, 0.02, 0.00, 0.01, 0.01, 0.03, 0.05, 0.44, 0.03, 0.02, 0.03, 0.08, 0.11, 19.07, 1.00, 0.63, 0.65, -3.44, 0.30, 2.96, 0.26, 0.000190, 0.989892, 0.001048, 0.007084, 0.001786, phon_R01_S37_5
126.14, 154.28, 97.54, 0.01, 0.00, 0.01, 0.00, 0.02, 0.03, 0.27, 0.01, 0.02, 0.02, 0.04, 0.04, 21.53, 1.00, 0.64, 0.63, -5.07, 0.28, 2.89, 0.25, 0.003171, 0.704920, 0.018578, 0.235335, 0.037997, phon_R01_S37_6
127.93, 138.75, 112.17, 0.01, 0.00, 0.00, 0.00, 0.01, 0.03, 0.34, 0.01, 0.02, 0.03, 0.04, 0.03, 19.65, 1.00, 0.65, 0.68, -5.50, 0.23, 2.10, 0.22, 0.001485, 0.910027, 0.009638, 0.063131, 0.015720, phon_R01_S39_1
114.24, 124.39, 77.02, 0.01, 0.00, 0.00, 0.00, 0.01, 0.04, 0.41, 0.02, 0.02, 0.04, 0.05, 0.02, 20.44, 1.00, 0.65, 0.69, -5.19, 0.26, 2.15, 0.24, 0.003918, 0.827967, 0.017780, 0.117714, 0.032621, phon_R01_S39_2
115.32, 135.74, 107.80, 0.01, 0.00, 0.00, 0.00, 0.01, 0.03, 0.33, 0.02, 0.02, 0.03, 0.05, 0.03, 19.39, 1.00, 0.58, 0.68, -5.28, 0.23, 2.44, 0.24, 0.000250, 0.987294, 0.001430, 0.008714, 0.002312, phon_R01_S39_3
114.55, 126.78, 91.12, 0.01, 0.00, 0.00, 0.00, 0.01, 0.04, 0.37, 0.02, 0.02, 0.03, 0.06, 0.03, 18.95, 1.00, 0.69, 0.72, -5.53, 0.24, 2.41, 0.22, 0.001166, 0.945746, 0.005833, 0.037175, 0.010080, phon_R01_S39_4
112.15, 131.67, 97.53, 0.01, 0.00, 0.00, 0.00, 0.01, 0.02, 0.15, 0.01, 0.01, 0.01, 0.03, 0.01, 21.22, 1.00, 0.56, 0.67, -5.62, 0.18, 1.87, 0.21, 0.000376, 0.981997, 0.001947, 0.012386, 0.003293, phon_R01_S39_5
102.27, 142.83, 85.90, 0.01, 0.00, 0.00, 0.00, 0.01, 0.03, 0.27, 0.02, 0.02, 0.02, 0.05, 0.04, 18.45, 1.00, 0.67, 0.67, -2.93, 0.40, 2.56, 0.37, 0.003645, 0.826712, 0.016547, 0.122345, 0.030751, phon_R01_S39_6
236.20, 244.66, 102.14, 0.00, 0.00, 0.00, 0.00, 0.00, 0.02, 0.22, 0.01, 0.01, 0.02, 0.04, 0.01, 24.08, 0.00, 0.47, 0.63, -6.82, 0.17, 2.24, 0.12, 0.012608, 0.042142, 0.112132, 0.108141, 0.724976, phon_R01_S42_1
237.32, 243.71, 229.26, 0.00, 0.00, 0.00, 0.00, 0.01, 0.01, 0.12, 0.01, 0.01, 0.01, 0.02, 0.01, 24.68, 0.00, 0.38, 0.63, -7.02, 0.18, 1.85, 0.09, 0.011837, 0.030464, 0.845786, 0.042431, 0.069483, phon_R01_S42_2
260.11, 264.92, 237.30, 0.00, 0.00, 0.00, 0.00, 0.01, 0.02, 0.20, 0.01, 0.01, 0.01, 0.04, 0.01, 21.08, 0.00, 0.44, 0.63, -7.52, 0.16, 1.88, 0.08, 0.030586, 0.057575, 0.697243, 0.080133, 0.134463, phon_R01_S42_3
197.57, 217.63, 90.79, 0.01, 0.00, 0.00, 0.00, 0.01, 0.02, 0.19, 0.01, 0.01, 0.01, 0.04, 0.01, 19.27, 0.00, 0.37, 0.73, -5.74, 0.16, 2.88, 0.20, 0.003291, 0.023513, 0.026817, 0.111694, 0.834685, phon_R01_S42_4
240.30, 245.13, 219.78, 0.01, 0.00, 0.00, 0.00, 0.01, 0.02, 0.21, 0.01, 0.01, 0.01, 0.04, 0.01, 21.02, 0.00, 0.37, 0.65, -7.17, 0.07, 2.27, 0.10, 0.010128, 0.026167, 0.860524, 0.037785, 0.065396, phon_R01_S42_5
244.99, 272.21, 239.17, 0.00, 0.00, 0.00, 0.00, 0.01, 0.02, 0.18, 0.01, 0.01, 0.01, 0.03, 0.01, 21.53, 0.00, 0.52, 0.65, -7.30, 0.17, 2.10, 0.10, 0.030108, 0.054714, 0.711218, 0.076368, 0.127593, phon_R01_S42_6
112.55, 133.37, 105.72, 0.00, 0.00, 0.00, 0.00, 0.00, 0.01, 0.13, 0.01, 0.01, 0.01, 0.02, 0.00, 26.44, 0.00, 0.41, 0.76, -6.32, 0.22, 2.19, 0.16, 0.000270, 0.987103, 0.001489, 0.008742, 0.002396, phon_R01_S43_1
110.74, 113.60, 100.14, 0.00, 0.00, 0.00, 0.00, 0.01, 0.01, 0.13, 0.01, 0.01, 0.01, 0.02, 0.00, 26.55, 0.00, 0.37, 0.78, -6.09, 0.19, 1.89, 0.17, 0.002117, 0.920786, 0.010723, 0.050015, 0.016360, phon_R01_S43_2
113.72, 116.44, 96.91, 0.00, 0.00, 0.00, 0.00, 0.01, 0.01, 0.13, 0.01, 0.01, 0.01, 0.02, 0.00, 26.55, 0.00, 0.38, 0.77, -5.94, 0.19, 1.85, 0.18, 0.001702, 0.932017, 0.008648, 0.043948, 0.013685, phon_R01_S43_3
117.00, 144.47, 99.92, 0.00, 0.00, 0.00, 0.00, 0.01, 0.02, 0.14, 0.01, 0.01, 0.01, 0.03, 0.01, 25.45, 0.00, 0.39, 0.76, -6.01, 0.23, 1.87, 0.16, 0.001172, 0.927420, 0.006496, 0.053175, 0.011737, phon_R01_S43_4
115.38, 123.11, 108.63, 0.00, 0.00, 0.00, 0.00, 0.00, 0.02, 0.14, 0.01, 0.01, 0.01, 0.02, 0.00, 26.00, 0.00, 0.41, 0.76, -5.97, 0.20, 1.97, 0.18, 0.000679, 0.970915, 0.003804, 0.018843, 0.005758, phon_R01_S43_5
116.39, 129.04, 108.97, 0.00, 0.00, 0.00, 0.00, 0.01, 0.02, 0.15, 0.01, 0.01, 0.01, 0.03, 0.00, 26.14, 0.00, 0.36, 0.76, -6.02, 0.11, 2.00, 0.17, 0.000315, 0.985317, 0.001805, 0.009761, 0.002802, phon_R01_S43_6
151.74, 190.20, 129.86, 0.00, 0.00, 0.00, 0.00, 0.00, 0.01, 0.13, 0.01, 0.01, 0.01, 0.02, 0.01, 24.15, 1.00, 0.40, 0.75, -6.49, 0.20, 2.45, 0.13, 0.008445, 0.185853, 0.094114, 0.522272, 0.189317, phon_R01_S44_1
148.79, 158.36, 138.99, 0.00, 0.00, 0.00, 0.00, 0.00, 0.02, 0.14, 0.01, 0.01, 0.01, 0.03, 0.00, 24.41, 1.00, 0.40, 0.76, -6.31, 0.18, 2.25, 0.16, 0.008959, 0.422689, 0.094760, 0.348850, 0.124742, phon_R01_S44_2
148.14, 155.98, 135.04, 0.00, 0.00, 0.00, 0.00, 0.01, 0.01, 0.13, 0.01, 0.01, 0.01, 0.02, 0.01, 23.68, 1.00, 0.40, 0.78, -5.71, 0.24, 2.85, 0.19, 0.008144, 0.452923, 0.081293, 0.344560, 0.113080, phon_R01_S44_3
150.44, 163.44, 144.74, 0.00, 0.00, 0.00, 0.00, 0.01, 0.03, 0.24, 0.01, 0.02, 0.02, 0.04, 0.01, 23.13, 1.00, 0.35, 0.76, -6.26, 0.18, 2.26, 0.14, 0.010239, 0.368737, 0.120227, 0.355239, 0.145558, phon_R01_S44_4
148.46, 161.08, 142.00, 0.00, 0.00, 0.00, 0.00, 0.01, 0.02, 0.16, 0.01, 0.01, 0.02, 0.03, 0.01, 22.87, 1.00, 0.41, 0.77, -5.70, 0.22, 2.68, 0.20, 0.009572, 0.399742, 0.105520, 0.351703, 0.133463, phon_R01_S44_5
149.82, 163.42, 144.79, 0.00, 0.00, 0.00, 0.00, 0.01, 0.02, 0.20, 0.01, 0.01, 0.02, 0.03, 0.01, 23.01, 1.00, 0.33, 0.76, -6.28, 0.11, 2.21, 0.16, 0.010226, 0.372138, 0.119283, 0.353967, 0.144387, phon_R01_S44_6
117.23, 123.92, 106.66, 0.00, 0.00, 0.00, 0.00, 0.01, 0.02, 0.17, 0.01, 0.01, 0.02, 0.03, 0.01, 23.08, 0.00, 0.60, 0.67, -5.62, 0.19, 2.03, 0.22, 0.000426, 0.981022, 0.002388, 0.012468, 0.003696, phon_R01_S49_1
116.85, 217.55, 99.50, 0.01, 0.00, 0.00, 0.00, 0.01, 0.02, 0.16, 0.01, 0.01, 0.02, 0.02, 0.01, 22.09, 0.00, 0.66, 0.66, -5.20, 0.21, 2.12, 0.25, 0.013290, 0.177527, 0.065923, 0.553703, 0.189557, phon_R01_S49_2
116.29, 177.29, 96.98, 0.00, 0.00, 0.00, 0.00, 0.00, 0.02, 0.14, 0.01, 0.01, 0.02, 0.02, 0.01, 24.20, 0.00, 0.60, 0.65, -5.59, 0.13, 2.06, 0.21, 0.006275, 0.370406, 0.033963, 0.511618, 0.077738, phon_R01_S49_3
116.56, 592.03, 86.23, 0.00, 0.00, 0.00, 0.00, 0.01, 0.02, 0.15, 0.01, 0.01, 0.01, 0.02, 0.01, 23.96, 0.00, 0.57, 0.67, -6.43, 0.15, 2.16, 0.12, 0.899026, 0.019204, 0.026595, 0.024668, 0.030508, phon_R01_S49_4
116.34, 581.29, 94.25, 0.00, 0.00, 0.00, 0.00, 0.00, 0.01, 0.12, 0.01, 0.01, 0.01, 0.02, 0.01, 25.02, 0.00, 0.53, 0.66, -6.36, 0.12, 2.15, 0.14, 0.919776, 0.015132, 0.021270, 0.019528, 0.024295, phon_R01_S49_5
114.56, 119.17, 86.65, 0.00, 0.00, 0.00, 0.00, 0.00, 0.01, 0.11, 0.01, 0.01, 0.01, 0.02, 0.01, 24.77, 0.00, 0.56, 0.66, -6.71, 0.15, 1.91, 0.12, 0.002485, 0.896066, 0.011950, 0.069159, 0.020340, phon_R01_S49_6
201.77, 262.71, 78.23, 0.01, 0.00, 0.00, 0.00, 0.01, 0.03, 0.26, 0.01, 0.02, 0.02, 0.04, 0.04, 19.37, 0.00, 0.51, 0.68, -6.93, 0.16, 2.32, 0.11, 0.011895, 0.035706, 0.055967, 0.109293, 0.787139, phon_R01_S50_1
174.19, 230.98, 94.26, 0.00, 0.00, 0.00, 0.00, 0.01, 0.04, 0.41, 0.02, 0.02, 0.03, 0.07, 0.03, 19.52, 0.00, 0.45, 0.66, -6.54, 0.12, 2.66, 0.13, 0.004952, 0.033837, 0.035007, 0.183681, 0.742522, phon_R01_S50_2
209.52, 253.02, 89.49, 0.01, 0.00, 0.00, 0.00, 0.01, 0.03, 0.26, 0.02, 0.02, 0.02, 0.05, 0.02, 19.15, 0.00, 0.43, 0.68, -6.20, 0.13, 2.78, 0.17, 0.005500, 0.018996, 0.035193, 0.059009, 0.881302, phon_R01_S50_3
174.69, 240.00, 74.29, 0.01, 0.00, 0.01, 0.01, 0.02, 0.02, 0.26, 0.01, 0.01, 0.02, 0.04, 0.11, 17.88, 0.00, 0.41, 0.66, -6.79, 0.16, 2.68, 0.13, 0.008995, 0.048156, 0.043999, 0.224107, 0.674742, phon_R01_S50_4
198.76, 396.96, 74.90, 0.01, 0.00, 0.00, 0.00, 0.01, 0.02, 0.24, 0.01, 0.01, 0.02, 0.04, 0.07, 19.02, 0.00, 0.45, 0.64, -6.74, 0.21, 2.14, 0.12, 0.331667, 0.090093, 0.161239, 0.151775, 0.265227, phon_R01_S50_5
214.29, 260.28, 77.97, 0.01, 0.00, 0.00, 0.00, 0.01, 0.02, 0.19, 0.01, 0.01, 0.01, 0.03, 0.04, 21.21, 0.00, 0.46, 0.66, -5.72, 0.19, 2.56, 0.15, 0.012709, 0.037174, 0.063228, 0.107810, 0.779078, phon_R01_S50_6
