% Title: Title
%
% Centers++:
% 	6.752177 3.043358 5.584147 2.031405 
% 	5.042760 3.450136 1.482142 0.254152 
% 	5.837247 2.752189 4.334450 1.384252 
%

@RELATION

@ATTRIBUTE Attribute0 	 REAL
@ATTRIBUTE Attribute1 	 REAL
@ATTRIBUTE Attribute2 	 REAL
@ATTRIBUTE Attribute3 	 REAL
@ATTRIBUTE MU 	 FUZZY {Zhluk0, Zhluk1, Zhluk2}
@ATTRIBUTE class 	 {Iris-setosa, Iris-versicolor, Iris-virginica}

@DATA
5.10, 3.50, 1.40, 0.20, 0.012268, 0.963166, 0.024566, Iris-setosa
4.90, 3.00, 1.40, 0.20, 0.040232, 0.875283, 0.084485, Iris-setosa
4.70, 3.20, 1.30, 0.20, 0.035226, 0.892574, 0.072200, Iris-setosa
4.60, 3.10, 1.50, 0.20, 0.047361, 0.851991, 0.100648, Iris-setosa
5.00, 3.60, 1.40, 0.20, 0.012235, 0.963574, 0.024191, Iris-setosa
5.40, 3.90, 1.70, 0.40, 0.007774, 0.976520, 0.015705, Iris-setosa
4.60, 3.40, 1.40, 0.30, 0.032691, 0.900076, 0.067233, Iris-setosa
5.00, 3.40, 1.50, 0.20, 0.020185, 0.938438, 0.041378, Iris-setosa
4.40, 2.90, 1.40, 0.20, 0.063023, 0.805143, 0.131834, Iris-setosa
4.90, 3.10, 1.50, 0.10, 0.038065, 0.881444, 0.080491, Iris-setosa
5.40, 3.70, 1.50, 0.20, 0.005552, 0.983622, 0.010827, Iris-setosa
4.80, 3.40, 1.60, 0.20, 0.029054, 0.908642, 0.062304, Iris-setosa
4.80, 3.00, 1.40, 0.10, 0.044200, 0.863649, 0.092151, Iris-setosa
4.30, 3.00, 1.10, 0.10, 0.059716, 0.822604, 0.117680, Iris-setosa
5.80, 4.00, 1.20, 0.20, 0.008901, 0.975068, 0.016031, Iris-setosa
5.70, 4.40, 1.50, 0.40, 0.016633, 0.953860, 0.029507, Iris-setosa
5.40, 3.90, 1.30, 0.40, 0.001099, 0.998701, 0.000200, Iris-setosa
5.10, 3.50, 1.40, 0.30, 0.011445, 0.965799, 0.022755, Iris-setosa
5.70, 3.80, 1.70, 0.30, 0.013276, 0.960173, 0.026551, Iris-setosa
5.10, 3.80, 1.50, 0.30, 0.006657, 0.980199, 0.013143, Iris-setosa
5.40, 3.40, 1.70, 0.20, 0.020866, 0.935034, 0.044101, Iris-setosa
5.10, 3.70, 1.50, 0.40, 0.007658, 0.977015, 0.015327, Iris-setosa
4.60, 3.60, 1.00, 0.20, 0.027446, 0.920838, 0.051716, Iris-setosa
5.10, 3.30, 1.70, 0.50, 0.028230, 0.909721, 0.062049, Iris-setosa
4.80, 3.40, 1.90, 0.20, 0.042213, 0.862500, 0.095287, Iris-setosa
5.00, 3.00, 1.60, 0.20, 0.043044, 0.863406, 0.093551, Iris-setosa
5.00, 3.40, 1.60, 0.40, 0.021871, 0.932059, 0.046070, Iris-setosa
5.20, 3.50, 1.50, 0.20, 0.012229, 0.963142, 0.024629, Iris-setosa
5.20, 3.40, 1.40, 0.20, 0.014269, 0.957450, 0.028282, Iris-setosa
4.70, 3.20, 1.60, 0.20, 0.041456, 0.869258, 0.089287, Iris-setosa
4.80, 3.10, 1.60, 0.20, 0.042601, 0.864715, 0.092684, Iris-setosa
5.40, 3.40, 1.50, 0.40, 0.013443, 0.959438, 0.027119, Iris-setosa
5.20, 4.10, 1.50, 0.10, 0.008811, 0.974456, 0.016733, Iris-setosa
5.50, 4.20, 1.40, 0.20, 0.006255, 0.982055, 0.011690, Iris-setosa
4.90, 3.10, 1.50, 0.10, 0.038072, 0.881620, 0.080308, Iris-setosa
5.00, 3.20, 1.20, 0.20, 0.025290, 0.924170, 0.050540, Iris-setosa
5.50, 3.50, 1.30, 0.20, 0.009018, 0.973713, 0.017269, Iris-setosa
4.90, 3.10, 1.50, 0.10, 0.038072, 0.881620, 0.080308, Iris-setosa
4.40, 3.00, 1.30, 0.20, 0.056483, 0.827556, 0.115961, Iris-setosa
5.10, 3.40, 1.50, 0.20, 0.017729, 0.945929, 0.036342, Iris-setosa
5.00, 3.50, 1.30, 0.30, 0.013012, 0.961040, 0.025949, Iris-setosa
4.50, 2.30, 1.30, 0.30, 0.091166, 0.720650, 0.188184, Iris-setosa
4.40, 3.20, 1.30, 0.20, 0.048088, 0.853703, 0.098210, Iris-setosa
5.00, 3.50, 1.60, 0.60, 0.020335, 0.937171, 0.042494, Iris-setosa
5.10, 3.80, 1.90, 0.40, 0.022079, 0.930005, 0.047916, Iris-setosa
4.80, 3.00, 1.40, 0.30, 0.042712, 0.867434, 0.089855, Iris-setosa
5.10, 3.80, 1.60, 0.20, 0.009977, 0.969514, 0.020509, Iris-setosa
4.60, 3.20, 1.40, 0.20, 0.040782, 0.874576, 0.084642, Iris-setosa
5.30, 3.70, 1.50, 0.20, 0.005916, 0.982457, 0.011627, Iris-setosa
5.00, 3.30, 1.40, 0.20, 0.022366, 0.931883, 0.045751, Iris-setosa
7.00, 3.20, 4.70, 1.40, 0.583100, 0.045215, 0.371685, Iris-versicolor
6.40, 3.20, 4.50, 1.50, 0.295780, 0.035659, 0.668561, Iris-versicolor
6.90, 3.10, 4.90, 1.50, 0.679407, 0.029680, 0.290914, Iris-versicolor
5.50, 2.30, 4.00, 1.30, 0.092249, 0.043739, 0.864012, Iris-versicolor
6.50, 2.80, 4.60, 1.50, 0.336346, 0.030297, 0.633358, Iris-versicolor
5.70, 2.80, 4.50, 1.30, 0.000200, 0.001099, 0.998701, Iris-versicolor
6.30, 3.30, 4.70, 1.60, 0.363831, 0.031583, 0.604587, Iris-versicolor
4.90, 2.40, 3.30, 1.00, 0.148106, 0.216041, 0.635853, Iris-versicolor
6.60, 2.90, 4.60, 1.30, 0.343440, 0.036413, 0.620147, Iris-versicolor
5.20, 2.70, 3.90, 1.40, 0.093971, 0.057847, 0.848183, Iris-versicolor
5.00, 2.00, 3.50, 1.00, 0.158505, 0.166989, 0.674507, Iris-versicolor
5.90, 3.00, 4.20, 1.50, 0.067344, 0.018181, 0.914476, Iris-versicolor
6.00, 2.20, 4.00, 1.00, 0.134702, 0.058491, 0.806806, Iris-versicolor
6.10, 2.90, 4.70, 1.40, 0.117290, 0.013808, 0.868902, Iris-versicolor
5.60, 2.90, 3.60, 1.30, 0.115620, 0.091944, 0.792436, Iris-versicolor
6.70, 3.10, 4.40, 1.40, 0.372855, 0.049562, 0.577583, Iris-versicolor
5.60, 3.00, 4.50, 1.50, 0.031120, 0.007039, 0.961841, Iris-versicolor
5.80, 2.70, 4.10, 1.00, 0.058299, 0.025256, 0.916445, Iris-versicolor
6.20, 2.20, 4.50, 1.50, 0.208837, 0.033102, 0.758061, Iris-versicolor
5.60, 2.50, 3.90, 1.10, 0.083069, 0.047035, 0.869896, Iris-versicolor
5.90, 3.20, 4.80, 1.80, 0.267294, 0.025549, 0.707157, Iris-versicolor
6.10, 2.80, 4.00, 1.30, 0.103372, 0.036006, 0.860622, Iris-versicolor
6.30, 2.50, 4.90, 1.50, 0.339291, 0.024422, 0.636288, Iris-versicolor
6.10, 2.80, 4.70, 1.20, 0.094773, 0.013672, 0.891555, Iris-versicolor
6.40, 2.90, 4.30, 1.30, 0.186821, 0.035755, 0.777423, Iris-versicolor
6.60, 3.00, 4.40, 1.40, 0.318938, 0.043155, 0.637907, Iris-versicolor
6.80, 2.80, 4.80, 1.40, 0.543028, 0.033934, 0.423038, Iris-versicolor
6.70, 3.00, 5.00, 1.70, 0.761469, 0.017892, 0.220638, Iris-versicolor
6.00, 2.90, 4.50, 1.50, 0.064651, 0.010113, 0.925236, Iris-versicolor
5.70, 2.60, 3.50, 1.00, 0.128947, 0.121371, 0.749683, Iris-versicolor
5.50, 2.40, 3.80, 1.10, 0.102274, 0.067370, 0.830355, Iris-versicolor
5.50, 2.40, 3.70, 1.00, 0.114293, 0.088499, 0.797208, Iris-versicolor
5.80, 2.70, 3.90, 1.20, 0.077548, 0.038131, 0.884322, Iris-versicolor
6.00, 2.70, 5.10, 1.60, 0.318875, 0.020549, 0.660576, Iris-versicolor
5.40, 3.00, 4.50, 1.50, 0.048275, 0.013019, 0.938706, Iris-versicolor
6.00, 3.40, 4.50, 1.60, 0.201477, 0.033808, 0.764715, Iris-versicolor
6.70, 3.10, 4.70, 1.50, 0.515424, 0.034831, 0.449744, Iris-versicolor
6.30, 2.30, 4.40, 1.30, 0.186581, 0.035007, 0.778412, Iris-versicolor
5.60, 3.00, 4.10, 1.30, 0.048595, 0.020581, 0.930823, Iris-versicolor
5.50, 2.50, 4.00, 1.30, 0.070674, 0.033803, 0.895524, Iris-versicolor
5.50, 2.60, 4.40, 1.20, 0.025183, 0.008291, 0.966527, Iris-versicolor
6.10, 3.00, 4.60, 1.40, 0.107841, 0.014835, 0.877323, Iris-versicolor
5.80, 2.60, 4.00, 1.20, 0.066685, 0.028488, 0.904827, Iris-versicolor
5.00, 2.30, 3.30, 1.00, 0.149654, 0.206452, 0.643895, Iris-versicolor
5.60, 2.70, 4.20, 1.30, 0.027635, 0.009898, 0.962467, Iris-versicolor
5.70, 3.00, 4.20, 1.20, 0.035878, 0.013578, 0.950545, Iris-versicolor
5.70, 2.90, 4.20, 1.30, 0.027342, 0.009346, 0.963312, Iris-versicolor
6.20, 2.90, 4.30, 1.30, 0.106598, 0.023010, 0.870392, Iris-versicolor
5.10, 2.50, 3.00, 1.10, 0.149303, 0.285505, 0.565192, Iris-versicolor
5.70, 2.80, 4.10, 1.30, 0.039295, 0.015205, 0.945500, Iris-versicolor
6.30, 3.30, 6.00, 2.50, 0.832277, 0.022559, 0.145164, Iris-virginica
5.80, 2.70, 5.10, 1.90, 0.355452, 0.025071, 0.619477, Iris-virginica
7.10, 3.00, 5.90, 2.10, 0.940032, 0.008670, 0.051298, Iris-virginica
6.30, 2.90, 5.60, 1.80, 0.824265, 0.013334, 0.162401, Iris-virginica
6.50, 3.00, 5.80, 2.20, 0.936659, 0.007176, 0.056164, Iris-virginica
7.60, 3.00, 6.60, 2.10, 0.791474, 0.039983, 0.168543, Iris-virginica
4.90, 2.50, 4.50, 1.70, 0.143121, 0.050941, 0.805938, Iris-virginica
7.30, 2.90, 6.30, 1.80, 0.837013, 0.026047, 0.136939, Iris-virginica
6.70, 2.50, 5.80, 1.80, 0.860382, 0.014643, 0.124975, Iris-virginica
7.20, 3.60, 6.10, 2.50, 0.843876, 0.028719, 0.127405, Iris-virginica
6.50, 3.20, 5.10, 2.00, 0.834645, 0.013391, 0.151964, Iris-virginica
6.40, 2.70, 5.30, 1.90, 0.808718, 0.013103, 0.178179, Iris-virginica
6.80, 3.00, 5.50, 2.10, 0.999600, 0.000200, 0.000200, Iris-virginica
5.70, 2.50, 5.00, 2.00, 0.315755, 0.029878, 0.654367, Iris-virginica
5.80, 2.80, 5.10, 2.40, 0.531247, 0.034795, 0.433958, Iris-virginica
6.40, 3.20, 5.30, 2.30, 0.880258, 0.011884, 0.107858, Iris-virginica
6.50, 3.00, 5.50, 1.80, 0.907771, 0.007558, 0.084670, Iris-virginica
7.70, 3.80, 6.70, 2.20, 0.741266, 0.056835, 0.201900, Iris-virginica
7.70, 2.60, 6.90, 2.30, 0.743003, 0.052417, 0.204580, Iris-virginica
6.00, 2.20, 5.00, 1.50, 0.273442, 0.028654, 0.697903, Iris-virginica
6.90, 3.20, 5.70, 2.30, 0.963720, 0.005072, 0.031208, Iris-virginica
5.60, 2.80, 4.90, 2.00, 0.255577, 0.028195, 0.716228, Iris-virginica
7.70, 2.80, 6.70, 2.00, 0.765397, 0.045871, 0.188731, Iris-virginica
6.30, 2.70, 4.90, 1.80, 0.485693, 0.022548, 0.491759, Iris-virginica
6.70, 3.30, 5.70, 2.10, 0.954179, 0.005498, 0.040323, Iris-virginica
7.20, 3.20, 6.00, 1.80, 0.885390, 0.017014, 0.097596, Iris-virginica
6.20, 2.80, 4.80, 1.80, 0.367406, 0.022608, 0.609985, Iris-virginica
6.10, 3.00, 4.90, 1.80, 0.384876, 0.022294, 0.592829, Iris-virginica
6.40, 2.80, 5.60, 2.10, 0.910006, 0.008103, 0.081891, Iris-virginica
7.20, 3.00, 5.80, 1.60, 0.875245, 0.017005, 0.107749, Iris-virginica
7.40, 2.80, 6.10, 1.90, 0.858964, 0.022535, 0.118501, Iris-virginica
7.90, 3.80, 6.40, 2.00, 0.743296, 0.056794, 0.199910, Iris-virginica
6.40, 2.80, 5.60, 2.20, 0.911342, 0.008575, 0.080083, Iris-virginica
6.30, 2.80, 5.10, 1.50, 0.473549, 0.021709, 0.504743, Iris-virginica
6.10, 2.60, 5.60, 1.40, 0.536577, 0.028687, 0.434736, Iris-virginica
7.70, 3.00, 6.10, 2.30, 0.836147, 0.030699, 0.133153, Iris-virginica
6.30, 3.40, 5.60, 2.40, 0.844170, 0.018486, 0.137344, Iris-virginica
6.40, 3.10, 5.50, 1.80, 0.866104, 0.010605, 0.123291, Iris-virginica
6.00, 3.00, 4.80, 1.80, 0.272287, 0.021584, 0.706129, Iris-virginica
6.90, 3.10, 5.40, 2.10, 0.988534, 0.001513, 0.009953, Iris-virginica
6.70, 3.10, 5.60, 2.40, 0.962437, 0.004654, 0.032909, Iris-virginica
6.90, 3.10, 5.10, 2.30, 0.919890, 0.009867, 0.070243, Iris-virginica
5.80, 2.70, 5.10, 1.90, 0.355581, 0.025066, 0.619353, Iris-virginica
6.80, 3.20, 5.90, 2.30, 0.939437, 0.008284, 0.052279, Iris-virginica
6.70, 3.30, 5.70, 2.50, 0.921923, 0.010911, 0.067165, Iris-virginica
6.70, 3.00, 5.20, 2.30, 0.941315, 0.006383, 0.052302, Iris-virginica
6.30, 2.50, 5.00, 1.90, 0.559198, 0.023812, 0.416990, Iris-virginica
6.50, 3.00, 5.20, 2.00, 0.889445, 0.008740, 0.101814, Iris-virginica
6.20, 3.40, 5.40, 2.30, 0.791851, 0.021386, 0.186763, Iris-virginica
5.90, 3.00, 5.10, 1.80, 0.385174, 0.023373, 0.591453, Iris-virginica
