% Title: Iris
%
% Centers:
% 	1.517347 13.332999 3.513958 1.405792 72.634689 0.577397 8.297902 0.025032 0.049162 
% 	1.516626 14.608879 0.076015 2.207212 73.202884 0.082780 8.694303 1.051657 0.019384 
% 	1.520395 13.487915 0.408782 1.526298 72.864109 0.367660 11.075738 0.063659 0.053909 
% 	1.517267 12.938493 3.435282 1.358125 72.965948 0.592948 8.474131 0.020818 0.067509 
% 	1.521342 13.772029 3.537751 0.944825 71.875734 0.218170 9.479781 0.039548 0.057708 
% 	1.526983 11.974352 0.077482 1.080499 72.168010 0.249561 14.119935 0.119172 0.087972 
%

@RELATION

@ATTRIBUTE Attribute0 	 REAL
@ATTRIBUTE Attribute1 	 REAL
@ATTRIBUTE Attribute2 	 REAL
@ATTRIBUTE Attribute3 	 REAL
@ATTRIBUTE Attribute4 	 REAL
@ATTRIBUTE Attribute5 	 REAL
@ATTRIBUTE Attribute6 	 REAL
@ATTRIBUTE Attribute7 	 REAL
@ATTRIBUTE Attribute8 	 REAL
@ATTRIBUTE MU 	 FUZZY {Zhluk0, Zhluk1, Zhluk2, Zhluk3, Zhluk4, Zhluk5}
@ATTRIBUTE class 	 {Zhluk0, Zhluk1, Zhluk2, Zhluk3, Zhluk4, Zhluk5}

@DATA
1.52, 12.79, 3.50, 1.12, 73.03, 0.64, 8.77, 0.00, 0.00, 0.179863, 0.007766, 0.008777, 0.754819, 0.045501, 0.003273, 'build wind float'
1.52, 12.16, 3.52, 1.35, 72.89, 0.57, 8.53, 0.00, 0.00, 0.256716, 0.019210, 0.021407, 0.613967, 0.079912, 0.008789, 'vehic wind float'
1.52, 13.21, 3.48, 1.41, 72.64, 0.59, 8.43, 0.00, 0.00, 0.823706, 0.001912, 0.001832, 0.159004, 0.012882, 0.000663, 'build wind float'
1.51, 14.40, 1.74, 1.54, 74.55, 0.00, 7.59, 0.00, 0.00, 0.224680, 0.267287, 0.111581, 0.227749, 0.134134, 0.034569, tableware
1.53, 12.30, 0.00, 1.00, 70.16, 0.12, 16.19, 0.00, 0.24, 0.060726, 0.068040, 0.140973, 0.062424, 0.079645, 0.588192, 'build wind non-float'
1.52, 12.75, 2.85, 1.44, 73.27, 0.57, 8.79, 0.11, 0.22, 0.248954, 0.028219, 0.030448, 0.598794, 0.084033, 0.009552, 'build wind non-float'
1.52, 13.64, 3.65, 0.65, 73.00, 0.06, 8.93, 0.00, 0.00, 0.327981, 0.028139, 0.030458, 0.317343, 0.284837, 0.011241, 'vehic wind float'
1.52, 13.14, 2.84, 1.28, 72.85, 0.55, 9.07, 0.00, 0.00, 0.308293, 0.029039, 0.035020, 0.458090, 0.159428, 0.010130, 'build wind float'
1.52, 14.14, 0.00, 2.68, 73.39, 0.08, 9.07, 0.61, 0.05, 0.038762, 0.772990, 0.096136, 0.039342, 0.034378, 0.018392, headlamps
1.52, 13.19, 3.90, 1.30, 72.33, 0.55, 8.44, 0.00, 0.28, 0.592921, 0.010497, 0.010512, 0.280796, 0.101020, 0.004253, 'build wind non-float'
1.52, 13.36, 3.58, 1.49, 72.72, 0.45, 8.21, 0.00, 0.00, 0.871365, 0.002520, 0.002209, 0.108900, 0.014190, 0.000815, 'build wind non-float'
1.52, 12.20, 3.25, 1.16, 73.55, 0.62, 8.90, 0.00, 0.24, 0.244214, 0.034871, 0.042704, 0.552644, 0.109146, 0.016421, 'build wind non-float'
1.52, 13.21, 3.77, 0.79, 71.99, 0.13, 10.02, 0.00, 0.00, 0.120753, 0.022252, 0.035240, 0.119997, 0.686555, 0.015204, 'build wind float'
1.52, 14.03, 3.76, 0.58, 71.79, 0.11, 9.65, 0.00, 0.00, 0.064161, 0.012450, 0.016334, 0.052202, 0.848149, 0.006704, 'vehic wind float'
1.52, 13.14, 3.45, 1.76, 72.48, 0.60, 8.38, 0.00, 0.17, 0.636168, 0.008607, 0.008021, 0.295946, 0.048333, 0.002924, 'vehic wind float'
1.52, 13.48, 3.48, 1.71, 72.52, 0.62, 7.99, 0.00, 0.00, 0.733939, 0.010825, 0.008730, 0.195115, 0.048177, 0.003213, 'build wind non-float'
1.52, 14.75, 0.00, 2.00, 73.02, 0.00, 8.53, 1.59, 0.08, 0.021682, 0.893445, 0.035022, 0.020948, 0.019931, 0.008974, headlamps
1.52, 12.71, 3.33, 1.49, 73.28, 0.67, 8.24, 0.00, 0.00, 0.208472, 0.010956, 0.010278, 0.731916, 0.034586, 0.003793, 'build wind non-float'
1.52, 13.27, 0.00, 1.76, 73.03, 0.47, 11.32, 0.00, 0.00, 0.015223, 0.032576, 0.886879, 0.016419, 0.018199, 0.030705, containers
1.52, 12.96, 2.96, 1.43, 72.92, 0.60, 8.79, 0.14, 0.00, 0.274312, 0.016814, 0.017845, 0.612413, 0.073015, 0.005601, 'build wind non-float'
1.52, 13.05, 3.65, 0.87, 72.22, 0.19, 9.85, 0.00, 0.17, 0.155549, 0.023843, 0.037207, 0.166874, 0.601409, 0.015119, 'build wind float'
1.52, 11.45, 0.00, 1.88, 72.19, 0.81, 13.24, 0.00, 0.34, 0.035385, 0.043157, 0.146624, 0.038343, 0.043243, 0.693249, 'build wind non-float'
1.52, 12.93, 3.74, 1.11, 72.28, 0.64, 8.96, 0.00, 0.22, 0.361046, 0.016370, 0.019665, 0.365927, 0.229104, 0.007887, 'build wind non-float'
1.52, 13.39, 3.66, 1.19, 72.79, 0.57, 8.27, 0.00, 0.11, 0.750912, 0.004418, 0.004050, 0.210627, 0.028472, 0.001521, 'build wind float'
1.52, 12.85, 1.61, 2.17, 72.18, 0.76, 9.70, 0.24, 0.51, 0.180356, 0.140536, 0.248264, 0.194924, 0.184637, 0.051283, containers
1.52, 13.24, 3.49, 1.47, 73.25, 0.38, 8.03, 0.00, 0.00, 0.426943, 0.013742, 0.011369, 0.496656, 0.047113, 0.004177, 'build wind non-float'
1.52, 12.82, 3.52, 1.90, 72.86, 0.69, 7.97, 0.00, 0.00, 0.423506, 0.016707, 0.014414, 0.485293, 0.054503, 0.005576, 'build wind non-float'
1.52, 14.56, 0.00, 1.98, 73.29, 0.00, 8.52, 1.57, 0.07, 0.019544, 0.903869, 0.031930, 0.019220, 0.017404, 0.008034, headlamps
1.52, 13.23, 3.54, 1.48, 72.84, 0.56, 8.10, 0.00, 0.00, 0.707069, 0.004414, 0.003821, 0.262990, 0.020287, 0.001419, 'build wind non-float'
1.52, 13.33, 3.53, 1.34, 72.67, 0.56, 8.33, 0.00, 0.00, 0.959190, 0.000610, 0.000563, 0.035391, 0.004041, 0.000205, 'vehic wind float'
1.52, 12.87, 3.56, 1.64, 73.14, 0.65, 7.99, 0.00, 0.00, 0.346215, 0.012522, 0.010897, 0.585082, 0.041087, 0.004197, 'build wind non-float'
1.52, 13.33, 3.34, 1.54, 72.14, 0.56, 8.99, 0.00, 0.00, 0.390282, 0.019798, 0.022358, 0.263198, 0.296630, 0.007734, 'vehic wind float'
1.51, 17.38, 0.00, 0.34, 75.41, 0.00, 6.65, 0.00, 0.00, 0.163707, 0.311654, 0.154873, 0.157480, 0.143146, 0.069141, tableware
1.52, 13.44, 3.61, 1.54, 72.39, 0.66, 8.03, 0.00, 0.00, 0.772989, 0.008270, 0.007019, 0.163176, 0.045876, 0.002670, 'build wind non-float'
1.52, 13.00, 3.60, 1.36, 72.99, 0.57, 8.40, 0.00, 0.11, 0.130051, 0.001976, 0.001924, 0.855049, 0.010278, 0.000723, 'build wind float'
1.52, 12.72, 3.46, 1.56, 73.20, 0.67, 8.09, 0.00, 0.24, 0.268055, 0.012562, 0.011405, 0.663485, 0.040136, 0.004359, 'build wind float'
1.52, 12.79, 3.61, 1.62, 72.97, 0.64, 8.07, 0.00, 0.26, 0.341931, 0.010665, 0.009674, 0.594073, 0.039871, 0.003786, 'build wind float'
1.52, 12.35, 2.72, 1.63, 72.87, 0.70, 9.23, 0.00, 0.00, 0.263720, 0.047712, 0.067133, 0.446633, 0.153499, 0.021302, 'build wind non-float'
1.52, 12.85, 3.51, 1.44, 73.01, 0.68, 8.23, 0.06, 0.25, 0.215413, 0.005436, 0.005089, 0.749954, 0.022182, 0.001927, 'build wind non-float'
1.51, 14.25, 3.09, 2.08, 72.28, 1.10, 7.08, 0.00, 0.00, 0.403412, 0.091424, 0.054386, 0.269151, 0.160953, 0.020674, 'build wind non-float'
1.52, 12.74, 3.48, 1.35, 72.96, 0.64, 8.68, 0.00, 0.00, 0.124562, 0.004428, 0.004830, 0.840683, 0.023700, 0.001796, 'build wind float'
1.52, 13.00, 3.80, 1.08, 73.07, 0.56, 8.38, 0.00, 0.12, 0.301932, 0.007884, 0.007841, 0.635281, 0.043960, 0.003101, 'build wind non-float'
1.52, 13.00, 3.58, 1.54, 72.83, 0.61, 8.04, 0.00, 0.00, 0.503440, 0.007057, 0.006223, 0.451136, 0.029759, 0.002385, 'build wind non-float'
1.52, 13.24, 3.34, 1.47, 73.10, 0.39, 8.22, 0.00, 0.00, 0.419100, 0.008775, 0.007544, 0.527696, 0.034238, 0.002646, 'build wind non-float'
1.52, 13.64, 3.54, 0.75, 72.65, 0.16, 8.89, 0.15, 0.24, 0.331948, 0.022482, 0.023851, 0.265196, 0.347913, 0.008610, 'vehic wind float'
1.52, 12.71, 3.42, 1.20, 73.20, 0.59, 8.64, 0.00, 0.00, 0.149378, 0.007649, 0.008269, 0.797171, 0.034476, 0.003057, 'build wind float'
1.52, 14.01, 2.68, 3.50, 69.89, 1.68, 5.87, 2.20, 0.00, 0.237801, 0.187309, 0.114917, 0.208012, 0.190500, 0.061461, containers
1.52, 13.21, 3.69, 1.29, 72.61, 0.57, 8.22, 0.00, 0.00, 0.807594, 0.003148, 0.002920, 0.164585, 0.020628, 0.001125, 'build wind float'
1.52, 13.08, 3.49, 1.28, 72.86, 0.60, 8.49, 0.00, 0.00, 0.206222, 0.002160, 0.002149, 0.775542, 0.013144, 0.000783, 'build wind float'
1.52, 13.20, 3.68, 1.15, 72.75, 0.54, 8.52, 0.00, 0.00, 0.530567, 0.005347, 0.005388, 0.413462, 0.043198, 0.002038, 'build wind non-float'
1.52, 12.57, 3.47, 1.38, 73.39, 0.60, 8.55, 0.00, 0.06, 0.192862, 0.013225, 0.013883, 0.727158, 0.047596, 0.005275, 'build wind float'
1.52, 13.20, 3.63, 1.07, 72.83, 0.57, 8.41, 0.09, 0.17, 0.487749, 0.006015, 0.005841, 0.457281, 0.040912, 0.002203, 'build wind non-float'
1.52, 13.30, 3.60, 1.14, 73.09, 0.58, 8.17, 0.00, 0.00, 0.479418, 0.008670, 0.007752, 0.460423, 0.040836, 0.002901, 'build wind float'
1.52, 13.09, 3.59, 1.52, 73.10, 0.67, 7.83, 0.00, 0.00, 0.458556, 0.013884, 0.011480, 0.465620, 0.046036, 0.004424, 'build wind non-float'
1.52, 14.37, 0.00, 2.74, 72.85, 0.00, 9.45, 0.54, 0.00, 0.050506, 0.661618, 0.159890, 0.050002, 0.050014, 0.027970, headlamps
1.52, 13.02, 3.54, 1.69, 72.73, 0.54, 8.44, 0.00, 0.07, 0.449742, 0.005791, 0.005570, 0.505570, 0.031268, 0.002059, 'build wind float'
1.52, 14.86, 2.20, 2.06, 70.26, 0.76, 9.76, 0.00, 0.00, 0.181027, 0.139532, 0.158485, 0.151270, 0.309053, 0.060632, headlamps
1.52, 13.69, 3.59, 1.12, 71.96, 0.09, 9.40, 0.00, 0.00, 0.032829, 0.003982, 0.004972, 0.025168, 0.931196, 0.001853, 'build wind float'
1.52, 13.65, 3.66, 1.11, 72.77, 0.11, 8.60, 0.00, 0.00, 0.500492, 0.016622, 0.015928, 0.296969, 0.164175, 0.005815, 'vehic wind float'
1.52, 13.41, 3.89, 1.33, 72.38, 0.51, 8.28, 0.00, 0.00, 0.711579, 0.008508, 0.007940, 0.195337, 0.073478, 0.003158, 'build wind non-float'
1.52, 13.64, 3.87, 1.27, 71.96, 0.54, 8.32, 0.00, 0.32, 0.510084, 0.020363, 0.019094, 0.219392, 0.223363, 0.007703, 'build wind non-float'
1.52, 13.60, 3.62, 1.11, 72.64, 0.14, 8.76, 0.00, 0.00, 0.455243, 0.016230, 0.016477, 0.282509, 0.223585, 0.005956, 'build wind float'
1.52, 13.29, 3.45, 1.21, 72.74, 0.56, 8.57, 0.00, 0.00, 0.584039, 0.004945, 0.004931, 0.365700, 0.038638, 0.001748, 'build wind float'
1.52, 14.21, 3.82, 0.47, 71.77, 0.11, 9.57, 0.00, 0.00, 0.095365, 0.019532, 0.024541, 0.076077, 0.774242, 0.010243, 'build wind float'
1.52, 13.72, 3.72, 0.51, 71.75, 0.09, 10.06, 0.00, 0.16, 0.089928, 0.020933, 0.032020, 0.081460, 0.761815, 0.013844, 'build wind float'
1.52, 13.87, 0.00, 2.54, 73.23, 0.14, 9.41, 0.81, 0.01, 0.049832, 0.657460, 0.167372, 0.051343, 0.046452, 0.027540, headlamps
1.52, 13.20, 3.33, 1.28, 72.36, 0.60, 9.14, 0.00, 0.11, 0.336651, 0.018345, 0.022643, 0.321080, 0.293505, 0.007776, 'build wind float'
1.52, 14.19, 3.78, 0.91, 71.36, 0.23, 9.14, 0.00, 0.37, 0.138802, 0.024530, 0.027272, 0.097621, 0.700438, 0.011337, 'vehic wind float'
1.53, 10.73, 0.00, 2.10, 69.81, 0.58, 13.30, 3.15, 0.28, 0.101863, 0.121106, 0.198714, 0.105425, 0.122706, 0.350186, 'build wind non-float'
1.52, 13.05, 3.65, 0.87, 72.32, 0.19, 9.85, 0.00, 0.17, 0.166021, 0.025084, 0.039142, 0.182669, 0.571334, 0.015751, 'build wind float'
1.52, 14.46, 2.24, 1.62, 72.38, 0.00, 9.26, 0.00, 0.00, 0.221172, 0.131773, 0.118233, 0.183932, 0.317851, 0.027040, tableware
1.52, 13.46, 3.83, 1.26, 72.55, 0.57, 8.21, 0.00, 0.14, 0.757834, 0.006661, 0.006062, 0.177867, 0.049205, 0.002370, 'build wind non-float'
1.52, 14.99, 0.78, 1.74, 72.50, 0.00, 9.95, 0.00, 0.00, 0.096031, 0.318646, 0.323580, 0.091005, 0.124067, 0.046672, tableware
1.52, 13.24, 3.90, 1.41, 72.33, 0.55, 8.31, 0.00, 0.10, 0.674419, 0.008865, 0.008486, 0.230748, 0.074061, 0.003421, 'build wind non-float'
1.52, 13.31, 3.58, 0.82, 71.99, 0.12, 10.17, 0.00, 0.03, 0.113067, 0.024528, 0.041382, 0.112473, 0.691548, 0.017001, 'build wind float'
1.52, 13.56, 3.57, 1.47, 72.45, 0.64, 7.96, 0.00, 0.00, 0.757522, 0.009902, 0.008122, 0.169831, 0.051567, 0.003056, 'build wind non-float'
1.52, 12.56, 3.52, 1.43, 73.15, 0.57, 8.54, 0.00, 0.00, 0.167173, 0.008579, 0.009042, 0.776091, 0.035642, 0.003473, 'build wind float'
1.51, 12.99, 3.47, 1.12, 72.98, 0.62, 8.35, 0.00, 0.31, 0.246148, 0.005711, 0.005582, 0.711722, 0.028762, 0.002075, 'build wind float'
1.52, 13.04, 3.40, 1.26, 73.01, 0.52, 8.58, 0.00, 0.00, 0.111786, 0.002461, 0.002502, 0.868742, 0.013623, 0.000887, 'vehic wind float'
1.52, 12.87, 3.48, 1.33, 73.04, 0.56, 8.43, 0.00, 0.00, 0.048715, 0.001177, 0.001169, 0.942921, 0.005584, 0.000433, 'build wind float'
1.52, 12.80, 3.66, 1.27, 73.01, 0.60, 8.56, 0.00, 0.00, 0.141214, 0.004116, 0.004328, 0.826026, 0.022643, 0.001673, 'build wind float'
1.52, 13.27, 3.62, 1.24, 73.08, 0.55, 8.07, 0.00, 0.00, 0.503991, 0.008787, 0.007644, 0.438334, 0.038357, 0.002887, 'build wind float'
1.52, 14.32, 3.90, 0.83, 71.50, 0.00, 9.49, 0.00, 0.00, 0.106657, 0.022587, 0.026838, 0.080786, 0.751743, 0.011389, 'vehic wind float'
1.52, 13.21, 3.39, 1.33, 72.76, 0.59, 8.59, 0.00, 0.00, 0.474416, 0.004362, 0.004370, 0.485071, 0.030253, 0.001527, 'build wind float'
1.52, 11.56, 1.88, 1.56, 72.86, 0.47, 11.41, 0.00, 0.00, 0.123784, 0.088845, 0.320963, 0.148306, 0.150950, 0.167152, containers
1.52, 13.71, 3.93, 1.54, 71.81, 0.54, 8.21, 0.00, 0.15, 0.492201, 0.025931, 0.023314, 0.222180, 0.226819, 0.009556, 'build wind non-float'
1.53, 12.64, 0.00, 0.67, 72.02, 0.06, 14.40, 0.00, 0.00, 0.013422, 0.016654, 0.051016, 0.014137, 0.018041, 0.886730, 'build wind non-float'
1.52, 12.82, 3.55, 1.49, 72.75, 0.54, 8.52, 0.00, 0.19, 0.229411, 0.004704, 0.004830, 0.732110, 0.027119, 0.001825, 'build wind float'
1.52, 12.98, 3.54, 1.21, 73.00, 0.65, 8.53, 0.00, 0.00, 0.113807, 0.002385, 0.002441, 0.867078, 0.013383, 0.000906, 'build wind float'
1.52, 13.75, 1.01, 1.36, 72.19, 0.33, 11.14, 0.00, 0.00, 0.045181, 0.063605, 0.722421, 0.046638, 0.070803, 0.051351, 'build wind non-float'
1.52, 14.94, 0.00, 1.87, 73.11, 0.00, 8.67, 1.38, 0.00, 0.018143, 0.907835, 0.031725, 0.017500, 0.017098, 0.007698, headlamps
1.52, 12.73, 3.43, 1.19, 72.95, 0.62, 8.76, 0.00, 0.30, 0.192854, 0.008840, 0.010019, 0.734298, 0.050280, 0.003710, 'build wind float'
1.52, 13.12, 3.58, 0.90, 72.20, 0.23, 9.82, 0.00, 0.16, 0.143384, 0.021518, 0.033417, 0.150677, 0.637858, 0.013146, 'build wind float'
1.52, 13.79, 2.41, 1.19, 72.76, 0.00, 9.77, 0.00, 0.00, 0.199278, 0.082730, 0.131172, 0.204959, 0.353546, 0.028315, tableware
1.52, 14.85, 0.00, 2.42, 73.72, 0.00, 8.39, 0.56, 0.00, 0.034335, 0.836014, 0.053842, 0.033720, 0.028914, 0.013174, headlamps
1.52, 13.48, 3.74, 0.90, 72.01, 0.18, 9.61, 0.00, 0.07, 0.055912, 0.007345, 0.010089, 0.048922, 0.873706, 0.004026, 'build wind float'
1.52, 14.95, 0.00, 1.80, 72.99, 0.00, 8.61, 1.55, 0.00, 0.028405, 0.858089, 0.047252, 0.027265, 0.026964, 0.012024, headlamps
1.52, 13.98, 1.35, 1.63, 71.76, 0.39, 10.56, 0.00, 0.18, 0.103421, 0.125440, 0.433637, 0.100877, 0.175716, 0.060908, 'build wind non-float'
1.52, 12.90, 3.44, 1.45, 73.06, 0.44, 8.27, 0.00, 0.00, 0.177264, 0.004348, 0.004045, 0.794948, 0.017904, 0.001491, 'build wind non-float'
1.52, 13.10, 3.97, 1.19, 72.44, 0.60, 8.43, 0.00, 0.00, 0.557061, 0.009993, 0.010148, 0.328361, 0.090258, 0.004179, 'build wind non-float'
1.52, 13.89, 3.60, 1.36, 72.73, 0.48, 7.83, 0.00, 0.00, 0.618377, 0.021807, 0.016542, 0.243842, 0.093257, 0.006175, 'build wind float'
1.52, 13.30, 3.64, 1.53, 72.53, 0.65, 8.03, 0.00, 0.29, 0.738116, 0.007652, 0.006606, 0.205617, 0.039473, 0.002537, 'build wind non-float'
1.52, 15.79, 1.83, 1.31, 70.43, 0.31, 8.61, 1.68, 0.00, 0.183270, 0.227430, 0.138793, 0.152619, 0.240853, 0.057036, headlamps
1.52, 14.92, 0.00, 1.99, 73.06, 0.00, 8.40, 1.59, 0.00, 0.026589, 0.873025, 0.039964, 0.025502, 0.024237, 0.010684, headlamps
1.52, 14.80, 0.00, 1.99, 73.11, 0.00, 8.28, 1.71, 0.00, 0.032950, 0.846130, 0.046856, 0.031747, 0.029366, 0.012952, headlamps
1.51, 13.02, 0.00, 3.04, 70.48, 6.21, 6.96, 0.00, 0.00, 0.188082, 0.191619, 0.168585, 0.183310, 0.162475, 0.105927, containers
1.52, 13.00, 3.47, 1.79, 72.72, 0.66, 8.18, 0.00, 0.00, 0.512325, 0.009207, 0.008215, 0.429077, 0.038119, 0.003057, 'build wind non-float'
1.52, 14.70, 0.00, 2.34, 73.28, 0.00, 8.95, 0.66, 0.00, 0.014534, 0.918867, 0.032375, 0.014287, 0.013451, 0.006487, headlamps
1.52, 13.58, 3.35, 1.23, 72.08, 0.59, 8.91, 0.00, 0.00, 0.343548, 0.017941, 0.019588, 0.195289, 0.416828, 0.006807, 'build wind float'
1.52, 12.64, 0.00, 1.65, 73.75, 0.38, 11.53, 0.00, 0.00, 0.048907, 0.087712, 0.633828, 0.054785, 0.054628, 0.120140, containers
1.52, 12.62, 2.76, 0.83, 73.81, 0.35, 9.42, 0.00, 0.20, 0.240943, 0.065537, 0.095285, 0.394233, 0.173426, 0.030576, 'build wind non-float'
1.52, 14.95, 0.00, 2.27, 73.30, 0.00, 8.71, 0.67, 0.00, 0.015550, 0.919751, 0.029015, 0.015064, 0.014175, 0.006444, headlamps
1.52, 13.90, 3.73, 1.18, 72.12, 0.06, 8.89, 0.00, 0.00, 0.240295, 0.018209, 0.018725, 0.141260, 0.574458, 0.007054, 'build wind float'
1.52, 14.38, 0.00, 1.94, 73.61, 0.00, 8.48, 1.57, 0.00, 0.030179, 0.852685, 0.048566, 0.030263, 0.025953, 0.012354, headlamps
1.52, 12.86, 3.58, 1.31, 72.61, 0.61, 8.79, 0.00, 0.00, 0.317531, 0.008595, 0.009698, 0.588674, 0.071828, 0.003673, 'vehic wind float'
1.52, 13.44, 3.34, 1.23, 72.38, 0.60, 8.83, 0.00, 0.00, 0.491653, 0.013864, 0.014877, 0.277350, 0.197167, 0.005089, headlamps
1.52, 13.55, 2.09, 1.67, 72.18, 0.53, 9.57, 0.27, 0.17, 0.212472, 0.105976, 0.151677, 0.205875, 0.292950, 0.031050, 'build wind non-float'
1.52, 14.32, 3.26, 2.22, 71.25, 1.46, 5.79, 1.63, 0.00, 0.288311, 0.154834, 0.087931, 0.236425, 0.190429, 0.042069, headlamps
1.52, 13.72, 0.00, 0.56, 74.45, 0.00, 10.99, 0.00, 0.00, 0.077319, 0.162720, 0.487739, 0.084915, 0.086135, 0.101173, 'build wind non-float'
1.52, 12.45, 2.71, 1.29, 73.70, 0.56, 9.06, 0.00, 0.24, 0.249364, 0.056050, 0.070663, 0.473123, 0.128238, 0.022563, 'build wind float'
1.52, 12.99, 3.18, 1.23, 72.97, 0.58, 8.81, 0.00, 0.24, 0.231320, 0.010586, 0.011735, 0.683410, 0.059031, 0.003918, 'build wind non-float'
1.52, 12.88, 3.43, 1.40, 73.28, 0.69, 8.05, 0.00, 0.24, 0.283639, 0.012466, 0.011055, 0.648999, 0.039683, 0.004158, 'build wind float'
1.52, 13.83, 2.90, 1.17, 71.15, 0.08, 10.79, 0.00, 0.00, 0.138662, 0.066897, 0.135552, 0.128992, 0.474973, 0.054924, 'build wind non-float'
1.53, 13.80, 3.15, 0.66, 70.57, 0.08, 11.64, 0.00, 0.00, 0.143385, 0.081428, 0.169511, 0.137166, 0.358909, 0.109601, 'build wind non-float'
1.52, 12.97, 0.33, 1.51, 73.39, 0.13, 11.27, 0.00, 0.28, 0.028266, 0.050855, 0.804297, 0.031444, 0.033528, 0.051610, containers
1.52, 12.86, 3.56, 1.27, 73.21, 0.54, 8.38, 0.00, 0.17, 0.151747, 0.005187, 0.005097, 0.813587, 0.022454, 0.001929, 'build wind float'
1.52, 11.95, 0.00, 1.19, 75.18, 2.70, 8.93, 0.00, 0.00, 0.160321, 0.205644, 0.228092, 0.184215, 0.123773, 0.097955, headlamps
1.52, 14.14, 0.00, 2.88, 72.61, 0.08, 9.18, 1.06, 0.00, 0.051257, 0.699220, 0.123623, 0.050493, 0.048943, 0.026464, headlamps
1.52, 13.64, 4.49, 1.10, 71.78, 0.06, 8.75, 0.00, 0.00, 0.288594, 0.027321, 0.028755, 0.196666, 0.445464, 0.013201, 'build wind float'
1.52, 12.61, 3.59, 1.31, 73.29, 0.58, 8.50, 0.00, 0.00, 0.182466, 0.009946, 0.010361, 0.752940, 0.040257, 0.004031, 'build wind float'
1.52, 13.02, 3.56, 1.54, 73.11, 0.72, 7.90, 0.00, 0.00, 0.416863, 0.012696, 0.010729, 0.513423, 0.042173, 0.004115, 'build wind non-float'
1.52, 12.79, 3.52, 1.54, 73.36, 0.66, 7.90, 0.00, 0.00, 0.323026, 0.018370, 0.015800, 0.584347, 0.052321, 0.006135, 'build wind non-float'
1.52, 14.36, 0.00, 2.02, 73.42, 0.00, 8.44, 1.64, 0.00, 0.028247, 0.863403, 0.044378, 0.028110, 0.024402, 0.011460, headlamps
1.52, 12.65, 3.56, 1.30, 73.08, 0.61, 8.69, 0.00, 0.14, 0.157045, 0.007259, 0.008016, 0.788109, 0.036504, 0.003068, 'build wind float'
1.52, 13.44, 0.00, 1.58, 72.22, 0.32, 12.24, 0.00, 0.00, 0.041210, 0.070505, 0.594732, 0.043127, 0.055863, 0.194563, containers
1.52, 13.15, 3.61, 1.05, 73.24, 0.57, 8.24, 0.00, 0.00, 0.335311, 0.010383, 0.009660, 0.594737, 0.046253, 0.003657, 'build wind float'
1.52, 13.48, 3.74, 1.17, 72.99, 0.59, 8.03, 0.00, 0.00, 0.602927, 0.011272, 0.009657, 0.318209, 0.054228, 0.003707, 'build wind float'
1.52, 12.89, 3.62, 1.57, 72.96, 0.61, 8.11, 0.00, 0.00, 0.348883, 0.007481, 0.006778, 0.604035, 0.030201, 0.002622, 'build wind non-float'
1.52, 13.73, 3.84, 0.72, 71.76, 0.17, 9.74, 0.00, 0.00, 0.053998, 0.009439, 0.013032, 0.045604, 0.872419, 0.005508, 'build wind float'
1.52, 13.09, 3.52, 1.55, 72.87, 0.68, 8.05, 0.00, 0.09, 0.534502, 0.006748, 0.005864, 0.423240, 0.027443, 0.002202, 'build wind non-float'
1.52, 12.68, 3.67, 1.16, 73.11, 0.61, 8.70, 0.00, 0.00, 0.193601, 0.009139, 0.010167, 0.733813, 0.049291, 0.003989, 'build wind float'
1.52, 13.89, 3.53, 1.32, 71.81, 0.51, 8.78, 0.11, 0.00, 0.295509, 0.022633, 0.022492, 0.155523, 0.495553, 0.008290, 'build wind float'
1.52, 13.81, 3.58, 1.32, 71.72, 0.12, 8.67, 0.69, 0.00, 0.297807, 0.034697, 0.031335, 0.182496, 0.441556, 0.012109, 'build wind float'
1.52, 12.86, 0.00, 1.83, 73.88, 0.97, 10.17, 0.00, 0.00, 0.079904, 0.185543, 0.499150, 0.090344, 0.074782, 0.070276, containers
1.52, 13.34, 3.57, 1.57, 72.87, 0.61, 7.89, 0.00, 0.00, 0.651626, 0.010192, 0.008245, 0.287612, 0.039222, 0.003103, 'build wind non-float'
1.52, 12.93, 3.66, 1.56, 72.51, 0.58, 8.55, 0.00, 0.12, 0.475259, 0.007740, 0.007965, 0.450527, 0.055440, 0.003070, 'build wind non-float'
1.52, 13.72, 3.68, 1.81, 72.06, 0.64, 7.88, 0.00, 0.00, 0.568588, 0.027985, 0.022263, 0.235809, 0.136650, 0.008707, 'build wind non-float'
1.52, 13.78, 2.28, 1.43, 71.99, 0.49, 9.85, 0.00, 0.17, 0.180285, 0.080393, 0.139789, 0.167657, 0.400869, 0.031007, 'build wind non-float'
1.52, 14.86, 3.67, 1.74, 71.87, 0.16, 7.36, 0.00, 0.12, 0.367636, 0.084563, 0.055153, 0.231642, 0.238602, 0.022404, 'build wind non-float'
1.52, 13.43, 3.98, 1.18, 72.49, 0.58, 8.15, 0.00, 0.00, 0.659581, 0.010751, 0.009864, 0.235271, 0.080526, 0.004008, 'build wind non-float'
1.51, 13.69, 3.20, 1.81, 72.81, 1.76, 5.43, 1.19, 0.00, 0.306277, 0.143111, 0.081223, 0.271808, 0.159860, 0.037721, headlamps
1.52, 14.17, 3.81, 0.78, 71.35, 0.00, 9.69, 0.00, 0.00, 0.094992, 0.022336, 0.028617, 0.075327, 0.766364, 0.012364, 'build wind float'
1.53, 13.70, 0.00, 1.36, 71.24, 0.19, 13.44, 0.00, 0.10, 0.052634, 0.074334, 0.253877, 0.053736, 0.075014, 0.490406, 'build wind non-float'
1.52, 13.33, 3.85, 1.25, 72.78, 0.52, 8.12, 0.00, 0.00, 0.678857, 0.007164, 0.006432, 0.262691, 0.042321, 0.002535, 'build wind non-float'
1.52, 13.41, 3.39, 1.28, 72.64, 0.52, 8.65, 0.00, 0.00, 0.636145, 0.007152, 0.007141, 0.281895, 0.065207, 0.002460, 'vehic wind float'
1.52, 12.81, 3.57, 1.35, 73.02, 0.62, 8.59, 0.00, 0.00, 0.096573, 0.002842, 0.002988, 0.881562, 0.014909, 0.001127, 'build wind float'
1.52, 15.15, 0.00, 2.25, 73.50, 0.00, 8.34, 0.63, 0.00, 0.033115, 0.843639, 0.049991, 0.031857, 0.028840, 0.012559, headlamps
1.52, 12.73, 1.85, 1.86, 72.69, 0.60, 10.09, 0.00, 0.00, 0.168049, 0.106128, 0.288028, 0.200323, 0.184944, 0.052528, containers
1.52, 14.77, 3.75, 0.29, 72.02, 0.03, 9.00, 0.00, 0.00, 0.204936, 0.046979, 0.047760, 0.152812, 0.528227, 0.019287, 'build wind float'
1.52, 13.25, 3.76, 1.32, 72.40, 0.58, 8.42, 0.00, 0.00, 0.729464, 0.005900, 0.005782, 0.202588, 0.054016, 0.002250, 'build wind non-float'
1.53, 11.23, 0.00, 0.77, 73.21, 0.00, 14.68, 0.00, 0.00, 0.028650, 0.033276, 0.087905, 0.031080, 0.035046, 0.784043, 'build wind non-float'
1.52, 13.51, 3.86, 0.88, 71.79, 0.23, 9.54, 0.00, 0.11, 0.059403, 0.007895, 0.010516, 0.049244, 0.868532, 0.004410, 'build wind float'
1.52, 14.85, 0.00, 2.38, 73.28, 0.00, 8.76, 0.64, 0.09, 0.015477, 0.918935, 0.029949, 0.015056, 0.014069, 0.006513, headlamps
1.51, 13.00, 0.00, 3.02, 70.70, 6.21, 6.93, 0.00, 0.00, 0.188500, 0.192641, 0.168448, 0.184163, 0.161396, 0.104852, containers
1.53, 11.02, 0.00, 0.75, 73.08, 0.00, 14.96, 0.00, 0.00, 0.032157, 0.036598, 0.091583, 0.034783, 0.039243, 0.765637, 'build wind non-float'
1.52, 14.21, 3.82, 0.47, 71.77, 0.11, 9.57, 0.00, 0.00, 0.095365, 0.019532, 0.024541, 0.076077, 0.774242, 0.010243, 'build wind float'
1.52, 12.84, 3.50, 1.14, 73.27, 0.56, 8.55, 0.00, 0.00, 0.165384, 0.007477, 0.007762, 0.782686, 0.033797, 0.002894, 'build wind float'
1.52, 12.85, 3.67, 1.24, 72.57, 0.62, 8.68, 0.00, 0.35, 0.359968, 0.010088, 0.011117, 0.532680, 0.081793, 0.004354, 'build wind non-float'
1.52, 13.41, 3.55, 1.25, 72.81, 0.68, 8.10, 0.00, 0.00, 0.756343, 0.005304, 0.004598, 0.205042, 0.027009, 0.001705, 'build wind non-float'
1.52, 15.01, 0.00, 2.51, 73.05, 0.05, 8.83, 0.53, 0.00, 0.028117, 0.851296, 0.055185, 0.026967, 0.026299, 0.012137, headlamps
1.52, 12.94, 3.61, 1.26, 72.75, 0.56, 8.60, 0.00, 0.00, 0.259490, 0.004288, 0.004522, 0.699059, 0.030928, 0.001713, 'build wind non-float'
1.52, 13.12, 3.41, 1.58, 73.26, 0.07, 8.39, 0.00, 0.19, 0.339366, 0.017333, 0.015593, 0.557185, 0.064978, 0.005546, 'build wind non-float'
1.53, 13.99, 3.70, 0.71, 71.57, 0.02, 9.82, 0.00, 0.10, 0.067216, 0.015230, 0.020948, 0.055740, 0.832120, 0.008746, 'build wind float'
1.52, 14.39, 0.00, 1.82, 72.86, 1.41, 6.47, 2.88, 0.00, 0.156074, 0.389305, 0.129021, 0.149592, 0.121702, 0.054306, headlamps
1.52, 14.04, 3.58, 1.37, 72.08, 0.56, 8.30, 0.00, 0.00, 0.510472, 0.025966, 0.022232, 0.202766, 0.230329, 0.008235, 'build wind float'
1.52, 13.88, 1.78, 1.79, 73.10, 0.00, 8.67, 0.76, 0.00, 0.216010, 0.272569, 0.118081, 0.212055, 0.154715, 0.026570, headlamps
1.52, 14.36, 3.85, 0.89, 71.36, 0.15, 9.15, 0.00, 0.00, 0.143447, 0.027442, 0.029926, 0.100825, 0.685800, 0.012561, 'build wind float'
1.52, 12.87, 3.48, 1.29, 72.95, 0.60, 8.43, 0.00, 0.00, 0.050102, 0.001032, 0.001033, 0.942213, 0.005236, 0.000384, 'build wind float'
1.52, 11.03, 1.71, 1.56, 73.44, 0.58, 11.62, 0.00, 0.00, 0.121636, 0.095317, 0.292973, 0.146882, 0.133989, 0.209204, containers
1.52, 14.56, 0.00, 0.56, 73.48, 0.00, 11.22, 0.00, 0.00, 0.063609, 0.149331, 0.550301, 0.066158, 0.081139, 0.089463, tableware
1.52, 13.01, 3.50, 1.48, 72.89, 0.60, 8.12, 0.00, 0.00, 0.417713, 0.005291, 0.004729, 0.547944, 0.022552, 0.001772, 'build wind non-float'
1.52, 13.40, 3.49, 1.52, 72.65, 0.67, 8.08, 0.00, 0.10, 0.841527, 0.004152, 0.003507, 0.129361, 0.020168, 0.001286, 'build wind non-float'
1.52, 13.50, 3.36, 1.63, 71.94, 0.57, 8.81, 0.00, 0.09, 0.414470, 0.022996, 0.023853, 0.225348, 0.304908, 0.008426, 'vehic wind float'
1.52, 14.43, 0.00, 1.00, 72.67, 0.10, 11.52, 0.00, 0.08, 0.044850, 0.100349, 0.664090, 0.045920, 0.061435, 0.083356, 'build wind non-float'
1.52, 12.69, 3.54, 1.34, 72.95, 0.57, 8.75, 0.00, 0.00, 0.166201, 0.006756, 0.007563, 0.778253, 0.038366, 0.002861, 'build wind float'
1.52, 14.23, 0.00, 2.08, 73.36, 0.00, 8.62, 1.67, 0.00, 0.028938, 0.854304, 0.049906, 0.028999, 0.025426, 0.012427, headlamps
1.52, 12.78, 3.62, 1.29, 72.79, 0.59, 8.70, 0.00, 0.00, 0.212396, 0.006036, 0.006657, 0.731446, 0.040908, 0.002557, 'build wind float'
1.52, 13.43, 2.87, 1.19, 72.84, 0.55, 9.03, 0.00, 0.00, 0.341876, 0.030497, 0.034604, 0.390710, 0.192427, 0.009886, 'build wind float'
1.52, 13.24, 3.57, 1.38, 72.70, 0.56, 8.44, 0.00, 0.10, 0.804769, 0.001981, 0.001904, 0.176827, 0.013820, 0.000699, 'vehic wind float'
1.52, 13.38, 0.00, 1.40, 72.25, 0.33, 12.50, 0.00, 0.00, 0.043511, 0.070218, 0.504013, 0.045670, 0.059349, 0.277240, containers
1.52, 13.49, 3.48, 1.35, 71.95, 0.55, 9.00, 0.00, 0.00, 0.291580, 0.017509, 0.019797, 0.178810, 0.485112, 0.007192, 'build wind float'
1.52, 13.21, 2.81, 1.29, 72.98, 0.51, 9.02, 0.00, 0.09, 0.309504, 0.030935, 0.035678, 0.467721, 0.146028, 0.010133, 'build wind float'
1.52, 14.00, 2.39, 1.56, 72.37, 0.00, 9.57, 0.00, 0.00, 0.206884, 0.089151, 0.113598, 0.186259, 0.378632, 0.025477, tableware
1.52, 14.38, 0.00, 2.66, 73.10, 0.04, 9.08, 0.64, 0.00, 0.029730, 0.826287, 0.072965, 0.029484, 0.027458, 0.014077, headlamps
1.52, 14.15, 0.00, 2.09, 72.74, 0.00, 10.88, 0.00, 0.00, 0.038412, 0.124294, 0.703618, 0.039369, 0.047064, 0.047244, tableware
1.52, 13.02, 3.62, 1.06, 72.34, 0.64, 9.13, 0.00, 0.15, 0.319082, 0.017388, 0.021909, 0.339584, 0.293613, 0.008424, 'build wind non-float'
1.52, 13.02, 3.58, 1.51, 73.12, 0.69, 7.96, 0.00, 0.00, 0.398107, 0.011007, 0.009451, 0.539496, 0.038318, 0.003621, 'build wind non-float'
1.52, 13.25, 3.45, 1.43, 73.17, 0.61, 7.86, 0.00, 0.00, 0.475588, 0.014760, 0.011856, 0.446162, 0.047240, 0.004394, 'build wind non-float'
1.52, 12.55, 3.48, 1.87, 73.23, 0.63, 8.08, 0.00, 0.09, 0.305038, 0.021278, 0.019234, 0.587248, 0.059702, 0.007500, 'build wind non-float'
1.52, 12.93, 3.54, 1.62, 72.96, 0.64, 8.03, 0.00, 0.21, 0.394625, 0.009613, 0.008433, 0.548686, 0.035422, 0.003221, 'build wind non-float'
1.52, 13.33, 3.54, 1.61, 72.54, 0.68, 8.11, 0.00, 0.00, 0.815750, 0.005036, 0.004339, 0.147497, 0.025761, 0.001617, 'build wind non-float'
1.52, 13.19, 3.37, 1.18, 72.72, 0.57, 8.83, 0.00, 0.16, 0.379684, 0.009669, 0.010653, 0.507599, 0.088708, 0.003687, 'build wind float'
1.52, 13.53, 3.41, 1.52, 72.04, 0.58, 8.79, 0.00, 0.00, 0.448392, 0.019179, 0.019823, 0.221538, 0.284050, 0.007017, 'vehic wind float'
1.52, 12.85, 3.48, 1.23, 72.97, 0.61, 8.56, 0.09, 0.22, 0.111324, 0.003159, 0.003274, 0.864089, 0.016940, 0.001215, 'build wind float'
1.52, 13.36, 3.43, 1.43, 72.26, 0.51, 8.60, 0.00, 0.00, 0.641034, 0.010176, 0.010127, 0.223918, 0.111124, 0.003620, 'build wind non-float'
1.52, 13.38, 3.50, 1.15, 72.85, 0.50, 8.43, 0.00, 0.00, 0.625442, 0.005560, 0.005258, 0.324135, 0.037718, 0.001887, 'build wind float'
1.52, 14.20, 0.00, 2.79, 73.46, 0.04, 9.04, 0.40, 0.09, 0.048752, 0.719764, 0.116292, 0.049408, 0.042864, 0.022918, headlamps
1.52, 13.53, 3.55, 1.54, 72.99, 0.39, 7.78, 0.00, 0.00, 0.587734, 0.018300, 0.013897, 0.311886, 0.062996, 0.005187, 'build wind float'
1.52, 12.81, 3.54, 1.23, 73.24, 0.58, 8.39, 0.00, 0.00, 0.154820, 0.005995, 0.005955, 0.805743, 0.025228, 0.002258, 'build wind float'
1.52, 13.42, 3.40, 1.22, 72.69, 0.59, 8.32, 0.00, 0.00, 0.827597, 0.003366, 0.003059, 0.143303, 0.021592, 0.001084, 'vehic wind float'
1.52, 12.86, 3.52, 2.12, 72.66, 0.69, 7.97, 0.00, 0.00, 0.461537, 0.022986, 0.019574, 0.414090, 0.074199, 0.007614, 'build wind non-float'
1.52, 13.92, 3.52, 1.25, 72.88, 0.37, 7.94, 0.00, 0.14, 0.583855, 0.023505, 0.017971, 0.267292, 0.100840, 0.006537, 'build wind non-float'
1.52, 12.67, 2.88, 1.71, 73.21, 0.73, 8.54, 0.00, 0.00, 0.264871, 0.026648, 0.026491, 0.604060, 0.069254, 0.008677, 'build wind non-float'
1.52, 14.09, 2.19, 1.66, 72.67, 0.00, 9.32, 0.00, 0.00, 0.230501, 0.127400, 0.127607, 0.210705, 0.277150, 0.026637, tableware
