% Title: Iris
%
% Centers:
% 	5.003561 3.403040 1.484995 0.251538 
% 	5.889117 2.761205 4.364134 1.397384 
% 	6.775018 3.052402 5.646789 2.053560 
%

@RELATION

@ATTRIBUTE Attribute0 	 REAL
@ATTRIBUTE Attribute1 	 REAL
@ATTRIBUTE Attribute2 	 REAL
@ATTRIBUTE Attribute3 	 REAL
@ATTRIBUTE MU 	 FUZZY {Zhluk0, Zhluk1, Zhluk2}
@ATTRIBUTE class 	 {Iris-setosa, Iris-versicolor, Iris-virginica}

@DATA
5.10, 3.50, 1.40, 0.20, 0.996336, 0.002501, 0.001163, Iris-setosa
4.90, 3.00, 1.40, 0.20, 0.976954, 0.015889, 0.007156, Iris-setosa
4.70, 3.20, 1.30, 0.20, 0.980310, 0.013429, 0.006261, Iris-setosa
4.60, 3.10, 1.50, 0.20, 0.968313, 0.021854, 0.009834, Iris-setosa
5.00, 3.60, 1.40, 0.20, 0.993927, 0.004131, 0.001942, Iris-setosa
5.40, 3.90, 1.70, 0.40, 0.933143, 0.045785, 0.021072, Iris-setosa
4.60, 3.40, 1.40, 0.30, 0.979488, 0.014006, 0.006506, Iris-setosa
5.00, 3.40, 1.50, 0.20, 0.999611, 0.000268, 0.000121, Iris-setosa
4.40, 2.90, 1.40, 0.20, 0.931558, 0.046908, 0.021534, Iris-setosa
4.90, 3.10, 1.50, 0.10, 0.983691, 0.011267, 0.005043, Iris-setosa
5.40, 3.70, 1.50, 0.20, 0.967215, 0.022319, 0.010466, Iris-setosa
4.80, 3.40, 1.60, 0.20, 0.992281, 0.005333, 0.002387, Iris-setosa
4.80, 3.00, 1.40, 0.10, 0.971748, 0.019421, 0.008832, Iris-setosa
4.30, 3.00, 1.10, 0.10, 0.923699, 0.051302, 0.024999, Iris-setosa
5.80, 4.00, 1.20, 0.20, 0.888399, 0.073503, 0.038098, Iris-setosa
5.70, 4.40, 1.50, 0.40, 0.839276, 0.105708, 0.055017, Iris-setosa
5.40, 3.90, 1.30, 0.40, 0.945518, 0.036522, 0.017961, Iris-setosa
5.10, 3.50, 1.40, 0.30, 0.996307, 0.002524, 0.001168, Iris-setosa
5.70, 3.80, 1.70, 0.30, 0.903065, 0.066287, 0.030648, Iris-setosa
5.10, 3.80, 1.50, 0.30, 0.978069, 0.014919, 0.007012, Iris-setosa
5.40, 3.40, 1.70, 0.20, 0.968756, 0.021749, 0.009495, Iris-setosa
5.10, 3.70, 1.50, 0.40, 0.983901, 0.011010, 0.005089, Iris-setosa
4.60, 3.60, 1.00, 0.20, 0.958130, 0.027860, 0.014010, Iris-setosa
5.10, 3.30, 1.70, 0.50, 0.979779, 0.014213, 0.006007, Iris-setosa
4.80, 3.40, 1.90, 0.20, 0.967269, 0.022996, 0.009735, Iris-setosa
5.00, 3.00, 1.60, 0.20, 0.974905, 0.017524, 0.007571, Iris-setosa
5.00, 3.40, 1.60, 0.40, 0.994861, 0.003570, 0.001569, Iris-setosa
5.20, 3.50, 1.50, 0.20, 0.993093, 0.004740, 0.002167, Iris-setosa
5.20, 3.40, 1.40, 0.20, 0.993660, 0.004339, 0.002001, Iris-setosa
4.70, 3.20, 1.60, 0.20, 0.980240, 0.013699, 0.006061, Iris-setosa
4.80, 3.10, 1.60, 0.20, 0.979752, 0.014086, 0.006162, Iris-setosa
5.40, 3.40, 1.50, 0.40, 0.974274, 0.017758, 0.007968, Iris-setosa
5.20, 4.10, 1.50, 0.10, 0.936927, 0.042210, 0.020862, Iris-setosa
5.50, 4.20, 1.40, 0.20, 0.902386, 0.064662, 0.032952, Iris-setosa
4.90, 3.10, 1.50, 0.10, 0.983691, 0.011267, 0.005043, Iris-setosa
5.00, 3.20, 1.20, 0.20, 0.985406, 0.009920, 0.004673, Iris-setosa
5.50, 3.50, 1.30, 0.20, 0.963827, 0.024493, 0.011680, Iris-setosa
4.90, 3.10, 1.50, 0.10, 0.983691, 0.011267, 0.005043, Iris-setosa
4.40, 3.00, 1.30, 0.20, 0.940572, 0.040477, 0.018951, Iris-setosa
5.10, 3.40, 1.50, 0.20, 0.998342, 0.001141, 0.000517, Iris-setosa
5.00, 3.50, 1.30, 0.30, 0.994361, 0.003833, 0.001806, Iris-setosa
4.50, 2.30, 1.30, 0.30, 0.852731, 0.100899, 0.046370, Iris-setosa
4.40, 3.20, 1.30, 0.20, 0.953073, 0.031864, 0.015063, Iris-setosa
5.00, 3.50, 1.60, 0.60, 0.978871, 0.014671, 0.006457, Iris-setosa
5.10, 3.80, 1.90, 0.40, 0.944176, 0.038890, 0.016934, Iris-setosa
4.80, 3.00, 1.40, 0.30, 0.973202, 0.018493, 0.008305, Iris-setosa
5.10, 3.80, 1.60, 0.20, 0.975756, 0.016549, 0.007695, Iris-setosa
4.60, 3.20, 1.40, 0.20, 0.974771, 0.017275, 0.007954, Iris-setosa
5.30, 3.70, 1.50, 0.20, 0.976396, 0.016081, 0.007523, Iris-setosa
5.00, 3.30, 1.40, 0.20, 0.997361, 0.001810, 0.000829, Iris-setosa
7.00, 3.20, 4.70, 1.40, 0.044601, 0.454304, 0.501095, Iris-versicolor
6.40, 3.20, 4.50, 1.50, 0.029174, 0.764091, 0.206735, Iris-versicolor
6.90, 3.10, 4.90, 1.50, 0.031288, 0.368801, 0.599911, Iris-versicolor
5.50, 2.30, 4.00, 1.30, 0.049540, 0.869985, 0.080476, Iris-versicolor
6.50, 2.80, 4.60, 1.50, 0.024132, 0.758793, 0.217076, Iris-versicolor
5.70, 2.80, 4.50, 1.30, 0.005753, 0.973777, 0.020470, Iris-versicolor
6.30, 3.30, 4.70, 1.60, 0.029804, 0.673076, 0.297120, Iris-versicolor
4.90, 2.40, 3.30, 1.00, 0.286364, 0.581514, 0.132122, Iris-versicolor
6.60, 2.90, 4.60, 1.30, 0.031263, 0.721071, 0.247666, Iris-versicolor
5.20, 2.70, 3.90, 1.40, 0.074982, 0.830298, 0.094720, Iris-versicolor
5.00, 2.00, 3.50, 1.00, 0.219416, 0.635668, 0.144916, Iris-versicolor
5.90, 3.00, 4.20, 1.50, 0.009197, 0.962070, 0.028733, Iris-versicolor
6.00, 2.20, 4.00, 1.00, 0.055837, 0.843030, 0.101134, Iris-versicolor
6.10, 2.90, 4.70, 1.40, 0.012120, 0.899706, 0.088173, Iris-versicolor
5.60, 2.90, 3.60, 1.30, 0.091884, 0.815922, 0.092193, Iris-versicolor
6.70, 3.10, 4.40, 1.40, 0.041748, 0.689922, 0.268330, Iris-versicolor
5.60, 3.00, 4.50, 1.50, 0.014173, 0.933152, 0.052675, Iris-versicolor
5.80, 2.70, 4.10, 1.00, 0.025976, 0.925630, 0.048394, Iris-versicolor
6.20, 2.20, 4.50, 1.50, 0.027210, 0.835369, 0.137421, Iris-versicolor
5.60, 2.50, 3.90, 1.10, 0.051755, 0.877446, 0.070799, Iris-versicolor
5.90, 3.20, 4.80, 1.80, 0.027629, 0.721692, 0.250679, Iris-versicolor
6.10, 2.80, 4.00, 1.30, 0.019538, 0.934223, 0.046239, Iris-versicolor
6.30, 2.50, 4.90, 1.50, 0.024006, 0.705463, 0.270531, Iris-versicolor
6.10, 2.80, 4.70, 1.20, 0.013948, 0.902769, 0.083282, Iris-versicolor
6.40, 2.90, 4.30, 1.30, 0.022931, 0.875928, 0.101141, Iris-versicolor
6.60, 3.00, 4.40, 1.40, 0.033968, 0.754825, 0.211206, Iris-versicolor
6.80, 2.80, 4.80, 1.40, 0.033642, 0.523707, 0.442651, Iris-versicolor
6.70, 3.00, 5.00, 1.70, 0.021202, 0.306372, 0.672426, Iris-versicolor
6.00, 2.90, 4.50, 1.50, 0.004935, 0.968917, 0.026148, Iris-versicolor
5.70, 2.60, 3.50, 1.00, 0.128804, 0.766560, 0.104636, Iris-versicolor
5.50, 2.40, 3.80, 1.10, 0.078120, 0.831977, 0.089903, Iris-versicolor
5.50, 2.40, 3.70, 1.00, 0.104212, 0.795050, 0.100737, Iris-versicolor
5.80, 2.70, 3.90, 1.20, 0.031083, 0.918585, 0.050332, Iris-versicolor
6.00, 2.70, 5.10, 1.60, 0.024000, 0.656346, 0.319655, Iris-versicolor
5.40, 3.00, 4.50, 1.50, 0.026423, 0.891115, 0.082462, Iris-versicolor
6.00, 3.40, 4.50, 1.60, 0.032147, 0.797205, 0.170648, Iris-versicolor
6.70, 3.10, 4.70, 1.50, 0.033475, 0.555482, 0.411043, Iris-versicolor
6.30, 2.30, 4.40, 1.30, 0.026930, 0.857600, 0.115471, Iris-versicolor
5.60, 3.00, 4.10, 1.30, 0.024145, 0.928850, 0.047005, Iris-versicolor
5.50, 2.50, 4.00, 1.30, 0.038319, 0.899267, 0.062415, Iris-versicolor
5.50, 2.60, 4.40, 1.20, 0.019692, 0.931052, 0.049257, Iris-versicolor
6.10, 3.00, 4.60, 1.40, 0.011621, 0.915718, 0.072661, Iris-versicolor
5.80, 2.60, 4.00, 1.20, 0.022598, 0.935583, 0.041819, Iris-versicolor
5.00, 2.30, 3.30, 1.00, 0.270119, 0.597322, 0.132560, Iris-versicolor
5.60, 2.70, 4.20, 1.30, 0.012725, 0.958802, 0.028473, Iris-versicolor
5.70, 3.00, 4.20, 1.20, 0.016819, 0.945492, 0.037689, Iris-versicolor
5.70, 2.90, 4.20, 1.30, 0.009603, 0.967367, 0.023031, Iris-versicolor
6.20, 2.90, 4.30, 1.30, 0.011417, 0.943885, 0.044697, Iris-versicolor
5.10, 2.50, 3.00, 1.10, 0.356781, 0.518955, 0.124264, Iris-versicolor
5.70, 2.80, 4.10, 1.30, 0.012732, 0.960503, 0.026765, Iris-versicolor
6.30, 3.30, 6.00, 2.50, 0.019365, 0.120751, 0.859883, Iris-virginica
5.80, 2.70, 5.10, 1.90, 0.029331, 0.615587, 0.355082, Iris-virginica
7.10, 3.00, 5.90, 2.10, 0.006079, 0.038155, 0.955765, Iris-virginica
6.30, 2.90, 5.60, 1.80, 0.012536, 0.141957, 0.845507, Iris-virginica
6.50, 3.00, 5.80, 2.20, 0.004757, 0.037644, 0.957598, Iris-virginica
7.60, 3.00, 6.60, 2.10, 0.035477, 0.152681, 0.811842, Iris-virginica
4.90, 2.50, 4.50, 1.70, 0.073142, 0.759811, 0.167047, Iris-virginica
7.30, 2.90, 6.30, 1.80, 0.021912, 0.115148, 0.862940, Iris-virginica
6.70, 2.50, 5.80, 1.80, 0.014009, 0.117352, 0.868639, Iris-virginica
7.20, 3.60, 6.10, 2.50, 0.024418, 0.114600, 0.860982, Iris-virginica
6.50, 3.20, 5.10, 2.00, 0.016771, 0.209906, 0.773323, Iris-virginica
6.40, 2.70, 5.30, 1.90, 0.015771, 0.223152, 0.761076, Iris-virginica
6.80, 3.00, 5.50, 2.10, 0.001167, 0.010017, 0.988816, Iris-virginica
5.70, 2.50, 5.00, 2.00, 0.034415, 0.659932, 0.305653, Iris-virginica
5.80, 2.80, 5.10, 2.40, 0.038404, 0.460992, 0.500604, Iris-virginica
6.40, 3.20, 5.30, 2.30, 0.014068, 0.136076, 0.849856, Iris-virginica
6.50, 3.00, 5.50, 1.80, 0.007166, 0.079622, 0.913212, Iris-virginica
7.70, 3.80, 6.70, 2.20, 0.050589, 0.185830, 0.763581, Iris-virginica
7.70, 2.60, 6.90, 2.30, 0.049213, 0.193259, 0.757527, Iris-virginica
6.00, 2.20, 5.00, 1.50, 0.032252, 0.710676, 0.257072, Iris-virginica
6.90, 3.20, 5.70, 2.30, 0.003829, 0.025701, 0.970469, Iris-virginica
5.60, 2.80, 4.90, 2.00, 0.033678, 0.706955, 0.259367, Iris-virginica
7.70, 2.80, 6.70, 2.00, 0.041996, 0.174835, 0.783169, Iris-virginica
6.30, 2.70, 4.90, 1.80, 0.022825, 0.595797, 0.381379, Iris-virginica
6.70, 3.30, 5.70, 2.10, 0.002914, 0.021745, 0.975341, Iris-virginica
7.20, 3.20, 6.00, 1.80, 0.012914, 0.075175, 0.911911, Iris-virginica
6.20, 2.80, 4.80, 1.80, 0.020996, 0.707826, 0.271178, Iris-virginica
6.10, 3.00, 4.90, 1.80, 0.023105, 0.646959, 0.329936, Iris-virginica
6.40, 2.80, 5.60, 2.10, 0.008365, 0.083008, 0.908627, Iris-virginica
7.20, 3.00, 5.80, 1.60, 0.014456, 0.094759, 0.890785, Iris-virginica
7.40, 2.80, 6.10, 1.90, 0.019801, 0.107456, 0.872744, Iris-virginica
7.90, 3.80, 6.40, 2.00, 0.050903, 0.189007, 0.760090, Iris-virginica
6.40, 2.80, 5.60, 2.20, 0.008963, 0.084848, 0.906189, Iris-virginica
6.30, 2.80, 5.10, 1.50, 0.023414, 0.540256, 0.436331, Iris-virginica
6.10, 2.60, 5.60, 1.40, 0.031225, 0.392739, 0.576036, Iris-virginica
7.70, 3.00, 6.10, 2.30, 0.028675, 0.131783, 0.839543, Iris-virginica
6.30, 3.40, 5.60, 2.40, 0.017230, 0.128708, 0.854062, Iris-virginica
6.40, 3.10, 5.50, 1.80, 0.009789, 0.110080, 0.880131, Iris-virginica
6.00, 3.00, 4.80, 1.80, 0.021737, 0.749950, 0.228313, Iris-virginica
6.90, 3.10, 5.40, 2.10, 0.003491, 0.028963, 0.967547, Iris-virginica
6.70, 3.10, 5.60, 2.40, 0.005080, 0.037681, 0.957239, Iris-virginica
6.90, 3.10, 5.10, 2.30, 0.015408, 0.129492, 0.855100, Iris-virginica
5.80, 2.70, 5.10, 1.90, 0.029331, 0.615587, 0.355082, Iris-virginica
6.80, 3.20, 5.90, 2.30, 0.005252, 0.033737, 0.961011, Iris-virginica
6.70, 3.30, 5.70, 2.50, 0.009704, 0.063186, 0.927110, Iris-virginica
6.70, 3.00, 5.20, 2.30, 0.011268, 0.106390, 0.882342, Iris-virginica
6.30, 2.50, 5.00, 1.90, 0.025831, 0.507539, 0.466631, Iris-virginica
6.50, 3.00, 5.20, 2.00, 0.012121, 0.156440, 0.831439, Iris-virginica
6.20, 3.40, 5.40, 2.30, 0.021586, 0.189048, 0.789366, Iris-virginica
5.90, 3.00, 5.10, 1.80, 0.026941, 0.581814, 0.391245, Iris-virginica
