% Title: Title
%
% Centers:
% 	5.003561 3.403040 1.484994 0.251538 
% 	5.889106 2.761201 4.364116 1.397374 
% 	6.774998 3.052396 5.646766 2.053552 
%

@RELATION

@ATTRIBUTE Attribute0 	 REAL
@ATTRIBUTE Attribute1 	 REAL
@ATTRIBUTE Attribute2 	 REAL
@ATTRIBUTE Attribute3 	 REAL
@ATTRIBUTE MU 	 FUZZY {Zhluk0, Zhluk1, Zhluk2}
@ATTRIBUTE class 	 {Iris-setosa, Iris-versicolor, Iris-virginica}

@DATA
5.10, 3.50, 1.40, 0.20, 0.996336, 0.002501, 0.001163, Iris-setosa
4.90, 3.00, 1.40, 0.20, 0.976954, 0.015890, 0.007157, Iris-setosa
4.70, 3.20, 1.30, 0.20, 0.980310, 0.013429, 0.006261, Iris-setosa
4.60, 3.10, 1.50, 0.20, 0.968312, 0.021854, 0.009834, Iris-setosa
5.00, 3.60, 1.40, 0.20, 0.993927, 0.004131, 0.001942, Iris-setosa
5.40, 3.90, 1.70, 0.40, 0.933142, 0.045786, 0.021072, Iris-setosa
4.60, 3.40, 1.40, 0.30, 0.979488, 0.014006, 0.006506, Iris-setosa
5.00, 3.40, 1.50, 0.20, 0.999611, 0.000268, 0.000121, Iris-setosa
4.40, 2.90, 1.40, 0.20, 0.931557, 0.046909, 0.021534, Iris-setosa
4.90, 3.10, 1.50, 0.10, 0.983690, 0.011267, 0.005043, Iris-setosa
5.40, 3.70, 1.50, 0.20, 0.967214, 0.022320, 0.010466, Iris-setosa
4.80, 3.40, 1.60, 0.20, 0.992280, 0.005333, 0.002387, Iris-setosa
4.80, 3.00, 1.40, 0.10, 0.971747, 0.019421, 0.008832, Iris-setosa
4.30, 3.00, 1.10, 0.10, 0.923698, 0.051303, 0.024999, Iris-setosa
5.80, 4.00, 1.20, 0.20, 0.888397, 0.073504, 0.038098, Iris-setosa
5.70, 4.40, 1.50, 0.40, 0.839274, 0.105709, 0.055017, Iris-setosa
5.40, 3.90, 1.30, 0.40, 0.945517, 0.036522, 0.017961, Iris-setosa
5.10, 3.50, 1.40, 0.30, 0.996307, 0.002525, 0.001168, Iris-setosa
5.70, 3.80, 1.70, 0.30, 0.903063, 0.066288, 0.030649, Iris-setosa
5.10, 3.80, 1.50, 0.30, 0.978068, 0.014919, 0.007012, Iris-setosa
5.40, 3.40, 1.70, 0.20, 0.968755, 0.021750, 0.009495, Iris-setosa
5.10, 3.70, 1.50, 0.40, 0.983901, 0.011010, 0.005089, Iris-setosa
4.60, 3.60, 1.00, 0.20, 0.958129, 0.027860, 0.014011, Iris-setosa
5.10, 3.30, 1.70, 0.50, 0.979779, 0.014213, 0.006008, Iris-setosa
4.80, 3.40, 1.90, 0.20, 0.967268, 0.022997, 0.009735, Iris-setosa
5.00, 3.00, 1.60, 0.20, 0.974904, 0.017525, 0.007571, Iris-setosa
5.00, 3.40, 1.60, 0.40, 0.994861, 0.003571, 0.001569, Iris-setosa
5.20, 3.50, 1.50, 0.20, 0.993092, 0.004740, 0.002167, Iris-setosa
5.20, 3.40, 1.40, 0.20, 0.993660, 0.004339, 0.002001, Iris-setosa
4.70, 3.20, 1.60, 0.20, 0.980239, 0.013699, 0.006061, Iris-setosa
4.80, 3.10, 1.60, 0.20, 0.979751, 0.014086, 0.006162, Iris-setosa
5.40, 3.40, 1.50, 0.40, 0.974274, 0.017758, 0.007968, Iris-setosa
5.20, 4.10, 1.50, 0.10, 0.936926, 0.042211, 0.020863, Iris-setosa
5.50, 4.20, 1.40, 0.20, 0.902385, 0.064663, 0.032953, Iris-setosa
4.90, 3.10, 1.50, 0.10, 0.983690, 0.011267, 0.005043, Iris-setosa
5.00, 3.20, 1.20, 0.20, 0.985406, 0.009920, 0.004673, Iris-setosa
5.50, 3.50, 1.30, 0.20, 0.963826, 0.024493, 0.011680, Iris-setosa
4.90, 3.10, 1.50, 0.10, 0.983690, 0.011267, 0.005043, Iris-setosa
4.40, 3.00, 1.30, 0.20, 0.940571, 0.040478, 0.018951, Iris-setosa
5.10, 3.40, 1.50, 0.20, 0.998342, 0.001141, 0.000517, Iris-setosa
5.00, 3.50, 1.30, 0.30, 0.994361, 0.003833, 0.001806, Iris-setosa
4.50, 2.30, 1.30, 0.30, 0.852729, 0.100900, 0.046371, Iris-setosa
4.40, 3.20, 1.30, 0.20, 0.953072, 0.031865, 0.015063, Iris-setosa
5.00, 3.50, 1.60, 0.60, 0.978871, 0.014672, 0.006457, Iris-setosa
5.10, 3.80, 1.90, 0.40, 0.944175, 0.038891, 0.016934, Iris-setosa
4.80, 3.00, 1.40, 0.30, 0.973201, 0.018493, 0.008305, Iris-setosa
5.10, 3.80, 1.60, 0.20, 0.975756, 0.016550, 0.007695, Iris-setosa
4.60, 3.20, 1.40, 0.20, 0.974771, 0.017275, 0.007954, Iris-setosa
5.30, 3.70, 1.50, 0.20, 0.976396, 0.016081, 0.007523, Iris-setosa
5.00, 3.30, 1.40, 0.20, 0.997361, 0.001810, 0.000829, Iris-setosa
7.00, 3.20, 4.70, 1.40, 0.044600, 0.454285, 0.501115, Iris-versicolor
6.40, 3.20, 4.50, 1.50, 0.029175, 0.764070, 0.206756, Iris-versicolor
6.90, 3.10, 4.90, 1.50, 0.031287, 0.368775, 0.599937, Iris-versicolor
5.50, 2.30, 4.00, 1.30, 0.049536, 0.869989, 0.080475, Iris-versicolor
6.50, 2.80, 4.60, 1.50, 0.024132, 0.758767, 0.217100, Iris-versicolor
5.70, 2.80, 4.50, 1.30, 0.005753, 0.973776, 0.020471, Iris-versicolor
6.30, 3.30, 4.70, 1.60, 0.029804, 0.673046, 0.297150, Iris-versicolor
4.90, 2.40, 3.30, 1.00, 0.286357, 0.581520, 0.132123, Iris-versicolor
6.60, 2.90, 4.60, 1.30, 0.031264, 0.721049, 0.247687, Iris-versicolor
5.20, 2.70, 3.90, 1.40, 0.074978, 0.830302, 0.094720, Iris-versicolor
5.00, 2.00, 3.50, 1.00, 0.219410, 0.635673, 0.144917, Iris-versicolor
5.90, 3.00, 4.20, 1.50, 0.009197, 0.962069, 0.028734, Iris-versicolor
6.00, 2.20, 4.00, 1.00, 0.055834, 0.843032, 0.101134, Iris-versicolor
6.10, 2.90, 4.70, 1.40, 0.012122, 0.899688, 0.088190, Iris-versicolor
5.60, 2.90, 3.60, 1.30, 0.091879, 0.815929, 0.092192, Iris-versicolor
6.70, 3.10, 4.40, 1.40, 0.041748, 0.689903, 0.268348, Iris-versicolor
5.60, 3.00, 4.50, 1.50, 0.014173, 0.933147, 0.052680, Iris-versicolor
5.80, 2.70, 4.10, 1.00, 0.025973, 0.925635, 0.048391, Iris-versicolor
6.20, 2.20, 4.50, 1.50, 0.027210, 0.835358, 0.137432, Iris-versicolor
5.60, 2.50, 3.90, 1.10, 0.051751, 0.877452, 0.070797, Iris-versicolor
5.90, 3.20, 4.80, 1.80, 0.027629, 0.721663, 0.250708, Iris-versicolor
6.10, 2.80, 4.00, 1.30, 0.019536, 0.934226, 0.046238, Iris-versicolor
6.30, 2.50, 4.90, 1.50, 0.024007, 0.705432, 0.270561, Iris-versicolor
6.10, 2.80, 4.70, 1.20, 0.013949, 0.902757, 0.083294, Iris-versicolor
6.40, 2.90, 4.30, 1.30, 0.022931, 0.875920, 0.101149, Iris-versicolor
6.60, 3.00, 4.40, 1.40, 0.033969, 0.754808, 0.211223, Iris-versicolor
6.80, 2.80, 4.80, 1.40, 0.033642, 0.523679, 0.442679, Iris-versicolor
6.70, 3.00, 5.00, 1.70, 0.021201, 0.306336, 0.672463, Iris-versicolor
6.00, 2.90, 4.50, 1.50, 0.004936, 0.968908, 0.026155, Iris-versicolor
5.70, 2.60, 3.50, 1.00, 0.128798, 0.766567, 0.104635, Iris-versicolor
5.50, 2.40, 3.80, 1.10, 0.078115, 0.831983, 0.089902, Iris-versicolor
5.50, 2.40, 3.70, 1.00, 0.104207, 0.795057, 0.100736, Iris-versicolor
5.80, 2.70, 3.90, 1.20, 0.031080, 0.918591, 0.050329, Iris-versicolor
6.00, 2.70, 5.10, 1.60, 0.024000, 0.656309, 0.319691, Iris-versicolor
5.40, 3.00, 4.50, 1.50, 0.026423, 0.891111, 0.082466, Iris-versicolor
6.00, 3.40, 4.50, 1.60, 0.032148, 0.797189, 0.170663, Iris-versicolor
6.70, 3.10, 4.70, 1.50, 0.033475, 0.555453, 0.411073, Iris-versicolor
6.30, 2.30, 4.40, 1.30, 0.026930, 0.857592, 0.115478, Iris-versicolor
5.60, 3.00, 4.10, 1.30, 0.024143, 0.928854, 0.047003, Iris-versicolor
5.50, 2.50, 4.00, 1.30, 0.038315, 0.899272, 0.062413, Iris-versicolor
5.50, 2.60, 4.40, 1.20, 0.019691, 0.931053, 0.049256, Iris-versicolor
6.10, 3.00, 4.60, 1.40, 0.011622, 0.915704, 0.072674, Iris-versicolor
5.80, 2.60, 4.00, 1.20, 0.022595, 0.935589, 0.041816, Iris-versicolor
5.00, 2.30, 3.30, 1.00, 0.270111, 0.597328, 0.132561, Iris-versicolor
5.60, 2.70, 4.20, 1.30, 0.012723, 0.958806, 0.028470, Iris-versicolor
5.70, 3.00, 4.20, 1.20, 0.016817, 0.945495, 0.037688, Iris-versicolor
5.70, 2.90, 4.20, 1.30, 0.009601, 0.967370, 0.023029, Iris-versicolor
6.20, 2.90, 4.30, 1.30, 0.011418, 0.943882, 0.044701, Iris-versicolor
5.10, 2.50, 3.00, 1.10, 0.356773, 0.518962, 0.124266, Iris-versicolor
5.70, 2.80, 4.10, 1.30, 0.012729, 0.960508, 0.026762, Iris-versicolor
6.30, 3.30, 6.00, 2.50, 0.019366, 0.120750, 0.859884, Iris-virginica
5.80, 2.70, 5.10, 1.90, 0.029332, 0.615553, 0.355116, Iris-virginica
7.10, 3.00, 5.90, 2.10, 0.006081, 0.038164, 0.955756, Iris-virginica
6.30, 2.90, 5.60, 1.80, 0.012534, 0.141933, 0.845533, Iris-virginica
6.50, 3.00, 5.80, 2.20, 0.004757, 0.037641, 0.957601, Iris-virginica
7.60, 3.00, 6.60, 2.10, 0.035480, 0.152690, 0.811831, Iris-virginica
4.90, 2.50, 4.50, 1.70, 0.073141, 0.759807, 0.167053, Iris-virginica
7.30, 2.90, 6.30, 1.80, 0.021915, 0.115156, 0.862930, Iris-virginica
6.70, 2.50, 5.80, 1.80, 0.014009, 0.117346, 0.868645, Iris-virginica
7.20, 3.60, 6.10, 2.50, 0.024420, 0.114608, 0.860972, Iris-virginica
6.50, 3.20, 5.10, 2.00, 0.016769, 0.209872, 0.773359, Iris-virginica
6.40, 2.70, 5.30, 1.90, 0.015769, 0.223116, 0.761115, Iris-virginica
6.80, 3.00, 5.50, 2.10, 0.001167, 0.010013, 0.988820, Iris-virginica
5.70, 2.50, 5.00, 2.00, 0.034415, 0.659906, 0.305679, Iris-virginica
5.80, 2.80, 5.10, 2.40, 0.038403, 0.460964, 0.500633, Iris-virginica
6.40, 3.20, 5.30, 2.30, 0.014066, 0.136056, 0.849878, Iris-virginica
6.50, 3.00, 5.50, 1.80, 0.007164, 0.079602, 0.913234, Iris-virginica
7.70, 3.80, 6.70, 2.20, 0.050591, 0.185837, 0.763572, Iris-virginica
7.70, 2.60, 6.90, 2.30, 0.049216, 0.193266, 0.757519, Iris-virginica
6.00, 2.20, 5.00, 1.50, 0.032252, 0.710655, 0.257093, Iris-virginica
6.90, 3.20, 5.70, 2.30, 0.003830, 0.025706, 0.970464, Iris-virginica
5.60, 2.80, 4.90, 2.00, 0.033679, 0.706930, 0.259391, Iris-virginica
7.70, 2.80, 6.70, 2.00, 0.041998, 0.174842, 0.783159, Iris-virginica
6.30, 2.70, 4.90, 1.80, 0.022825, 0.595753, 0.381422, Iris-virginica
6.70, 3.30, 5.70, 2.10, 0.002915, 0.021745, 0.975340, Iris-virginica
7.20, 3.20, 6.00, 1.80, 0.012915, 0.075183, 0.911902, Iris-virginica
6.20, 2.80, 4.80, 1.80, 0.020997, 0.707787, 0.271216, Iris-virginica
6.10, 3.00, 4.90, 1.80, 0.023106, 0.646917, 0.329977, Iris-virginica
6.40, 2.80, 5.60, 2.10, 0.008363, 0.082992, 0.908645, Iris-virginica
7.20, 3.00, 5.80, 1.60, 0.014457, 0.094763, 0.890780, Iris-virginica
7.40, 2.80, 6.10, 1.90, 0.019802, 0.107464, 0.872734, Iris-virginica
7.90, 3.80, 6.40, 2.00, 0.050906, 0.189014, 0.760080, Iris-virginica
6.40, 2.80, 5.60, 2.20, 0.008962, 0.084834, 0.906204, Iris-virginica
6.30, 2.80, 5.10, 1.50, 0.023413, 0.540213, 0.436373, Iris-virginica
6.10, 2.60, 5.60, 1.40, 0.031224, 0.392713, 0.576063, Iris-virginica
7.70, 3.00, 6.10, 2.30, 0.028677, 0.131791, 0.839532, Iris-virginica
6.30, 3.40, 5.60, 2.40, 0.017229, 0.128699, 0.854072, Iris-virginica
6.40, 3.10, 5.50, 1.80, 0.009787, 0.110056, 0.880157, Iris-virginica
6.00, 3.00, 4.80, 1.80, 0.021738, 0.749917, 0.228345, Iris-virginica
6.90, 3.10, 5.40, 2.10, 0.003490, 0.028959, 0.967551, Iris-virginica
6.70, 3.10, 5.60, 2.40, 0.005080, 0.037680, 0.957241, Iris-virginica
6.90, 3.10, 5.10, 2.30, 0.015407, 0.129480, 0.855113, Iris-virginica
5.80, 2.70, 5.10, 1.90, 0.029332, 0.615553, 0.355116, Iris-virginica
6.80, 3.20, 5.90, 2.30, 0.005253, 0.033743, 0.961004, Iris-virginica
6.70, 3.30, 5.70, 2.50, 0.009704, 0.063187, 0.927108, Iris-virginica
6.70, 3.00, 5.20, 2.30, 0.011267, 0.106373, 0.882360, Iris-virginica
6.30, 2.50, 5.00, 1.90, 0.025830, 0.507499, 0.466671, Iris-virginica
6.50, 3.00, 5.20, 2.00, 0.012119, 0.156406, 0.831475, Iris-virginica
6.20, 3.40, 5.40, 2.30, 0.021585, 0.189029, 0.789386, Iris-virginica
5.90, 3.00, 5.10, 1.80, 0.026940, 0.581775, 0.391284, Iris-virginica
