% Title: Title
%
% Centers:
% 	5.889115 2.761205 4.364132 1.397383 
% 	6.775017 3.052401 5.646787 2.053559 
% 	5.003561 3.403040 1.484995 0.251538 
%

@RELATION

@ATTRIBUTE Attribute0 	 REAL
@ATTRIBUTE Attribute1 	 REAL
@ATTRIBUTE Attribute2 	 REAL
@ATTRIBUTE Attribute3 	 REAL
@ATTRIBUTE MU 	 FUZZY {Zhluk0, Zhluk1, Zhluk2}
@ATTRIBUTE class 	 {Iris-setosa, Iris-versicolor, Iris-virginica}

@DATA
5.10, 3.50, 1.40, 0.20, 0.002501, 0.001163, 0.996336, Iris-setosa
4.90, 3.00, 1.40, 0.20, 0.015889, 0.007156, 0.976954, Iris-setosa
4.70, 3.20, 1.30, 0.20, 0.013429, 0.006261, 0.980310, Iris-setosa
4.60, 3.10, 1.50, 0.20, 0.021854, 0.009834, 0.968313, Iris-setosa
5.00, 3.60, 1.40, 0.20, 0.004131, 0.001942, 0.993927, Iris-setosa
5.40, 3.90, 1.70, 0.40, 0.045785, 0.021072, 0.933143, Iris-setosa
4.60, 3.40, 1.40, 0.30, 0.014006, 0.006506, 0.979488, Iris-setosa
5.00, 3.40, 1.50, 0.20, 0.000268, 0.000121, 0.999611, Iris-setosa
4.40, 2.90, 1.40, 0.20, 0.046909, 0.021534, 0.931558, Iris-setosa
4.90, 3.10, 1.50, 0.10, 0.011267, 0.005043, 0.983691, Iris-setosa
5.40, 3.70, 1.50, 0.20, 0.022319, 0.010466, 0.967215, Iris-setosa
4.80, 3.40, 1.60, 0.20, 0.005333, 0.002387, 0.992281, Iris-setosa
4.80, 3.00, 1.40, 0.10, 0.019421, 0.008832, 0.971748, Iris-setosa
4.30, 3.00, 1.10, 0.10, 0.051302, 0.024999, 0.923699, Iris-setosa
5.80, 4.00, 1.20, 0.20, 0.073503, 0.038098, 0.888399, Iris-setosa
5.70, 4.40, 1.50, 0.40, 0.105708, 0.055017, 0.839275, Iris-setosa
5.40, 3.90, 1.30, 0.40, 0.036522, 0.017961, 0.945518, Iris-setosa
5.10, 3.50, 1.40, 0.30, 0.002524, 0.001168, 0.996307, Iris-setosa
5.70, 3.80, 1.70, 0.30, 0.066287, 0.030648, 0.903064, Iris-setosa
5.10, 3.80, 1.50, 0.30, 0.014919, 0.007012, 0.978068, Iris-setosa
5.40, 3.40, 1.70, 0.20, 0.021749, 0.009495, 0.968755, Iris-setosa
5.10, 3.70, 1.50, 0.40, 0.011010, 0.005089, 0.983901, Iris-setosa
4.60, 3.60, 1.00, 0.20, 0.027860, 0.014010, 0.958130, Iris-setosa
5.10, 3.30, 1.70, 0.50, 0.014213, 0.006007, 0.979779, Iris-setosa
4.80, 3.40, 1.90, 0.20, 0.022996, 0.009735, 0.967268, Iris-setosa
5.00, 3.00, 1.60, 0.20, 0.017524, 0.007571, 0.974905, Iris-setosa
5.00, 3.40, 1.60, 0.40, 0.003570, 0.001569, 0.994861, Iris-setosa
5.20, 3.50, 1.50, 0.20, 0.004740, 0.002167, 0.993093, Iris-setosa
5.20, 3.40, 1.40, 0.20, 0.004339, 0.002001, 0.993660, Iris-setosa
4.70, 3.20, 1.60, 0.20, 0.013699, 0.006061, 0.980240, Iris-setosa
4.80, 3.10, 1.60, 0.20, 0.014086, 0.006162, 0.979752, Iris-setosa
5.40, 3.40, 1.50, 0.40, 0.017758, 0.007968, 0.974274, Iris-setosa
5.20, 4.10, 1.50, 0.10, 0.042211, 0.020862, 0.936927, Iris-setosa
5.50, 4.20, 1.40, 0.20, 0.064662, 0.032952, 0.902386, Iris-setosa
4.90, 3.10, 1.50, 0.10, 0.011267, 0.005043, 0.983691, Iris-setosa
5.00, 3.20, 1.20, 0.20, 0.009920, 0.004673, 0.985406, Iris-setosa
5.50, 3.50, 1.30, 0.20, 0.024493, 0.011680, 0.963827, Iris-setosa
4.90, 3.10, 1.50, 0.10, 0.011267, 0.005043, 0.983691, Iris-setosa
4.40, 3.00, 1.30, 0.20, 0.040477, 0.018951, 0.940572, Iris-setosa
5.10, 3.40, 1.50, 0.20, 0.001141, 0.000517, 0.998342, Iris-setosa
5.00, 3.50, 1.30, 0.30, 0.003833, 0.001806, 0.994361, Iris-setosa
4.50, 2.30, 1.30, 0.30, 0.100899, 0.046370, 0.852731, Iris-setosa
4.40, 3.20, 1.30, 0.20, 0.031864, 0.015063, 0.953073, Iris-setosa
5.00, 3.50, 1.60, 0.60, 0.014671, 0.006457, 0.978871, Iris-setosa
5.10, 3.80, 1.90, 0.40, 0.038890, 0.016934, 0.944176, Iris-setosa
4.80, 3.00, 1.40, 0.30, 0.018493, 0.008305, 0.973202, Iris-setosa
5.10, 3.80, 1.60, 0.20, 0.016550, 0.007695, 0.975756, Iris-setosa
4.60, 3.20, 1.40, 0.20, 0.017275, 0.007954, 0.974771, Iris-setosa
5.30, 3.70, 1.50, 0.20, 0.016081, 0.007523, 0.976396, Iris-setosa
5.00, 3.30, 1.40, 0.20, 0.001810, 0.000829, 0.997361, Iris-setosa
7.00, 3.20, 4.70, 1.40, 0.454303, 0.501097, 0.044601, Iris-versicolor
6.40, 3.20, 4.50, 1.50, 0.764089, 0.206737, 0.029174, Iris-versicolor
6.90, 3.10, 4.90, 1.50, 0.368798, 0.599914, 0.031288, Iris-versicolor
5.50, 2.30, 4.00, 1.30, 0.869985, 0.080476, 0.049539, Iris-versicolor
6.50, 2.80, 4.60, 1.50, 0.758790, 0.217078, 0.024132, Iris-versicolor
5.70, 2.80, 4.50, 1.30, 0.973777, 0.020470, 0.005753, Iris-versicolor
6.30, 3.30, 4.70, 1.60, 0.673073, 0.297123, 0.029804, Iris-versicolor
4.90, 2.40, 3.30, 1.00, 0.581515, 0.132122, 0.286364, Iris-versicolor
6.60, 2.90, 4.60, 1.30, 0.721069, 0.247668, 0.031263, Iris-versicolor
5.20, 2.70, 3.90, 1.40, 0.830299, 0.094720, 0.074981, Iris-versicolor
5.00, 2.00, 3.50, 1.00, 0.635669, 0.144916, 0.219415, Iris-versicolor
5.90, 3.00, 4.20, 1.50, 0.962070, 0.028733, 0.009197, Iris-versicolor
6.00, 2.20, 4.00, 1.00, 0.843030, 0.101134, 0.055836, Iris-versicolor
6.10, 2.90, 4.70, 1.40, 0.899704, 0.088175, 0.012121, Iris-versicolor
5.60, 2.90, 3.60, 1.30, 0.815923, 0.092193, 0.091884, Iris-versicolor
6.70, 3.10, 4.40, 1.40, 0.689920, 0.268332, 0.041748, Iris-versicolor
5.60, 3.00, 4.50, 1.50, 0.933152, 0.052675, 0.014173, Iris-versicolor
5.80, 2.70, 4.10, 1.00, 0.925631, 0.048393, 0.025976, Iris-versicolor
6.20, 2.20, 4.50, 1.50, 0.835368, 0.137422, 0.027210, Iris-versicolor
5.60, 2.50, 3.90, 1.10, 0.877447, 0.070799, 0.051755, Iris-versicolor
5.90, 3.20, 4.80, 1.80, 0.721689, 0.250682, 0.027629, Iris-versicolor
6.10, 2.80, 4.00, 1.30, 0.934224, 0.046239, 0.019538, Iris-versicolor
6.30, 2.50, 4.90, 1.50, 0.705460, 0.270534, 0.024006, Iris-versicolor
6.10, 2.80, 4.70, 1.20, 0.902768, 0.083284, 0.013949, Iris-versicolor
6.40, 2.90, 4.30, 1.30, 0.875927, 0.101142, 0.022931, Iris-versicolor
6.60, 3.00, 4.40, 1.40, 0.754824, 0.211208, 0.033968, Iris-versicolor
6.80, 2.80, 4.80, 1.40, 0.523704, 0.442653, 0.033642, Iris-versicolor
6.70, 3.00, 5.00, 1.70, 0.306369, 0.672429, 0.021202, Iris-versicolor
6.00, 2.90, 4.50, 1.50, 0.968916, 0.026148, 0.004935, Iris-versicolor
5.70, 2.60, 3.50, 1.00, 0.766561, 0.104636, 0.128803, Iris-versicolor
5.50, 2.40, 3.80, 1.10, 0.831978, 0.089903, 0.078119, Iris-versicolor
5.50, 2.40, 3.70, 1.00, 0.795051, 0.100737, 0.104212, Iris-versicolor
5.80, 2.70, 3.90, 1.20, 0.918585, 0.050332, 0.031083, Iris-versicolor
6.00, 2.70, 5.10, 1.60, 0.656343, 0.319658, 0.024000, Iris-versicolor
5.40, 3.00, 4.50, 1.50, 0.891115, 0.082462, 0.026423, Iris-versicolor
6.00, 3.40, 4.50, 1.60, 0.797203, 0.170649, 0.032147, Iris-versicolor
6.70, 3.10, 4.70, 1.50, 0.555479, 0.411046, 0.033475, Iris-versicolor
6.30, 2.30, 4.40, 1.30, 0.857599, 0.115471, 0.026930, Iris-versicolor
5.60, 3.00, 4.10, 1.30, 0.928851, 0.047004, 0.024145, Iris-versicolor
5.50, 2.50, 4.00, 1.30, 0.899268, 0.062414, 0.038318, Iris-versicolor
5.50, 2.60, 4.40, 1.20, 0.931052, 0.049256, 0.019692, Iris-versicolor
6.10, 3.00, 4.60, 1.40, 0.915717, 0.072662, 0.011621, Iris-versicolor
5.80, 2.60, 4.00, 1.20, 0.935584, 0.041818, 0.022598, Iris-versicolor
5.00, 2.30, 3.30, 1.00, 0.597323, 0.132559, 0.270118, Iris-versicolor
5.60, 2.70, 4.20, 1.30, 0.958803, 0.028472, 0.012725, Iris-versicolor
5.70, 3.00, 4.20, 1.20, 0.945492, 0.037689, 0.016819, Iris-versicolor
5.70, 2.90, 4.20, 1.30, 0.967367, 0.023030, 0.009603, Iris-versicolor
6.20, 2.90, 4.30, 1.30, 0.943885, 0.044697, 0.011417, Iris-versicolor
5.10, 2.50, 3.00, 1.10, 0.518956, 0.124264, 0.356780, Iris-versicolor
5.70, 2.80, 4.10, 1.30, 0.960504, 0.026765, 0.012731, Iris-versicolor
6.30, 3.30, 6.00, 2.50, 0.120751, 0.859884, 0.019365, Iris-virginica
5.80, 2.70, 5.10, 1.90, 0.615584, 0.355085, 0.029332, Iris-virginica
7.10, 3.00, 5.90, 2.10, 0.038156, 0.955765, 0.006079, Iris-virginica
6.30, 2.90, 5.60, 1.80, 0.141955, 0.845509, 0.012535, Iris-virginica
6.50, 3.00, 5.80, 2.20, 0.037644, 0.957598, 0.004757, Iris-virginica
7.60, 3.00, 6.60, 2.10, 0.152682, 0.811841, 0.035477, Iris-virginica
4.90, 2.50, 4.50, 1.70, 0.759811, 0.167047, 0.073142, Iris-virginica
7.30, 2.90, 6.30, 1.80, 0.115148, 0.862939, 0.021913, Iris-virginica
6.70, 2.50, 5.80, 1.80, 0.117352, 0.868639, 0.014009, Iris-virginica
7.20, 3.60, 6.10, 2.50, 0.114600, 0.860981, 0.024418, Iris-virginica
6.50, 3.20, 5.10, 2.00, 0.209903, 0.773326, 0.016771, Iris-virginica
6.40, 2.70, 5.30, 1.90, 0.223150, 0.761079, 0.015771, Iris-virginica
6.80, 3.00, 5.50, 2.10, 0.010017, 0.988816, 0.001167, Iris-virginica
5.70, 2.50, 5.00, 2.00, 0.659930, 0.305655, 0.034415, Iris-virginica
5.80, 2.80, 5.10, 2.40, 0.460990, 0.500607, 0.038404, Iris-virginica
6.40, 3.20, 5.30, 2.30, 0.136075, 0.849857, 0.014068, Iris-virginica
6.50, 3.00, 5.50, 1.80, 0.079621, 0.913213, 0.007166, Iris-virginica
7.70, 3.80, 6.70, 2.20, 0.185830, 0.763581, 0.050589, Iris-virginica
7.70, 2.60, 6.90, 2.30, 0.193260, 0.757527, 0.049213, Iris-virginica
6.00, 2.20, 5.00, 1.50, 0.710674, 0.257074, 0.032252, Iris-virginica
6.90, 3.20, 5.70, 2.30, 0.025702, 0.970469, 0.003829, Iris-virginica
5.60, 2.80, 4.90, 2.00, 0.706953, 0.259369, 0.033678, Iris-virginica
7.70, 2.80, 6.70, 2.00, 0.174836, 0.783169, 0.041996, Iris-virginica
6.30, 2.70, 4.90, 1.80, 0.595793, 0.381382, 0.022825, Iris-virginica
6.70, 3.30, 5.70, 2.10, 0.021745, 0.975341, 0.002915, Iris-virginica
7.20, 3.20, 6.00, 1.80, 0.075175, 0.911911, 0.012914, Iris-virginica
6.20, 2.80, 4.80, 1.80, 0.707822, 0.271181, 0.020996, Iris-virginica
6.10, 3.00, 4.90, 1.80, 0.646955, 0.329939, 0.023106, Iris-virginica
6.40, 2.80, 5.60, 2.10, 0.083007, 0.908629, 0.008365, Iris-virginica
7.20, 3.00, 5.80, 1.60, 0.094759, 0.890785, 0.014456, Iris-virginica
7.40, 2.80, 6.10, 1.90, 0.107456, 0.872743, 0.019801, Iris-virginica
7.90, 3.80, 6.40, 2.00, 0.189008, 0.760089, 0.050903, Iris-virginica
6.40, 2.80, 5.60, 2.20, 0.084847, 0.906190, 0.008963, Iris-virginica
6.30, 2.80, 5.10, 1.50, 0.540252, 0.436334, 0.023414, Iris-virginica
6.10, 2.60, 5.60, 1.40, 0.392737, 0.576038, 0.031225, Iris-virginica
7.70, 3.00, 6.10, 2.30, 0.131783, 0.839542, 0.028675, Iris-virginica
6.30, 3.40, 5.60, 2.40, 0.128707, 0.854063, 0.017230, Iris-virginica
6.40, 3.10, 5.50, 1.80, 0.110078, 0.880133, 0.009789, Iris-virginica
6.00, 3.00, 4.80, 1.80, 0.749947, 0.228316, 0.021737, Iris-virginica
6.90, 3.10, 5.40, 2.10, 0.028962, 0.967547, 0.003491, Iris-virginica
6.70, 3.10, 5.60, 2.40, 0.037681, 0.957239, 0.005080, Iris-virginica
6.90, 3.10, 5.10, 2.30, 0.129491, 0.855101, 0.015408, Iris-virginica
5.80, 2.70, 5.10, 1.90, 0.615584, 0.355085, 0.029332, Iris-virginica
6.80, 3.20, 5.90, 2.30, 0.033738, 0.961010, 0.005252, Iris-virginica
6.70, 3.30, 5.70, 2.50, 0.063186, 0.927110, 0.009704, Iris-virginica
6.70, 3.00, 5.20, 2.30, 0.106388, 0.882344, 0.011268, Iris-virginica
6.30, 2.50, 5.00, 1.90, 0.507536, 0.466634, 0.025831, Iris-virginica
6.50, 3.00, 5.20, 2.00, 0.156438, 0.831442, 0.012121, Iris-virginica
6.20, 3.40, 5.40, 2.30, 0.189047, 0.789367, 0.021586, Iris-virginica
5.90, 3.00, 5.10, 1.80, 0.581811, 0.391248, 0.026941, Iris-virginica
