% Title: Title
%
% Centers:
% 	5.003561 3.403040 1.484994 0.251538 
% 	5.889106 2.761201 4.364118 1.397376 
% 	6.775006 3.052398 5.646774 2.053554 
%

@RELATION

@ATTRIBUTE Attribute0 	 REAL
@ATTRIBUTE Attribute1 	 REAL
@ATTRIBUTE Attribute2 	 REAL
@ATTRIBUTE Attribute3 	 REAL
@ATTRIBUTE MU 	 FUZZY {Zhluk0, Zhluk1, Zhluk2}
@ATTRIBUTE class 	 {Iris-setosa, Iris-versicolor, Iris-virginica}

@DATA
5.10, 3.50, 1.40, 0.20, 0.996336, 0.002501, 0.001163, Iris-setosa
4.90, 3.00, 1.40, 0.20, 0.976954, 0.015890, 0.007157, Iris-setosa
4.70, 3.20, 1.30, 0.20, 0.980310, 0.013429, 0.006261, Iris-setosa
4.60, 3.10, 1.50, 0.20, 0.968312, 0.021854, 0.009834, Iris-setosa
5.00, 3.60, 1.40, 0.20, 0.993927, 0.004131, 0.001942, Iris-setosa
5.40, 3.90, 1.70, 0.40, 0.933142, 0.045786, 0.021072, Iris-setosa
4.60, 3.40, 1.40, 0.30, 0.979488, 0.014006, 0.006506, Iris-setosa
5.00, 3.40, 1.50, 0.20, 0.999611, 0.000268, 0.000121, Iris-setosa
4.40, 2.90, 1.40, 0.20, 0.931557, 0.046909, 0.021534, Iris-setosa
4.90, 3.10, 1.50, 0.10, 0.983690, 0.011267, 0.005043, Iris-setosa
5.40, 3.70, 1.50, 0.20, 0.967215, 0.022320, 0.010466, Iris-setosa
4.80, 3.40, 1.60, 0.20, 0.992280, 0.005333, 0.002387, Iris-setosa
4.80, 3.00, 1.40, 0.10, 0.971747, 0.019421, 0.008832, Iris-setosa
4.30, 3.00, 1.10, 0.10, 0.923698, 0.051303, 0.024999, Iris-setosa
5.80, 4.00, 1.20, 0.20, 0.888398, 0.073504, 0.038098, Iris-setosa
5.70, 4.40, 1.50, 0.40, 0.839274, 0.105709, 0.055017, Iris-setosa
5.40, 3.90, 1.30, 0.40, 0.945517, 0.036522, 0.017961, Iris-setosa
5.10, 3.50, 1.40, 0.30, 0.996307, 0.002525, 0.001168, Iris-setosa
5.70, 3.80, 1.70, 0.30, 0.903063, 0.066288, 0.030649, Iris-setosa
5.10, 3.80, 1.50, 0.30, 0.978068, 0.014919, 0.007012, Iris-setosa
5.40, 3.40, 1.70, 0.20, 0.968755, 0.021750, 0.009495, Iris-setosa
5.10, 3.70, 1.50, 0.40, 0.983901, 0.011010, 0.005089, Iris-setosa
4.60, 3.60, 1.00, 0.20, 0.958130, 0.027860, 0.014010, Iris-setosa
5.10, 3.30, 1.70, 0.50, 0.979779, 0.014214, 0.006008, Iris-setosa
4.80, 3.40, 1.90, 0.20, 0.967268, 0.022997, 0.009735, Iris-setosa
5.00, 3.00, 1.60, 0.20, 0.974904, 0.017525, 0.007571, Iris-setosa
5.00, 3.40, 1.60, 0.40, 0.994861, 0.003571, 0.001569, Iris-setosa
5.20, 3.50, 1.50, 0.20, 0.993092, 0.004740, 0.002167, Iris-setosa
5.20, 3.40, 1.40, 0.20, 0.993660, 0.004339, 0.002001, Iris-setosa
4.70, 3.20, 1.60, 0.20, 0.980239, 0.013699, 0.006061, Iris-setosa
4.80, 3.10, 1.60, 0.20, 0.979751, 0.014086, 0.006162, Iris-setosa
5.40, 3.40, 1.50, 0.40, 0.974274, 0.017758, 0.007968, Iris-setosa
5.20, 4.10, 1.50, 0.10, 0.936927, 0.042211, 0.020862, Iris-setosa
5.50, 4.20, 1.40, 0.20, 0.902385, 0.064663, 0.032952, Iris-setosa
4.90, 3.10, 1.50, 0.10, 0.983690, 0.011267, 0.005043, Iris-setosa
5.00, 3.20, 1.20, 0.20, 0.985406, 0.009920, 0.004673, Iris-setosa
5.50, 3.50, 1.30, 0.20, 0.963827, 0.024493, 0.011680, Iris-setosa
4.90, 3.10, 1.50, 0.10, 0.983690, 0.011267, 0.005043, Iris-setosa
4.40, 3.00, 1.30, 0.20, 0.940571, 0.040478, 0.018951, Iris-setosa
5.10, 3.40, 1.50, 0.20, 0.998342, 0.001141, 0.000517, Iris-setosa
5.00, 3.50, 1.30, 0.30, 0.994361, 0.003833, 0.001806, Iris-setosa
4.50, 2.30, 1.30, 0.30, 0.852729, 0.100900, 0.046371, Iris-setosa
4.40, 3.20, 1.30, 0.20, 0.953072, 0.031865, 0.015063, Iris-setosa
5.00, 3.50, 1.60, 0.60, 0.978871, 0.014672, 0.006457, Iris-setosa
5.10, 3.80, 1.90, 0.40, 0.944175, 0.038891, 0.016934, Iris-setosa
4.80, 3.00, 1.40, 0.30, 0.973201, 0.018493, 0.008305, Iris-setosa
5.10, 3.80, 1.60, 0.20, 0.975756, 0.016550, 0.007695, Iris-setosa
4.60, 3.20, 1.40, 0.20, 0.974771, 0.017275, 0.007954, Iris-setosa
5.30, 3.70, 1.50, 0.20, 0.976396, 0.016081, 0.007523, Iris-setosa
5.00, 3.30, 1.40, 0.20, 0.997361, 0.001810, 0.000829, Iris-setosa
7.00, 3.20, 4.70, 1.40, 0.044601, 0.454288, 0.501112, Iris-versicolor
6.40, 3.20, 4.50, 1.50, 0.029175, 0.764073, 0.206752, Iris-versicolor
6.90, 3.10, 4.90, 1.50, 0.031288, 0.368780, 0.599932, Iris-versicolor
5.50, 2.30, 4.00, 1.30, 0.049536, 0.869991, 0.080473, Iris-versicolor
6.50, 2.80, 4.60, 1.50, 0.024133, 0.758771, 0.217096, Iris-versicolor
5.70, 2.80, 4.50, 1.30, 0.005752, 0.973777, 0.020470, Iris-versicolor
6.30, 3.30, 4.70, 1.60, 0.029805, 0.673052, 0.297144, Iris-versicolor
4.90, 2.40, 3.30, 1.00, 0.286357, 0.581522, 0.132121, Iris-versicolor
6.60, 2.90, 4.60, 1.30, 0.031264, 0.721052, 0.247684, Iris-versicolor
5.20, 2.70, 3.90, 1.40, 0.074977, 0.830305, 0.094718, Iris-versicolor
5.00, 2.00, 3.50, 1.00, 0.219410, 0.635675, 0.144915, Iris-versicolor
5.90, 3.00, 4.20, 1.50, 0.009197, 0.962070, 0.028733, Iris-versicolor
6.00, 2.20, 4.00, 1.00, 0.055834, 0.843034, 0.101132, Iris-versicolor
6.10, 2.90, 4.70, 1.40, 0.012122, 0.899690, 0.088188, Iris-versicolor
5.60, 2.90, 3.60, 1.30, 0.091879, 0.815930, 0.092190, Iris-versicolor
6.70, 3.10, 4.40, 1.40, 0.041749, 0.689906, 0.268345, Iris-versicolor
5.60, 3.00, 4.50, 1.50, 0.014173, 0.933149, 0.052678, Iris-versicolor
5.80, 2.70, 4.10, 1.00, 0.025973, 0.925636, 0.048390, Iris-versicolor
6.20, 2.20, 4.50, 1.50, 0.027210, 0.835361, 0.137429, Iris-versicolor
5.60, 2.50, 3.90, 1.10, 0.051751, 0.877454, 0.070795, Iris-versicolor
5.90, 3.20, 4.80, 1.80, 0.027630, 0.721670, 0.250701, Iris-versicolor
6.10, 2.80, 4.00, 1.30, 0.019536, 0.934226, 0.046238, Iris-versicolor
6.30, 2.50, 4.90, 1.50, 0.024007, 0.705438, 0.270555, Iris-versicolor
6.10, 2.80, 4.70, 1.20, 0.013950, 0.902758, 0.083293, Iris-versicolor
6.40, 2.90, 4.30, 1.30, 0.022931, 0.875920, 0.101149, Iris-versicolor
6.60, 3.00, 4.40, 1.40, 0.033969, 0.754810, 0.211220, Iris-versicolor
6.80, 2.80, 4.80, 1.40, 0.033643, 0.523684, 0.442673, Iris-versicolor
6.70, 3.00, 5.00, 1.70, 0.021202, 0.306345, 0.672453, Iris-versicolor
6.00, 2.90, 4.50, 1.50, 0.004936, 0.968909, 0.026155, Iris-versicolor
5.70, 2.60, 3.50, 1.00, 0.128798, 0.766569, 0.104634, Iris-versicolor
5.50, 2.40, 3.80, 1.10, 0.078115, 0.831985, 0.089900, Iris-versicolor
5.50, 2.40, 3.70, 1.00, 0.104207, 0.795059, 0.100734, Iris-versicolor
5.80, 2.70, 3.90, 1.20, 0.031080, 0.918592, 0.050329, Iris-versicolor
6.00, 2.70, 5.10, 1.60, 0.024000, 0.656318, 0.319682, Iris-versicolor
5.40, 3.00, 4.50, 1.50, 0.026423, 0.891114, 0.082463, Iris-versicolor
6.00, 3.40, 4.50, 1.60, 0.032148, 0.797192, 0.170660, Iris-versicolor
6.70, 3.10, 4.70, 1.50, 0.033475, 0.555458, 0.411067, Iris-versicolor
6.30, 2.30, 4.40, 1.30, 0.026930, 0.857594, 0.115476, Iris-versicolor
5.60, 3.00, 4.10, 1.30, 0.024143, 0.928855, 0.047002, Iris-versicolor
5.50, 2.50, 4.00, 1.30, 0.038315, 0.899274, 0.062411, Iris-versicolor
5.50, 2.60, 4.40, 1.20, 0.019690, 0.931055, 0.049254, Iris-versicolor
6.10, 3.00, 4.60, 1.40, 0.011622, 0.915705, 0.072673, Iris-versicolor
5.80, 2.60, 4.00, 1.20, 0.022595, 0.935590, 0.041815, Iris-versicolor
5.00, 2.30, 3.30, 1.00, 0.270111, 0.597330, 0.132559, Iris-versicolor
5.60, 2.70, 4.20, 1.30, 0.012723, 0.958808, 0.028469, Iris-versicolor
5.70, 3.00, 4.20, 1.20, 0.016817, 0.945496, 0.037687, Iris-versicolor
5.70, 2.90, 4.20, 1.30, 0.009601, 0.967371, 0.023028, Iris-versicolor
6.20, 2.90, 4.30, 1.30, 0.011418, 0.943881, 0.044701, Iris-versicolor
5.10, 2.50, 3.00, 1.10, 0.356773, 0.518963, 0.124264, Iris-versicolor
5.70, 2.80, 4.10, 1.30, 0.012729, 0.960509, 0.026762, Iris-versicolor
6.30, 3.30, 6.00, 2.50, 0.019366, 0.120750, 0.859884, Iris-virginica
5.80, 2.70, 5.10, 1.90, 0.029332, 0.615563, 0.355105, Iris-virginica
7.10, 3.00, 5.90, 2.10, 0.006080, 0.038160, 0.955760, Iris-virginica
6.30, 2.90, 5.60, 1.80, 0.012535, 0.141942, 0.845524, Iris-virginica
6.50, 3.00, 5.80, 2.20, 0.004757, 0.037643, 0.957600, Iris-virginica
7.60, 3.00, 6.60, 2.10, 0.035479, 0.152685, 0.811837, Iris-virginica
4.90, 2.50, 4.50, 1.70, 0.073140, 0.759811, 0.167049, Iris-virginica
7.30, 2.90, 6.30, 1.80, 0.021914, 0.115151, 0.862935, Iris-virginica
6.70, 2.50, 5.80, 1.80, 0.014009, 0.117347, 0.868644, Iris-virginica
7.20, 3.60, 6.10, 2.50, 0.024419, 0.114604, 0.860977, Iris-virginica
6.50, 3.20, 5.10, 2.00, 0.016770, 0.209883, 0.773348, Iris-virginica
6.40, 2.70, 5.30, 1.90, 0.015770, 0.223128, 0.761102, Iris-virginica
6.80, 3.00, 5.50, 2.10, 0.001167, 0.010015, 0.988819, Iris-virginica
5.70, 2.50, 5.00, 2.00, 0.034415, 0.659914, 0.305670, Iris-virginica
5.80, 2.80, 5.10, 2.40, 0.038403, 0.460973, 0.500623, Iris-virginica
6.40, 3.20, 5.30, 2.30, 0.014067, 0.136063, 0.849869, Iris-virginica
6.50, 3.00, 5.50, 1.80, 0.007165, 0.079609, 0.913226, Iris-virginica
7.70, 3.80, 6.70, 2.20, 0.050590, 0.185833, 0.763577, Iris-virginica
7.70, 2.60, 6.90, 2.30, 0.049215, 0.193262, 0.757524, Iris-virginica
6.00, 2.20, 5.00, 1.50, 0.032253, 0.710661, 0.257087, Iris-virginica
6.90, 3.20, 5.70, 2.30, 0.003830, 0.025704, 0.970466, Iris-virginica
5.60, 2.80, 4.90, 2.00, 0.033679, 0.706938, 0.259383, Iris-virginica
7.70, 2.80, 6.70, 2.00, 0.041997, 0.174838, 0.783165, Iris-virginica
6.30, 2.70, 4.90, 1.80, 0.022825, 0.595764, 0.381411, Iris-virginica
6.70, 3.30, 5.70, 2.10, 0.002915, 0.021745, 0.975340, Iris-virginica
7.20, 3.20, 6.00, 1.80, 0.012915, 0.075178, 0.911907, Iris-virginica
6.20, 2.80, 4.80, 1.80, 0.020997, 0.707796, 0.271207, Iris-virginica
6.10, 3.00, 4.90, 1.80, 0.023106, 0.646927, 0.329967, Iris-virginica
6.40, 2.80, 5.60, 2.10, 0.008364, 0.082998, 0.908638, Iris-virginica
7.20, 3.00, 5.80, 1.60, 0.014456, 0.094760, 0.890784, Iris-virginica
7.40, 2.80, 6.10, 1.90, 0.019802, 0.107459, 0.872740, Iris-virginica
7.90, 3.80, 6.40, 2.00, 0.050905, 0.189010, 0.760086, Iris-virginica
6.40, 2.80, 5.60, 2.20, 0.008963, 0.084839, 0.906198, Iris-virginica
6.30, 2.80, 5.10, 1.50, 0.023414, 0.540223, 0.436363, Iris-virginica
6.10, 2.60, 5.60, 1.40, 0.031225, 0.392720, 0.576055, Iris-virginica
7.70, 3.00, 6.10, 2.30, 0.028676, 0.131786, 0.839538, Iris-virginica
6.30, 3.40, 5.60, 2.40, 0.017230, 0.128702, 0.854068, Iris-virginica
6.40, 3.10, 5.50, 1.80, 0.009788, 0.110064, 0.880148, Iris-virginica
6.00, 3.00, 4.80, 1.80, 0.021738, 0.749925, 0.228337, Iris-virginica
6.90, 3.10, 5.40, 2.10, 0.003490, 0.028960, 0.967550, Iris-virginica
6.70, 3.10, 5.60, 2.40, 0.005080, 0.037680, 0.957240, Iris-virginica
6.90, 3.10, 5.10, 2.30, 0.015408, 0.129483, 0.855109, Iris-virginica
5.80, 2.70, 5.10, 1.90, 0.029332, 0.615563, 0.355105, Iris-virginica
6.80, 3.20, 5.90, 2.30, 0.005252, 0.033741, 0.961007, Iris-virginica
6.70, 3.30, 5.70, 2.50, 0.009704, 0.063186, 0.927109, Iris-virginica
6.70, 3.00, 5.20, 2.30, 0.011267, 0.106379, 0.882354, Iris-virginica
6.30, 2.50, 5.00, 1.90, 0.025831, 0.507510, 0.466659, Iris-virginica
6.50, 3.00, 5.20, 2.00, 0.012120, 0.156418, 0.831463, Iris-virginica
6.20, 3.40, 5.40, 2.30, 0.021585, 0.189036, 0.789379, Iris-virginica
5.90, 3.00, 5.10, 1.80, 0.026941, 0.581786, 0.391273, Iris-virginica
