% Title: Title
%
% Centers:
% 	5.003561 3.403040 1.484994 0.251538 
% 	6.775012 3.052400 5.646781 2.053557 
% 	5.889112 2.761203 4.364126 1.397380 
%

@RELATION

@ATTRIBUTE Attribute0 	 REAL
@ATTRIBUTE Attribute1 	 REAL
@ATTRIBUTE Attribute2 	 REAL
@ATTRIBUTE Attribute3 	 REAL
@ATTRIBUTE MU 	 FUZZY {Zhluk0, Zhluk1, Zhluk2}
@ATTRIBUTE class 	 {Iris-setosa, Iris-versicolor, Iris-virginica}

@DATA
5.10, 3.50, 1.40, 0.20, 0.996336, 0.001163, 0.002501, Iris-setosa
4.90, 3.00, 1.40, 0.20, 0.976954, 0.007157, 0.015889, Iris-setosa
4.70, 3.20, 1.30, 0.20, 0.980310, 0.006261, 0.013429, Iris-setosa
4.60, 3.10, 1.50, 0.20, 0.968313, 0.009834, 0.021854, Iris-setosa
5.00, 3.60, 1.40, 0.20, 0.993927, 0.001942, 0.004131, Iris-setosa
5.40, 3.90, 1.70, 0.40, 0.933143, 0.021072, 0.045785, Iris-setosa
4.60, 3.40, 1.40, 0.30, 0.979488, 0.006506, 0.014006, Iris-setosa
5.00, 3.40, 1.50, 0.20, 0.999611, 0.000121, 0.000268, Iris-setosa
4.40, 2.90, 1.40, 0.20, 0.931558, 0.021534, 0.046909, Iris-setosa
4.90, 3.10, 1.50, 0.10, 0.983690, 0.005043, 0.011267, Iris-setosa
5.40, 3.70, 1.50, 0.20, 0.967215, 0.010466, 0.022320, Iris-setosa
4.80, 3.40, 1.60, 0.20, 0.992280, 0.002387, 0.005333, Iris-setosa
4.80, 3.00, 1.40, 0.10, 0.971747, 0.008832, 0.019421, Iris-setosa
4.30, 3.00, 1.10, 0.10, 0.923698, 0.024999, 0.051302, Iris-setosa
5.80, 4.00, 1.20, 0.20, 0.888398, 0.038098, 0.073504, Iris-setosa
5.70, 4.40, 1.50, 0.40, 0.839275, 0.055017, 0.105708, Iris-setosa
5.40, 3.90, 1.30, 0.40, 0.945518, 0.017961, 0.036522, Iris-setosa
5.10, 3.50, 1.40, 0.30, 0.996307, 0.001168, 0.002525, Iris-setosa
5.70, 3.80, 1.70, 0.30, 0.903064, 0.030648, 0.066288, Iris-setosa
5.10, 3.80, 1.50, 0.30, 0.978068, 0.007012, 0.014919, Iris-setosa
5.40, 3.40, 1.70, 0.20, 0.968755, 0.009495, 0.021750, Iris-setosa
5.10, 3.70, 1.50, 0.40, 0.983901, 0.005089, 0.011010, Iris-setosa
4.60, 3.60, 1.00, 0.20, 0.958130, 0.014010, 0.027860, Iris-setosa
5.10, 3.30, 1.70, 0.50, 0.979779, 0.006007, 0.014213, Iris-setosa
4.80, 3.40, 1.90, 0.20, 0.967268, 0.009735, 0.022997, Iris-setosa
5.00, 3.00, 1.60, 0.20, 0.974904, 0.007571, 0.017525, Iris-setosa
5.00, 3.40, 1.60, 0.40, 0.994861, 0.001569, 0.003570, Iris-setosa
5.20, 3.50, 1.50, 0.20, 0.993092, 0.002167, 0.004740, Iris-setosa
5.20, 3.40, 1.40, 0.20, 0.993660, 0.002001, 0.004339, Iris-setosa
4.70, 3.20, 1.60, 0.20, 0.980240, 0.006061, 0.013699, Iris-setosa
4.80, 3.10, 1.60, 0.20, 0.979752, 0.006162, 0.014086, Iris-setosa
5.40, 3.40, 1.50, 0.40, 0.974274, 0.007968, 0.017758, Iris-setosa
5.20, 4.10, 1.50, 0.10, 0.936927, 0.020862, 0.042211, Iris-setosa
5.50, 4.20, 1.40, 0.20, 0.902385, 0.032952, 0.064662, Iris-setosa
4.90, 3.10, 1.50, 0.10, 0.983690, 0.005043, 0.011267, Iris-setosa
5.00, 3.20, 1.20, 0.20, 0.985406, 0.004673, 0.009920, Iris-setosa
5.50, 3.50, 1.30, 0.20, 0.963827, 0.011680, 0.024493, Iris-setosa
4.90, 3.10, 1.50, 0.10, 0.983690, 0.005043, 0.011267, Iris-setosa
4.40, 3.00, 1.30, 0.20, 0.940571, 0.018951, 0.040478, Iris-setosa
5.10, 3.40, 1.50, 0.20, 0.998342, 0.000517, 0.001141, Iris-setosa
5.00, 3.50, 1.30, 0.30, 0.994361, 0.001806, 0.003833, Iris-setosa
4.50, 2.30, 1.30, 0.30, 0.852730, 0.046370, 0.100899, Iris-setosa
4.40, 3.20, 1.30, 0.20, 0.953073, 0.015063, 0.031865, Iris-setosa
5.00, 3.50, 1.60, 0.60, 0.978871, 0.006457, 0.014672, Iris-setosa
5.10, 3.80, 1.90, 0.40, 0.944176, 0.016934, 0.038890, Iris-setosa
4.80, 3.00, 1.40, 0.30, 0.973202, 0.008305, 0.018493, Iris-setosa
5.10, 3.80, 1.60, 0.20, 0.975756, 0.007695, 0.016550, Iris-setosa
4.60, 3.20, 1.40, 0.20, 0.974771, 0.007954, 0.017275, Iris-setosa
5.30, 3.70, 1.50, 0.20, 0.976396, 0.007523, 0.016081, Iris-setosa
5.00, 3.30, 1.40, 0.20, 0.997361, 0.000829, 0.001810, Iris-setosa
7.00, 3.20, 4.70, 1.40, 0.044601, 0.501103, 0.454296, Iris-versicolor
6.40, 3.20, 4.50, 1.50, 0.029174, 0.206744, 0.764082, Iris-versicolor
6.90, 3.10, 4.90, 1.50, 0.031288, 0.599922, 0.368791, Iris-versicolor
5.50, 2.30, 4.00, 1.30, 0.049538, 0.080474, 0.869988, Iris-versicolor
6.50, 2.80, 4.60, 1.50, 0.024132, 0.217086, 0.758782, Iris-versicolor
5.70, 2.80, 4.50, 1.30, 0.005753, 0.020470, 0.973777, Iris-versicolor
6.30, 3.30, 4.70, 1.60, 0.029804, 0.297132, 0.673064, Iris-versicolor
4.90, 2.40, 3.30, 1.00, 0.286361, 0.132122, 0.581518, Iris-versicolor
6.60, 2.90, 4.60, 1.30, 0.031263, 0.247675, 0.721062, Iris-versicolor
5.20, 2.70, 3.90, 1.40, 0.074980, 0.094719, 0.830301, Iris-versicolor
5.00, 2.00, 3.50, 1.00, 0.219413, 0.144916, 0.635671, Iris-versicolor
5.90, 3.00, 4.20, 1.50, 0.009197, 0.028733, 0.962070, Iris-versicolor
6.00, 2.20, 4.00, 1.00, 0.055835, 0.101133, 0.843032, Iris-versicolor
6.10, 2.90, 4.70, 1.40, 0.012121, 0.088181, 0.899698, Iris-versicolor
5.60, 2.90, 3.60, 1.30, 0.091882, 0.092192, 0.815926, Iris-versicolor
6.70, 3.10, 4.40, 1.40, 0.041748, 0.268338, 0.689914, Iris-versicolor
5.60, 3.00, 4.50, 1.50, 0.014173, 0.052676, 0.933151, Iris-versicolor
5.80, 2.70, 4.10, 1.00, 0.025975, 0.048392, 0.925633, Iris-versicolor
6.20, 2.20, 4.50, 1.50, 0.027210, 0.137425, 0.835365, Iris-versicolor
5.60, 2.50, 3.90, 1.10, 0.051753, 0.070797, 0.877450, Iris-versicolor
5.90, 3.20, 4.80, 1.80, 0.027629, 0.250690, 0.721681, Iris-versicolor
6.10, 2.80, 4.00, 1.30, 0.019537, 0.046238, 0.934225, Iris-versicolor
6.30, 2.50, 4.90, 1.50, 0.024007, 0.270543, 0.705451, Iris-versicolor
6.10, 2.80, 4.70, 1.20, 0.013949, 0.083287, 0.902764, Iris-versicolor
6.40, 2.90, 4.30, 1.30, 0.022931, 0.101145, 0.875924, Iris-versicolor
6.60, 3.00, 4.40, 1.40, 0.033969, 0.211213, 0.754818, Iris-versicolor
6.80, 2.80, 4.80, 1.40, 0.033642, 0.442662, 0.523696, Iris-versicolor
6.70, 3.00, 5.00, 1.70, 0.021202, 0.672439, 0.306359, Iris-versicolor
6.00, 2.90, 4.50, 1.50, 0.004936, 0.026151, 0.968913, Iris-versicolor
5.70, 2.60, 3.50, 1.00, 0.128801, 0.104635, 0.766564, Iris-versicolor
5.50, 2.40, 3.80, 1.10, 0.078117, 0.089902, 0.831981, Iris-versicolor
5.50, 2.40, 3.70, 1.00, 0.104210, 0.100736, 0.795054, Iris-versicolor
5.80, 2.70, 3.90, 1.20, 0.031082, 0.050330, 0.918588, Iris-versicolor
6.00, 2.70, 5.10, 1.60, 0.024000, 0.319668, 0.656332, Iris-versicolor
5.40, 3.00, 4.50, 1.50, 0.026423, 0.082463, 0.891115, Iris-versicolor
6.00, 3.40, 4.50, 1.60, 0.032148, 0.170654, 0.797199, Iris-versicolor
6.70, 3.10, 4.70, 1.50, 0.033475, 0.411055, 0.555470, Iris-versicolor
6.30, 2.30, 4.40, 1.30, 0.026930, 0.115473, 0.857597, Iris-versicolor
5.60, 3.00, 4.10, 1.30, 0.024144, 0.047003, 0.928853, Iris-versicolor
5.50, 2.50, 4.00, 1.30, 0.038317, 0.062413, 0.899270, Iris-versicolor
5.50, 2.60, 4.40, 1.20, 0.019691, 0.049256, 0.931053, Iris-versicolor
6.10, 3.00, 4.60, 1.40, 0.011621, 0.072667, 0.915712, Iris-versicolor
5.80, 2.60, 4.00, 1.20, 0.022597, 0.041817, 0.935586, Iris-versicolor
5.00, 2.30, 3.30, 1.00, 0.270115, 0.132559, 0.597326, Iris-versicolor
5.60, 2.70, 4.20, 1.30, 0.012724, 0.028471, 0.958805, Iris-versicolor
5.70, 3.00, 4.20, 1.20, 0.016818, 0.037688, 0.945494, Iris-versicolor
5.70, 2.90, 4.20, 1.30, 0.009602, 0.023029, 0.967369, Iris-versicolor
6.20, 2.90, 4.30, 1.30, 0.011418, 0.044699, 0.943883, Iris-versicolor
5.10, 2.50, 3.00, 1.10, 0.356777, 0.124264, 0.518959, Iris-versicolor
5.70, 2.80, 4.10, 1.30, 0.012730, 0.026763, 0.960506, Iris-versicolor
6.30, 3.30, 6.00, 2.50, 0.019365, 0.859884, 0.120751, Iris-virginica
5.80, 2.70, 5.10, 1.90, 0.029332, 0.355093, 0.615575, Iris-virginica
7.10, 3.00, 5.90, 2.10, 0.006080, 0.955763, 0.038157, Iris-virginica
6.30, 2.90, 5.60, 1.80, 0.012535, 0.845515, 0.141950, Iris-virginica
6.50, 3.00, 5.80, 2.20, 0.004757, 0.957599, 0.037643, Iris-virginica
7.60, 3.00, 6.60, 2.10, 0.035478, 0.811839, 0.152683, Iris-virginica
4.90, 2.50, 4.50, 1.70, 0.073141, 0.167048, 0.759811, Iris-virginica
7.30, 2.90, 6.30, 1.80, 0.021913, 0.862938, 0.115149, Iris-virginica
6.70, 2.50, 5.80, 1.80, 0.014009, 0.868641, 0.117350, Iris-virginica
7.20, 3.60, 6.10, 2.50, 0.024419, 0.860980, 0.114602, Iris-virginica
6.50, 3.20, 5.10, 2.00, 0.016770, 0.773335, 0.209894, Iris-virginica
6.40, 2.70, 5.30, 1.90, 0.015771, 0.761089, 0.223140, Iris-virginica
6.80, 3.00, 5.50, 2.10, 0.001167, 0.988817, 0.010016, Iris-virginica
5.70, 2.50, 5.00, 2.00, 0.034415, 0.305662, 0.659923, Iris-virginica
5.80, 2.80, 5.10, 2.40, 0.038404, 0.500614, 0.460983, Iris-virginica
6.40, 3.20, 5.30, 2.30, 0.014068, 0.849862, 0.136070, Iris-virginica
6.50, 3.00, 5.50, 1.80, 0.007165, 0.913219, 0.079616, Iris-virginica
7.70, 3.80, 6.70, 2.20, 0.050589, 0.763579, 0.185831, Iris-virginica
7.70, 2.60, 6.90, 2.30, 0.049214, 0.757526, 0.193260, Iris-virginica
6.00, 2.20, 5.00, 1.50, 0.032252, 0.257079, 0.710668, Iris-virginica
6.90, 3.20, 5.70, 2.30, 0.003829, 0.970468, 0.025703, Iris-virginica
5.60, 2.80, 4.90, 2.00, 0.033679, 0.259375, 0.706947, Iris-virginica
7.70, 2.80, 6.70, 2.00, 0.041996, 0.783167, 0.174837, Iris-virginica
6.30, 2.70, 4.90, 1.80, 0.022825, 0.381395, 0.595780, Iris-virginica
6.70, 3.30, 5.70, 2.10, 0.002915, 0.975341, 0.021745, Iris-virginica
7.20, 3.20, 6.00, 1.80, 0.012914, 0.911909, 0.075177, Iris-virginica
6.20, 2.80, 4.80, 1.80, 0.020997, 0.271192, 0.707811, Iris-virginica
6.10, 3.00, 4.90, 1.80, 0.023106, 0.329951, 0.646943, Iris-virginica
6.40, 2.80, 5.60, 2.10, 0.008364, 0.908633, 0.083003, Iris-virginica
7.20, 3.00, 5.80, 1.60, 0.014456, 0.890785, 0.094759, Iris-virginica
7.40, 2.80, 6.10, 1.90, 0.019801, 0.872742, 0.107457, Iris-virginica
7.90, 3.80, 6.40, 2.00, 0.050904, 0.760088, 0.189008, Iris-virginica
6.40, 2.80, 5.60, 2.20, 0.008963, 0.906193, 0.084844, Iris-virginica
6.30, 2.80, 5.10, 1.50, 0.023414, 0.436346, 0.540240, Iris-virginica
6.10, 2.60, 5.60, 1.40, 0.031225, 0.576046, 0.392730, Iris-virginica
7.70, 3.00, 6.10, 2.30, 0.028675, 0.839540, 0.131784, Iris-virginica
6.30, 3.40, 5.60, 2.40, 0.017230, 0.854065, 0.128705, Iris-virginica
6.40, 3.10, 5.50, 1.80, 0.009788, 0.880139, 0.110072, Iris-virginica
6.00, 3.00, 4.80, 1.80, 0.021737, 0.228325, 0.749938, Iris-virginica
6.90, 3.10, 5.40, 2.10, 0.003491, 0.967548, 0.028961, Iris-virginica
6.70, 3.10, 5.60, 2.40, 0.005080, 0.957240, 0.037681, Iris-virginica
6.90, 3.10, 5.10, 2.30, 0.015408, 0.855104, 0.129488, Iris-virginica
5.80, 2.70, 5.10, 1.90, 0.029332, 0.355093, 0.615575, Iris-virginica
6.80, 3.20, 5.90, 2.30, 0.005252, 0.961009, 0.033739, Iris-virginica
6.70, 3.30, 5.70, 2.50, 0.009704, 0.927110, 0.063186, Iris-virginica
6.70, 3.00, 5.20, 2.30, 0.011268, 0.882348, 0.106384, Iris-virginica
6.30, 2.50, 5.00, 1.90, 0.025831, 0.466645, 0.507525, Iris-virginica
6.50, 3.00, 5.20, 2.00, 0.012120, 0.831451, 0.156429, Iris-virginica
6.20, 3.40, 5.40, 2.30, 0.021586, 0.789372, 0.189042, Iris-virginica
5.90, 3.00, 5.10, 1.80, 0.026941, 0.391259, 0.581801, Iris-virginica
