% Title: Title
%
% Centers:
% 	6.775205 3.052457 5.647025 2.053653 
% 	5.003562 3.403032 1.485008 0.251544 
% 	5.889281 2.761264 4.364371 1.397505 
%

@RELATION

@ATTRIBUTE Attribute0 	 REAL
@ATTRIBUTE Attribute1 	 REAL
@ATTRIBUTE Attribute2 	 REAL
@ATTRIBUTE Attribute3 	 REAL
@ATTRIBUTE MU 	 FUZZY {Zhluk0, Zhluk1, Zhluk2}
@ATTRIBUTE class 	 {Iris-setosa, Iris-versicolor, Iris-virginica}

@DATA
5.10, 3.50, 1.40, 0.20, 0.001164, 0.996336, 0.002501, Iris-setosa
4.90, 3.00, 1.40, 0.20, 0.007155, 0.976961, 0.015885, Iris-setosa
4.70, 3.20, 1.30, 0.20, 0.006260, 0.980314, 0.013426, Iris-setosa
4.60, 3.10, 1.50, 0.20, 0.009832, 0.968321, 0.021847, Iris-setosa
5.00, 3.60, 1.40, 0.20, 0.001942, 0.993927, 0.004131, Iris-setosa
5.40, 3.90, 1.70, 0.40, 0.021068, 0.933158, 0.045774, Iris-setosa
4.60, 3.40, 1.40, 0.30, 0.006505, 0.979492, 0.014002, Iris-setosa
5.00, 3.40, 1.50, 0.20, 0.000121, 0.999611, 0.000268, Iris-setosa
4.40, 2.90, 1.40, 0.20, 0.021530, 0.931574, 0.046896, Iris-setosa
4.90, 3.10, 1.50, 0.10, 0.005042, 0.983695, 0.011263, Iris-setosa
5.40, 3.70, 1.50, 0.20, 0.010464, 0.967221, 0.022315, Iris-setosa
4.80, 3.40, 1.60, 0.20, 0.002386, 0.992283, 0.005331, Iris-setosa
4.80, 3.00, 1.40, 0.10, 0.008830, 0.971755, 0.019415, Iris-setosa
4.30, 3.00, 1.10, 0.10, 0.024995, 0.923714, 0.051291, Iris-setosa
5.80, 4.00, 1.20, 0.20, 0.038093, 0.888415, 0.073492, Iris-setosa
5.70, 4.40, 1.50, 0.40, 0.055010, 0.839298, 0.105692, Iris-setosa
5.40, 3.90, 1.30, 0.40, 0.017958, 0.945527, 0.036515, Iris-setosa
5.10, 3.50, 1.40, 0.30, 0.001168, 0.996308, 0.002524, Iris-setosa
5.70, 3.80, 1.70, 0.30, 0.030643, 0.903084, 0.066272, Iris-setosa
5.10, 3.80, 1.50, 0.30, 0.007011, 0.978072, 0.014916, Iris-setosa
5.40, 3.40, 1.70, 0.20, 0.009493, 0.968765, 0.021743, Iris-setosa
5.10, 3.70, 1.50, 0.40, 0.005088, 0.983905, 0.011007, Iris-setosa
4.60, 3.60, 1.00, 0.20, 0.014009, 0.958136, 0.027855, Iris-setosa
5.10, 3.30, 1.70, 0.50, 0.006005, 0.979787, 0.014207, Iris-setosa
4.80, 3.40, 1.90, 0.20, 0.009733, 0.967280, 0.022988, Iris-setosa
5.00, 3.00, 1.60, 0.20, 0.007569, 0.974913, 0.017518, Iris-setosa
5.00, 3.40, 1.60, 0.40, 0.001568, 0.994863, 0.003569, Iris-setosa
5.20, 3.50, 1.50, 0.20, 0.002167, 0.993094, 0.004739, Iris-setosa
5.20, 3.40, 1.40, 0.20, 0.002001, 0.993661, 0.004338, Iris-setosa
4.70, 3.20, 1.60, 0.20, 0.006060, 0.980246, 0.013694, Iris-setosa
4.80, 3.10, 1.60, 0.20, 0.006161, 0.979759, 0.014081, Iris-setosa
5.40, 3.40, 1.50, 0.40, 0.007966, 0.974281, 0.017753, Iris-setosa
5.20, 4.10, 1.50, 0.10, 0.020860, 0.936937, 0.042203, Iris-setosa
5.50, 4.20, 1.40, 0.20, 0.032948, 0.902401, 0.064651, Iris-setosa
4.90, 3.10, 1.50, 0.10, 0.005042, 0.983695, 0.011263, Iris-setosa
5.00, 3.20, 1.20, 0.20, 0.004673, 0.985409, 0.009918, Iris-setosa
5.50, 3.50, 1.30, 0.20, 0.011679, 0.963833, 0.024488, Iris-setosa
4.90, 3.10, 1.50, 0.10, 0.005042, 0.983695, 0.011263, Iris-setosa
4.40, 3.00, 1.30, 0.20, 0.018948, 0.940585, 0.040467, Iris-setosa
5.10, 3.40, 1.50, 0.20, 0.000517, 0.998343, 0.001141, Iris-setosa
5.00, 3.50, 1.30, 0.30, 0.001806, 0.994361, 0.003833, Iris-setosa
4.50, 2.30, 1.30, 0.30, 0.046363, 0.852764, 0.100873, Iris-setosa
4.40, 3.20, 1.30, 0.20, 0.015060, 0.953083, 0.031857, Iris-setosa
5.00, 3.50, 1.60, 0.60, 0.006456, 0.978878, 0.014666, Iris-setosa
5.10, 3.80, 1.90, 0.40, 0.016930, 0.944191, 0.038878, Iris-setosa
4.80, 3.00, 1.40, 0.30, 0.008303, 0.973209, 0.018487, Iris-setosa
5.10, 3.80, 1.60, 0.20, 0.007693, 0.975761, 0.016546, Iris-setosa
4.60, 3.20, 1.40, 0.20, 0.007952, 0.974777, 0.017270, Iris-setosa
5.30, 3.70, 1.50, 0.20, 0.007522, 0.976401, 0.016078, Iris-setosa
5.00, 3.30, 1.40, 0.20, 0.000829, 0.997361, 0.001810, Iris-setosa
7.00, 3.20, 4.70, 1.40, 0.500831, 0.044600, 0.454569, Iris-versicolor
6.40, 3.20, 4.50, 1.50, 0.206467, 0.029155, 0.764378, Iris-versicolor
6.90, 3.10, 4.90, 1.50, 0.599584, 0.031293, 0.369123, Iris-versicolor
5.50, 2.30, 4.00, 1.30, 0.080529, 0.049593, 0.869878, Iris-versicolor
6.50, 2.80, 4.60, 1.50, 0.216751, 0.024113, 0.759136, Iris-versicolor
5.70, 2.80, 4.50, 1.30, 0.020468, 0.005755, 0.973777, Iris-versicolor
6.30, 3.30, 4.70, 1.60, 0.296754, 0.029789, 0.673457, Iris-versicolor
4.90, 2.40, 3.30, 1.00, 0.132136, 0.286487, 0.581376, Iris-versicolor
6.60, 2.90, 4.60, 1.30, 0.247385, 0.031248, 0.721368, Iris-versicolor
5.20, 2.70, 3.90, 1.40, 0.094768, 0.075051, 0.830181, Iris-versicolor
5.00, 2.00, 3.50, 1.00, 0.144935, 0.219516, 0.635549, Iris-versicolor
5.90, 3.00, 4.20, 1.50, 0.028727, 0.009201, 0.962072, Iris-versicolor
6.00, 2.20, 4.00, 1.00, 0.101163, 0.055876, 0.842962, Iris-versicolor
6.10, 2.90, 4.70, 1.40, 0.087942, 0.012097, 0.899961, Iris-versicolor
5.60, 2.90, 3.60, 1.30, 0.092240, 0.091968, 0.815791, Iris-versicolor
6.70, 3.10, 4.40, 1.40, 0.268096, 0.041736, 0.690168, Iris-versicolor
5.60, 3.00, 4.50, 1.50, 0.052638, 0.014171, 0.933191, Iris-versicolor
5.80, 2.70, 4.10, 1.00, 0.048450, 0.026018, 0.925532, Iris-versicolor
6.20, 2.20, 4.50, 1.50, 0.137306, 0.027202, 0.835492, Iris-versicolor
5.60, 2.50, 3.90, 1.10, 0.070863, 0.051824, 0.877314, Iris-versicolor
5.90, 3.20, 4.80, 1.80, 0.250354, 0.027613, 0.722033, Iris-versicolor
6.10, 2.80, 4.00, 1.30, 0.046262, 0.019557, 0.934181, Iris-versicolor
6.30, 2.50, 4.90, 1.50, 0.270166, 0.023992, 0.705842, Iris-versicolor
6.10, 2.80, 4.70, 1.20, 0.083123, 0.013931, 0.902947, Iris-versicolor
6.40, 2.90, 4.30, 1.30, 0.101028, 0.022918, 0.876055, Iris-versicolor
6.60, 3.00, 4.40, 1.40, 0.210981, 0.033953, 0.755066, Iris-versicolor
6.80, 2.80, 4.80, 1.40, 0.442298, 0.033639, 0.524063, Iris-versicolor
6.70, 3.00, 5.00, 1.70, 0.671999, 0.021213, 0.306788, Iris-versicolor
6.00, 2.90, 4.50, 1.50, 0.026037, 0.004918, 0.969045, Iris-versicolor
5.70, 2.60, 3.50, 1.00, 0.104680, 0.128906, 0.766414, Iris-versicolor
5.50, 2.40, 3.80, 1.10, 0.089960, 0.078200, 0.831840, Iris-versicolor
5.50, 2.40, 3.70, 1.00, 0.100788, 0.104305, 0.794907, Iris-versicolor
5.80, 2.70, 3.90, 1.20, 0.050395, 0.031136, 0.918469, Iris-versicolor
6.00, 2.70, 5.10, 1.60, 0.319239, 0.023988, 0.656772, Iris-versicolor
5.40, 3.00, 4.50, 1.50, 0.082440, 0.026430, 0.891130, Iris-versicolor
6.00, 3.40, 4.50, 1.60, 0.170462, 0.032132, 0.797406, Iris-versicolor
6.70, 3.10, 4.70, 1.50, 0.410670, 0.033469, 0.555861, Iris-versicolor
6.30, 2.30, 4.40, 1.30, 0.115388, 0.026925, 0.857687, Iris-versicolor
5.60, 3.00, 4.10, 1.30, 0.047052, 0.024181, 0.928767, Iris-versicolor
5.50, 2.50, 4.00, 1.30, 0.062477, 0.038374, 0.899148, Iris-versicolor
5.50, 2.60, 4.40, 1.20, 0.049294, 0.019716, 0.930989, Iris-versicolor
6.10, 3.00, 4.60, 1.40, 0.072475, 0.011599, 0.915926, Iris-versicolor
5.80, 2.60, 4.00, 1.20, 0.041882, 0.022643, 0.935475, Iris-versicolor
5.00, 2.30, 3.30, 1.00, 0.132576, 0.270240, 0.597184, Iris-versicolor
5.60, 2.70, 4.20, 1.30, 0.028531, 0.012757, 0.958711, Iris-versicolor
5.70, 3.00, 4.20, 1.20, 0.037729, 0.016845, 0.945427, Iris-versicolor
5.70, 2.90, 4.20, 1.30, 0.023076, 0.009627, 0.967297, Iris-versicolor
6.20, 2.90, 4.30, 1.30, 0.044639, 0.011409, 0.943952, Iris-versicolor
5.10, 2.50, 3.00, 1.10, 0.124271, 0.356912, 0.518817, Iris-versicolor
5.70, 2.80, 4.10, 1.30, 0.026825, 0.012766, 0.960409, Iris-versicolor
6.30, 3.30, 6.00, 2.50, 0.859867, 0.019360, 0.120773, Iris-virginica
5.80, 2.70, 5.10, 1.90, 0.354727, 0.029324, 0.615949, Iris-virginica
7.10, 3.00, 5.90, 2.10, 0.955837, 0.006067, 0.038096, Iris-virginica
6.30, 2.90, 5.60, 1.80, 0.845258, 0.012548, 0.142194, Iris-virginica
6.50, 3.00, 5.80, 2.20, 0.957575, 0.004758, 0.037668, Iris-virginica
7.60, 3.00, 6.60, 2.10, 0.811909, 0.035455, 0.152636, Iris-virginica
4.90, 2.50, 4.50, 1.70, 0.167032, 0.073165, 0.759804, Iris-virginica
7.30, 2.90, 6.30, 1.80, 0.862999, 0.021896, 0.115105, Iris-virginica
6.70, 2.50, 5.80, 1.80, 0.868555, 0.014011, 0.117434, Iris-virginica
7.20, 3.60, 6.10, 2.50, 0.861049, 0.024399, 0.114552, Iris-virginica
6.50, 3.20, 5.10, 2.00, 0.772957, 0.016785, 0.210257, Iris-virginica
6.40, 2.70, 5.30, 1.90, 0.760687, 0.015785, 0.223528, Iris-virginica
6.80, 3.00, 5.50, 2.10, 0.988775, 0.001171, 0.010055, Iris-virginica
5.70, 2.50, 5.00, 2.00, 0.305393, 0.034407, 0.660200, Iris-virginica
5.80, 2.80, 5.10, 2.40, 0.500319, 0.038406, 0.461275, Iris-virginica
6.40, 3.20, 5.30, 2.30, 0.849646, 0.014080, 0.136275, Iris-virginica
6.50, 3.00, 5.50, 1.80, 0.912994, 0.007179, 0.079827, Iris-virginica
7.70, 3.80, 6.70, 2.20, 0.763640, 0.050564, 0.185796, Iris-virginica
7.70, 2.60, 6.90, 2.30, 0.757579, 0.049191, 0.193229, Iris-virginica
6.00, 2.20, 5.00, 1.50, 0.256846, 0.032243, 0.710911, Iris-virginica
6.90, 3.20, 5.70, 2.30, 0.970514, 0.003822, 0.025664, Iris-virginica
5.60, 2.80, 4.90, 2.00, 0.259127, 0.033668, 0.707205, Iris-virginica
7.70, 2.80, 6.70, 2.00, 0.783226, 0.041974, 0.174800, Iris-virginica
6.30, 2.70, 4.90, 1.80, 0.380876, 0.022817, 0.596308, Iris-virginica
6.70, 3.30, 5.70, 2.10, 0.975346, 0.002912, 0.021742, Iris-virginica
7.20, 3.20, 6.00, 1.80, 0.911971, 0.012900, 0.075129, Iris-virginica
6.20, 2.80, 4.80, 1.80, 0.270726, 0.020980, 0.708294, Iris-virginica
6.10, 3.00, 4.90, 1.80, 0.329457, 0.023093, 0.647449, Iris-virginica
6.40, 2.80, 5.60, 2.10, 0.908471, 0.008374, 0.083155, Iris-virginica
7.20, 3.00, 5.80, 1.60, 0.890793, 0.014449, 0.094758, Iris-virginica
7.40, 2.80, 6.10, 1.90, 0.872800, 0.019785, 0.107415, Iris-virginica
7.90, 3.80, 6.40, 2.00, 0.760142, 0.050880, 0.188979, Iris-virginica
6.40, 2.80, 5.60, 2.20, 0.906050, 0.008972, 0.084978, Iris-virginica
6.30, 2.80, 5.10, 1.50, 0.435829, 0.023409, 0.540761, Iris-virginica
6.10, 2.60, 5.60, 1.40, 0.575743, 0.031229, 0.393029, Iris-virginica
7.70, 3.00, 6.10, 2.30, 0.839610, 0.028654, 0.131736, Iris-virginica
6.30, 3.40, 5.60, 2.40, 0.853966, 0.017234, 0.128800, Iris-virginica
6.40, 3.10, 5.50, 1.80, 0.879885, 0.009803, 0.110312, Iris-virginica
6.00, 3.00, 4.80, 1.80, 0.227934, 0.021719, 0.750348, Iris-virginica
6.90, 3.10, 5.40, 2.10, 0.967496, 0.003494, 0.029009, Iris-virginica
6.70, 3.10, 5.60, 2.40, 0.957230, 0.005078, 0.037692, Iris-virginica
6.90, 3.10, 5.10, 2.30, 0.854954, 0.015416, 0.129631, Iris-virginica
5.80, 2.70, 5.10, 1.90, 0.354727, 0.029324, 0.615949, Iris-virginica
6.80, 3.20, 5.90, 2.30, 0.961069, 0.005242, 0.033690, Iris-virginica
6.70, 3.30, 5.70, 2.50, 0.927123, 0.009698, 0.063179, Iris-virginica
6.70, 3.00, 5.20, 2.30, 0.882166, 0.011279, 0.106556, Iris-virginica
6.30, 2.50, 5.00, 1.90, 0.466189, 0.025829, 0.507982, Iris-virginica
6.50, 3.00, 5.20, 2.00, 0.831084, 0.012137, 0.156779, Iris-virginica
6.20, 3.40, 5.40, 2.30, 0.789171, 0.021595, 0.189234, Iris-virginica
5.90, 3.00, 5.10, 1.80, 0.390817, 0.026934, 0.582249, Iris-virginica
