% Title: Title
%
% Centers:
% 	5.003561 3.403041 1.484993 0.251537 
% 	5.889098 2.761198 4.364106 1.397370 
% 	6.774996 3.052395 5.646761 2.053549 
%

@RELATION

@ATTRIBUTE Attribute0 	 REAL
@ATTRIBUTE Attribute1 	 REAL
@ATTRIBUTE Attribute2 	 REAL
@ATTRIBUTE Attribute3 	 REAL
@ATTRIBUTE MU 	 FUZZY {Zhluk0, Zhluk1, Zhluk2}
@ATTRIBUTE class 	 {Iris-setosa, Iris-versicolor, Iris-virginica}

@DATA
5.10, 3.50, 1.40, 0.20, 0.996336, 0.002501, 0.001163, Iris-setosa
4.90, 3.00, 1.40, 0.20, 0.976953, 0.015890, 0.007157, Iris-setosa
4.70, 3.20, 1.30, 0.20, 0.980310, 0.013429, 0.006261, Iris-setosa
4.60, 3.10, 1.50, 0.20, 0.968312, 0.021854, 0.009834, Iris-setosa
5.00, 3.60, 1.40, 0.20, 0.993927, 0.004131, 0.001942, Iris-setosa
5.40, 3.90, 1.70, 0.40, 0.933142, 0.045786, 0.021072, Iris-setosa
4.60, 3.40, 1.40, 0.30, 0.979487, 0.014006, 0.006506, Iris-setosa
5.00, 3.40, 1.50, 0.20, 0.999611, 0.000268, 0.000121, Iris-setosa
4.40, 2.90, 1.40, 0.20, 0.931556, 0.046910, 0.021534, Iris-setosa
4.90, 3.10, 1.50, 0.10, 0.983690, 0.011267, 0.005043, Iris-setosa
5.40, 3.70, 1.50, 0.20, 0.967214, 0.022320, 0.010466, Iris-setosa
4.80, 3.40, 1.60, 0.20, 0.992280, 0.005333, 0.002387, Iris-setosa
4.80, 3.00, 1.40, 0.10, 0.971747, 0.019421, 0.008832, Iris-setosa
4.30, 3.00, 1.10, 0.10, 0.923697, 0.051303, 0.024999, Iris-setosa
5.80, 4.00, 1.20, 0.20, 0.888397, 0.073505, 0.038098, Iris-setosa
5.70, 4.40, 1.50, 0.40, 0.839273, 0.105710, 0.055017, Iris-setosa
5.40, 3.90, 1.30, 0.40, 0.945517, 0.036522, 0.017961, Iris-setosa
5.10, 3.50, 1.40, 0.30, 0.996307, 0.002525, 0.001168, Iris-setosa
5.70, 3.80, 1.70, 0.30, 0.903062, 0.066289, 0.030649, Iris-setosa
5.10, 3.80, 1.50, 0.30, 0.978068, 0.014919, 0.007012, Iris-setosa
5.40, 3.40, 1.70, 0.20, 0.968754, 0.021750, 0.009495, Iris-setosa
5.10, 3.70, 1.50, 0.40, 0.983901, 0.011010, 0.005089, Iris-setosa
4.60, 3.60, 1.00, 0.20, 0.958129, 0.027860, 0.014011, Iris-setosa
5.10, 3.30, 1.70, 0.50, 0.979779, 0.014214, 0.006008, Iris-setosa
4.80, 3.40, 1.90, 0.20, 0.967267, 0.022997, 0.009735, Iris-setosa
5.00, 3.00, 1.60, 0.20, 0.974904, 0.017525, 0.007571, Iris-setosa
5.00, 3.40, 1.60, 0.40, 0.994861, 0.003571, 0.001569, Iris-setosa
5.20, 3.50, 1.50, 0.20, 0.993092, 0.004740, 0.002167, Iris-setosa
5.20, 3.40, 1.40, 0.20, 0.993660, 0.004339, 0.002001, Iris-setosa
4.70, 3.20, 1.60, 0.20, 0.980239, 0.013700, 0.006061, Iris-setosa
4.80, 3.10, 1.60, 0.20, 0.979751, 0.014086, 0.006162, Iris-setosa
5.40, 3.40, 1.50, 0.40, 0.974273, 0.017758, 0.007968, Iris-setosa
5.20, 4.10, 1.50, 0.10, 0.936926, 0.042211, 0.020863, Iris-setosa
5.50, 4.20, 1.40, 0.20, 0.902384, 0.064663, 0.032953, Iris-setosa
4.90, 3.10, 1.50, 0.10, 0.983690, 0.011267, 0.005043, Iris-setosa
5.00, 3.20, 1.20, 0.20, 0.985406, 0.009920, 0.004673, Iris-setosa
5.50, 3.50, 1.30, 0.20, 0.963826, 0.024493, 0.011680, Iris-setosa
4.90, 3.10, 1.50, 0.10, 0.983690, 0.011267, 0.005043, Iris-setosa
4.40, 3.00, 1.30, 0.20, 0.940570, 0.040478, 0.018951, Iris-setosa
5.10, 3.40, 1.50, 0.20, 0.998342, 0.001141, 0.000517, Iris-setosa
5.00, 3.50, 1.30, 0.30, 0.994361, 0.003833, 0.001806, Iris-setosa
4.50, 2.30, 1.30, 0.30, 0.852727, 0.100902, 0.046371, Iris-setosa
4.40, 3.20, 1.30, 0.20, 0.953072, 0.031865, 0.015063, Iris-setosa
5.00, 3.50, 1.60, 0.60, 0.978871, 0.014672, 0.006457, Iris-setosa
5.10, 3.80, 1.90, 0.40, 0.944175, 0.038891, 0.016934, Iris-setosa
4.80, 3.00, 1.40, 0.30, 0.973201, 0.018494, 0.008305, Iris-setosa
5.10, 3.80, 1.60, 0.20, 0.975755, 0.016550, 0.007695, Iris-setosa
4.60, 3.20, 1.40, 0.20, 0.974771, 0.017275, 0.007954, Iris-setosa
5.30, 3.70, 1.50, 0.20, 0.976396, 0.016081, 0.007523, Iris-setosa
5.00, 3.30, 1.40, 0.20, 0.997361, 0.001810, 0.000829, Iris-setosa
7.00, 3.20, 4.70, 1.40, 0.044600, 0.454274, 0.501126, Iris-versicolor
6.40, 3.20, 4.50, 1.50, 0.029176, 0.764058, 0.206766, Iris-versicolor
6.90, 3.10, 4.90, 1.50, 0.031287, 0.368763, 0.599949, Iris-versicolor
5.50, 2.30, 4.00, 1.30, 0.049534, 0.869996, 0.080470, Iris-versicolor
6.50, 2.80, 4.60, 1.50, 0.024134, 0.758753, 0.217113, Iris-versicolor
5.70, 2.80, 4.50, 1.30, 0.005752, 0.973777, 0.020471, Iris-versicolor
6.30, 3.30, 4.70, 1.60, 0.029805, 0.673032, 0.297163, Iris-versicolor
4.90, 2.40, 3.30, 1.00, 0.286351, 0.581529, 0.132121, Iris-versicolor
6.60, 2.90, 4.60, 1.30, 0.031265, 0.721037, 0.247699, Iris-versicolor
5.20, 2.70, 3.90, 1.40, 0.074974, 0.830311, 0.094715, Iris-versicolor
5.00, 2.00, 3.50, 1.00, 0.219405, 0.635681, 0.144914, Iris-versicolor
5.90, 3.00, 4.20, 1.50, 0.009197, 0.962069, 0.028734, Iris-versicolor
6.00, 2.20, 4.00, 1.00, 0.055832, 0.843037, 0.101131, Iris-versicolor
6.10, 2.90, 4.70, 1.40, 0.012123, 0.899677, 0.088200, Iris-versicolor
5.60, 2.90, 3.60, 1.30, 0.091875, 0.815937, 0.092188, Iris-versicolor
6.70, 3.10, 4.40, 1.40, 0.041749, 0.689893, 0.268357, Iris-versicolor
5.60, 3.00, 4.50, 1.50, 0.014173, 0.933147, 0.052680, Iris-versicolor
5.80, 2.70, 4.10, 1.00, 0.025971, 0.925641, 0.048388, Iris-versicolor
6.20, 2.20, 4.50, 1.50, 0.027210, 0.835355, 0.137435, Iris-versicolor
5.60, 2.50, 3.90, 1.10, 0.051748, 0.877460, 0.070792, Iris-versicolor
5.90, 3.20, 4.80, 1.80, 0.027630, 0.721652, 0.250718, Iris-versicolor
6.10, 2.80, 4.00, 1.30, 0.019535, 0.934228, 0.046237, Iris-versicolor
6.30, 2.50, 4.90, 1.50, 0.024008, 0.705418, 0.270574, Iris-versicolor
6.10, 2.80, 4.70, 1.20, 0.013950, 0.902749, 0.083301, Iris-versicolor
6.40, 2.90, 4.30, 1.30, 0.022932, 0.875913, 0.101155, Iris-versicolor
6.60, 3.00, 4.40, 1.40, 0.033970, 0.754798, 0.211232, Iris-versicolor
6.80, 2.80, 4.80, 1.40, 0.033643, 0.523665, 0.442692, Iris-versicolor
6.70, 3.00, 5.00, 1.70, 0.021201, 0.306323, 0.672476, Iris-versicolor
6.00, 2.90, 4.50, 1.50, 0.004937, 0.968902, 0.026160, Iris-versicolor
5.70, 2.60, 3.50, 1.00, 0.128793, 0.766576, 0.104632, Iris-versicolor
5.50, 2.40, 3.80, 1.10, 0.078111, 0.831992, 0.089897, Iris-versicolor
5.50, 2.40, 3.70, 1.00, 0.104202, 0.795066, 0.100732, Iris-versicolor
5.80, 2.70, 3.90, 1.20, 0.031077, 0.918597, 0.050325, Iris-versicolor
6.00, 2.70, 5.10, 1.60, 0.024001, 0.656296, 0.319703, Iris-versicolor
5.40, 3.00, 4.50, 1.50, 0.026422, 0.891113, 0.082465, Iris-versicolor
6.00, 3.40, 4.50, 1.60, 0.032149, 0.797182, 0.170669, Iris-versicolor
6.70, 3.10, 4.70, 1.50, 0.033475, 0.555438, 0.411086, Iris-versicolor
6.30, 2.30, 4.40, 1.30, 0.026930, 0.857589, 0.115480, Iris-versicolor
5.60, 3.00, 4.10, 1.30, 0.024141, 0.928860, 0.047000, Iris-versicolor
5.50, 2.50, 4.00, 1.30, 0.038312, 0.899280, 0.062408, Iris-versicolor
5.50, 2.60, 4.40, 1.20, 0.019689, 0.931058, 0.049253, Iris-versicolor
6.10, 3.00, 4.60, 1.40, 0.011623, 0.915694, 0.072682, Iris-versicolor
5.80, 2.60, 4.00, 1.20, 0.022593, 0.935595, 0.041812, Iris-versicolor
5.00, 2.30, 3.30, 1.00, 0.270105, 0.597337, 0.132558, Iris-versicolor
5.60, 2.70, 4.20, 1.30, 0.012721, 0.958812, 0.028466, Iris-versicolor
5.70, 3.00, 4.20, 1.20, 0.016816, 0.945499, 0.037685, Iris-versicolor
5.70, 2.90, 4.20, 1.30, 0.009600, 0.967374, 0.023026, Iris-versicolor
6.20, 2.90, 4.30, 1.30, 0.011418, 0.943878, 0.044704, Iris-versicolor
5.10, 2.50, 3.00, 1.10, 0.356766, 0.518970, 0.124264, Iris-versicolor
5.70, 2.80, 4.10, 1.30, 0.012728, 0.960514, 0.026759, Iris-versicolor
6.30, 3.30, 6.00, 2.50, 0.019366, 0.120749, 0.859885, Iris-virginica
5.80, 2.70, 5.10, 1.90, 0.029332, 0.615544, 0.355124, Iris-virginica
7.10, 3.00, 5.90, 2.10, 0.006081, 0.038163, 0.955756, Iris-virginica
6.30, 2.90, 5.60, 1.80, 0.012534, 0.141929, 0.845537, Iris-virginica
6.50, 3.00, 5.80, 2.20, 0.004757, 0.037641, 0.957601, Iris-virginica
7.60, 3.00, 6.60, 2.10, 0.035480, 0.152687, 0.811833, Iris-virginica
4.90, 2.50, 4.50, 1.70, 0.073139, 0.759811, 0.167050, Iris-virginica
7.30, 2.90, 6.30, 1.80, 0.021915, 0.115154, 0.862932, Iris-virginica
6.70, 2.50, 5.80, 1.80, 0.014009, 0.117343, 0.868648, Iris-virginica
7.20, 3.60, 6.10, 2.50, 0.024420, 0.114606, 0.860973, Iris-virginica
6.50, 3.20, 5.10, 2.00, 0.016769, 0.209864, 0.773367, Iris-virginica
6.40, 2.70, 5.30, 1.90, 0.015769, 0.223108, 0.761123, Iris-virginica
6.80, 3.00, 5.50, 2.10, 0.001166, 0.010012, 0.988821, Iris-virginica
5.70, 2.50, 5.00, 2.00, 0.034416, 0.659900, 0.305684, Iris-virginica
5.80, 2.80, 5.10, 2.40, 0.038403, 0.460958, 0.500639, Iris-virginica
6.40, 3.20, 5.30, 2.30, 0.014067, 0.136053, 0.849881, Iris-virginica
6.50, 3.00, 5.50, 1.80, 0.007164, 0.079598, 0.913238, Iris-virginica
7.70, 3.80, 6.70, 2.20, 0.050592, 0.185835, 0.763574, Iris-virginica
7.70, 2.60, 6.90, 2.30, 0.049216, 0.193263, 0.757521, Iris-virginica
6.00, 2.20, 5.00, 1.50, 0.032253, 0.710648, 0.257099, Iris-virginica
6.90, 3.20, 5.70, 2.30, 0.003830, 0.025706, 0.970464, Iris-virginica
5.60, 2.80, 4.90, 2.00, 0.033679, 0.706925, 0.259396, Iris-virginica
7.70, 2.80, 6.70, 2.00, 0.041998, 0.174840, 0.783161, Iris-virginica
6.30, 2.70, 4.90, 1.80, 0.022826, 0.595737, 0.381438, Iris-virginica
6.70, 3.30, 5.70, 2.10, 0.002915, 0.021745, 0.975340, Iris-virginica
7.20, 3.20, 6.00, 1.80, 0.012915, 0.075181, 0.911904, Iris-virginica
6.20, 2.80, 4.80, 1.80, 0.020998, 0.707771, 0.271231, Iris-virginica
6.10, 3.00, 4.90, 1.80, 0.023107, 0.646901, 0.329992, Iris-virginica
6.40, 2.80, 5.60, 2.10, 0.008363, 0.082990, 0.908646, Iris-virginica
7.20, 3.00, 5.80, 1.60, 0.014457, 0.094760, 0.890783, Iris-virginica
7.40, 2.80, 6.10, 1.90, 0.019802, 0.107461, 0.872736, Iris-virginica
7.90, 3.80, 6.40, 2.00, 0.050906, 0.189011, 0.760083, Iris-virginica
6.40, 2.80, 5.60, 2.20, 0.008962, 0.084832, 0.906205, Iris-virginica
6.30, 2.80, 5.10, 1.50, 0.023414, 0.540197, 0.436389, Iris-virginica
6.10, 2.60, 5.60, 1.40, 0.031224, 0.392705, 0.576071, Iris-virginica
7.70, 3.00, 6.10, 2.30, 0.028677, 0.131789, 0.839534, Iris-virginica
6.30, 3.40, 5.60, 2.40, 0.017230, 0.128697, 0.854073, Iris-virginica
6.40, 3.10, 5.50, 1.80, 0.009787, 0.110052, 0.880161, Iris-virginica
6.00, 3.00, 4.80, 1.80, 0.021739, 0.749904, 0.228357, Iris-virginica
6.90, 3.10, 5.40, 2.10, 0.003490, 0.028957, 0.967553, Iris-virginica
6.70, 3.10, 5.60, 2.40, 0.005080, 0.037680, 0.957241, Iris-virginica
6.90, 3.10, 5.10, 2.30, 0.015407, 0.129476, 0.855117, Iris-virginica
5.80, 2.70, 5.10, 1.90, 0.029332, 0.615544, 0.355124, Iris-virginica
6.80, 3.20, 5.90, 2.30, 0.005253, 0.033743, 0.961004, Iris-virginica
6.70, 3.30, 5.70, 2.50, 0.009704, 0.063187, 0.927109, Iris-virginica
6.70, 3.00, 5.20, 2.30, 0.011267, 0.106370, 0.882363, Iris-virginica
6.30, 2.50, 5.00, 1.90, 0.025831, 0.507487, 0.466683, Iris-virginica
6.50, 3.00, 5.20, 2.00, 0.012119, 0.156400, 0.831482, Iris-virginica
6.20, 3.40, 5.40, 2.30, 0.021585, 0.189026, 0.789389, Iris-virginica
5.90, 3.00, 5.10, 1.80, 0.026941, 0.581763, 0.391296, Iris-virginica
