% Title: Title
%
% Centers:
% 	5.889298 2.761270 4.364396 1.397518 
% 	6.775228 3.052463 5.647053 2.053663 
% 	5.003562 3.403031 1.485010 0.251545 
%

@RELATION

@ATTRIBUTE Attribute0 	 REAL
@ATTRIBUTE Attribute1 	 REAL
@ATTRIBUTE Attribute2 	 REAL
@ATTRIBUTE Attribute3 	 REAL
@ATTRIBUTE MU 	 FUZZY {Zhluk0, Zhluk1, Zhluk2}
@ATTRIBUTE class 	 {Iris-setosa, Iris-versicolor, Iris-virginica}

@DATA
5.10, 3.50, 1.40, 0.20, 0.002501, 0.001164, 0.996336, Iris-setosa
4.90, 3.00, 1.40, 0.20, 0.015884, 0.007155, 0.976961, Iris-setosa
4.70, 3.20, 1.30, 0.20, 0.013425, 0.006260, 0.980315, Iris-setosa
4.60, 3.10, 1.50, 0.20, 0.021846, 0.009831, 0.968322, Iris-setosa
5.00, 3.60, 1.40, 0.20, 0.004131, 0.001942, 0.993927, Iris-setosa
5.40, 3.90, 1.70, 0.40, 0.045773, 0.021068, 0.933159, Iris-setosa
4.60, 3.40, 1.40, 0.30, 0.014002, 0.006505, 0.979493, Iris-setosa
5.00, 3.40, 1.50, 0.20, 0.000268, 0.000121, 0.999611, Iris-setosa
4.40, 2.90, 1.40, 0.20, 0.046895, 0.021529, 0.931576, Iris-setosa
4.90, 3.10, 1.50, 0.10, 0.011263, 0.005042, 0.983696, Iris-setosa
5.40, 3.70, 1.50, 0.20, 0.022314, 0.010464, 0.967222, Iris-setosa
4.80, 3.40, 1.60, 0.20, 0.005331, 0.002386, 0.992283, Iris-setosa
4.80, 3.00, 1.40, 0.10, 0.019415, 0.008830, 0.971756, Iris-setosa
4.30, 3.00, 1.10, 0.10, 0.051290, 0.024995, 0.923715, Iris-setosa
5.80, 4.00, 1.20, 0.20, 0.073491, 0.038092, 0.888417, Iris-setosa
5.70, 4.40, 1.50, 0.40, 0.105690, 0.055009, 0.839301, Iris-setosa
5.40, 3.90, 1.30, 0.40, 0.036514, 0.017958, 0.945528, Iris-setosa
5.10, 3.50, 1.40, 0.30, 0.002524, 0.001168, 0.996308, Iris-setosa
5.70, 3.80, 1.70, 0.30, 0.066271, 0.030643, 0.903087, Iris-setosa
5.10, 3.80, 1.50, 0.30, 0.014916, 0.007011, 0.978073, Iris-setosa
5.40, 3.40, 1.70, 0.20, 0.021742, 0.009493, 0.968766, Iris-setosa
5.10, 3.70, 1.50, 0.40, 0.011007, 0.005088, 0.983905, Iris-setosa
4.60, 3.60, 1.00, 0.20, 0.027855, 0.014009, 0.958137, Iris-setosa
5.10, 3.30, 1.70, 0.50, 0.014207, 0.006005, 0.979788, Iris-setosa
4.80, 3.40, 1.90, 0.20, 0.022987, 0.009732, 0.967281, Iris-setosa
5.00, 3.00, 1.60, 0.20, 0.017517, 0.007569, 0.974914, Iris-setosa
5.00, 3.40, 1.60, 0.40, 0.003568, 0.001568, 0.994864, Iris-setosa
5.20, 3.50, 1.50, 0.20, 0.004739, 0.002167, 0.993094, Iris-setosa
5.20, 3.40, 1.40, 0.20, 0.004338, 0.002001, 0.993661, Iris-setosa
4.70, 3.20, 1.60, 0.20, 0.013694, 0.006060, 0.980246, Iris-setosa
4.80, 3.10, 1.60, 0.20, 0.014080, 0.006160, 0.979759, Iris-setosa
5.40, 3.40, 1.50, 0.40, 0.017752, 0.007966, 0.974282, Iris-setosa
5.20, 4.10, 1.50, 0.10, 0.042202, 0.020859, 0.936939, Iris-setosa
5.50, 4.20, 1.40, 0.20, 0.064650, 0.032948, 0.902402, Iris-setosa
4.90, 3.10, 1.50, 0.10, 0.011263, 0.005042, 0.983696, Iris-setosa
5.00, 3.20, 1.20, 0.20, 0.009918, 0.004673, 0.985409, Iris-setosa
5.50, 3.50, 1.30, 0.20, 0.024487, 0.011678, 0.963834, Iris-setosa
4.90, 3.10, 1.50, 0.10, 0.011263, 0.005042, 0.983696, Iris-setosa
4.40, 3.00, 1.30, 0.20, 0.040466, 0.018947, 0.940586, Iris-setosa
5.10, 3.40, 1.50, 0.20, 0.001141, 0.000517, 0.998343, Iris-setosa
5.00, 3.50, 1.30, 0.30, 0.003833, 0.001806, 0.994361, Iris-setosa
4.50, 2.30, 1.30, 0.30, 0.100871, 0.046362, 0.852767, Iris-setosa
4.40, 3.20, 1.30, 0.20, 0.031856, 0.015060, 0.953084, Iris-setosa
5.00, 3.50, 1.60, 0.60, 0.014666, 0.006455, 0.978879, Iris-setosa
5.10, 3.80, 1.90, 0.40, 0.038877, 0.016930, 0.944193, Iris-setosa
4.80, 3.00, 1.40, 0.30, 0.018487, 0.008303, 0.973210, Iris-setosa
5.10, 3.80, 1.60, 0.20, 0.016546, 0.007693, 0.975761, Iris-setosa
4.60, 3.20, 1.40, 0.20, 0.017270, 0.007952, 0.974778, Iris-setosa
5.30, 3.70, 1.50, 0.20, 0.016077, 0.007521, 0.976401, Iris-setosa
5.00, 3.30, 1.40, 0.20, 0.001810, 0.000829, 0.997361, Iris-setosa
7.00, 3.20, 4.70, 1.40, 0.454597, 0.500802, 0.044601, Iris-versicolor
6.40, 3.20, 4.50, 1.50, 0.764408, 0.206438, 0.029154, Iris-versicolor
6.90, 3.10, 4.90, 1.50, 0.369158, 0.599548, 0.031294, Iris-versicolor
5.50, 2.30, 4.00, 1.30, 0.869868, 0.080533, 0.049599, Iris-versicolor
6.50, 2.80, 4.60, 1.50, 0.759173, 0.216715, 0.024111, Iris-versicolor
5.70, 2.80, 4.50, 1.30, 0.973778, 0.020467, 0.005755, Iris-versicolor
6.30, 3.30, 4.70, 1.60, 0.673498, 0.296713, 0.029788, Iris-versicolor
4.90, 2.40, 3.30, 1.00, 0.581363, 0.132137, 0.286500, Iris-versicolor
6.60, 2.90, 4.60, 1.30, 0.721400, 0.247354, 0.031246, Iris-versicolor
5.20, 2.70, 3.90, 1.40, 0.830171, 0.094772, 0.075057, Iris-versicolor
5.00, 2.00, 3.50, 1.00, 0.635538, 0.144936, 0.219526, Iris-versicolor
5.90, 3.00, 4.20, 1.50, 0.962072, 0.028727, 0.009201, Iris-versicolor
6.00, 2.20, 4.00, 1.00, 0.842956, 0.101165, 0.055880, Iris-versicolor
6.10, 2.90, 4.70, 1.40, 0.899988, 0.087917, 0.012095, Iris-versicolor
5.60, 2.90, 3.60, 1.30, 0.815779, 0.092244, 0.091977, Iris-versicolor
6.70, 3.10, 4.40, 1.40, 0.690195, 0.268071, 0.041735, Iris-versicolor
5.60, 3.00, 4.50, 1.50, 0.933196, 0.052633, 0.014171, Iris-versicolor
5.80, 2.70, 4.10, 1.00, 0.925523, 0.048455, 0.026022, Iris-versicolor
6.20, 2.20, 4.50, 1.50, 0.835506, 0.137293, 0.027201, Iris-versicolor
5.60, 2.50, 3.90, 1.10, 0.877301, 0.070868, 0.051831, Iris-versicolor
5.90, 3.20, 4.80, 1.80, 0.722071, 0.250317, 0.027612, Iris-versicolor
6.10, 2.80, 4.00, 1.30, 0.934177, 0.046264, 0.019559, Iris-versicolor
6.30, 2.50, 4.90, 1.50, 0.705883, 0.270126, 0.023991, Iris-versicolor
6.10, 2.80, 4.70, 1.20, 0.902965, 0.083106, 0.013929, Iris-versicolor
6.40, 2.90, 4.30, 1.30, 0.876068, 0.101016, 0.022917, Iris-versicolor
6.60, 3.00, 4.40, 1.40, 0.755091, 0.210957, 0.033951, Iris-versicolor
6.80, 2.80, 4.80, 1.40, 0.524102, 0.442260, 0.033639, Iris-versicolor
6.70, 3.00, 5.00, 1.70, 0.306835, 0.671951, 0.021214, Iris-versicolor
6.00, 2.90, 4.50, 1.50, 0.969058, 0.026026, 0.004916, Iris-versicolor
5.70, 2.60, 3.50, 1.00, 0.766400, 0.104683, 0.128917, Iris-versicolor
5.50, 2.40, 3.80, 1.10, 0.831827, 0.089965, 0.078208, Iris-versicolor
5.50, 2.40, 3.70, 1.00, 0.794893, 0.100792, 0.104314, Iris-versicolor
5.80, 2.70, 3.90, 1.20, 0.918457, 0.050401, 0.031141, Iris-versicolor
6.00, 2.70, 5.10, 1.60, 0.656821, 0.319192, 0.023987, Iris-versicolor
5.40, 3.00, 4.50, 1.50, 0.891133, 0.082437, 0.026430, Iris-versicolor
6.00, 3.40, 4.50, 1.60, 0.797428, 0.170442, 0.032130, Iris-versicolor
6.70, 3.10, 4.70, 1.50, 0.555903, 0.410629, 0.033469, Iris-versicolor
6.30, 2.30, 4.40, 1.30, 0.857697, 0.115379, 0.026924, Iris-versicolor
5.60, 3.00, 4.10, 1.30, 0.928760, 0.047056, 0.024184, Iris-versicolor
5.50, 2.50, 4.00, 1.30, 0.899138, 0.062483, 0.038380, Iris-versicolor
5.50, 2.60, 4.40, 1.20, 0.930984, 0.049297, 0.019719, Iris-versicolor
6.10, 3.00, 4.60, 1.40, 0.915948, 0.072455, 0.011597, Iris-versicolor
5.80, 2.60, 4.00, 1.20, 0.935465, 0.041888, 0.022647, Iris-versicolor
5.00, 2.30, 3.30, 1.00, 0.597171, 0.132577, 0.270252, Iris-versicolor
5.60, 2.70, 4.20, 1.30, 0.958703, 0.028537, 0.012761, Iris-versicolor
5.70, 3.00, 4.20, 1.20, 0.945420, 0.037732, 0.016847, Iris-versicolor
5.70, 2.90, 4.20, 1.30, 0.967290, 0.023081, 0.009629, Iris-versicolor
6.20, 2.90, 4.30, 1.30, 0.943958, 0.044633, 0.011408, Iris-versicolor
5.10, 2.50, 3.00, 1.10, 0.518804, 0.124270, 0.356926, Iris-versicolor
5.70, 2.80, 4.10, 1.30, 0.960400, 0.026831, 0.012770, Iris-versicolor
6.30, 3.30, 6.00, 2.50, 0.120775, 0.859866, 0.019360, Iris-virginica
5.80, 2.70, 5.10, 1.90, 0.615991, 0.354685, 0.029324, Iris-virginica
7.10, 3.00, 5.90, 2.10, 0.038088, 0.955846, 0.006065, Iris-virginica
6.30, 2.90, 5.60, 1.80, 0.142222, 0.845228, 0.012549, Iris-virginica
6.50, 3.00, 5.80, 2.20, 0.037671, 0.957571, 0.004758, Iris-virginica
7.60, 3.00, 6.60, 2.10, 0.152629, 0.811919, 0.035452, Iris-virginica
4.90, 2.50, 4.50, 1.70, 0.759805, 0.167028, 0.073167, Iris-virginica
7.30, 2.90, 6.30, 1.80, 0.115098, 0.863008, 0.021894, Iris-virginica
6.70, 2.50, 5.80, 1.80, 0.117442, 0.868546, 0.014012, Iris-virginica
7.20, 3.60, 6.10, 2.50, 0.114545, 0.861059, 0.024396, Iris-virginica
6.50, 3.20, 5.10, 2.00, 0.210299, 0.772914, 0.016787, Iris-virginica
6.40, 2.70, 5.30, 1.90, 0.223573, 0.760640, 0.015787, Iris-virginica
6.80, 3.00, 5.50, 2.10, 0.010059, 0.988769, 0.001171, Iris-virginica
5.70, 2.50, 5.00, 2.00, 0.660231, 0.305362, 0.034407, Iris-virginica
5.80, 2.80, 5.10, 2.40, 0.461309, 0.500285, 0.038406, Iris-virginica
6.40, 3.20, 5.30, 2.30, 0.136299, 0.849620, 0.014081, Iris-virginica
6.50, 3.00, 5.50, 1.80, 0.079851, 0.912968, 0.007181, Iris-virginica
7.70, 3.80, 6.70, 2.20, 0.185790, 0.763648, 0.050561, Iris-virginica
7.70, 2.60, 6.90, 2.30, 0.193224, 0.757587, 0.049189, Iris-virginica
6.00, 2.20, 5.00, 1.50, 0.710938, 0.256820, 0.032242, Iris-virginica
6.90, 3.20, 5.70, 2.30, 0.025659, 0.970520, 0.003821, Iris-virginica
5.60, 2.80, 4.90, 2.00, 0.707234, 0.259098, 0.033667, Iris-virginica
7.70, 2.80, 6.70, 2.00, 0.174794, 0.783235, 0.041971, Iris-virginica
6.30, 2.70, 4.90, 1.80, 0.596365, 0.380819, 0.022816, Iris-virginica
6.70, 3.30, 5.70, 2.10, 0.021741, 0.975347, 0.002912, Iris-virginica
7.20, 3.20, 6.00, 1.80, 0.075122, 0.911980, 0.012898, Iris-virginica
6.20, 2.80, 4.80, 1.80, 0.708346, 0.270676, 0.020979, Iris-virginica
6.10, 3.00, 4.90, 1.80, 0.647504, 0.329403, 0.023092, Iris-virginica
6.40, 2.80, 5.60, 2.10, 0.083173, 0.908451, 0.008375, Iris-virginica
7.20, 3.00, 5.80, 1.60, 0.094756, 0.890796, 0.014448, Iris-virginica
7.40, 2.80, 6.10, 1.90, 0.107408, 0.872809, 0.019783, Iris-virginica
7.90, 3.80, 6.40, 2.00, 0.188973, 0.760150, 0.050877, Iris-virginica
6.40, 2.80, 5.60, 2.20, 0.084994, 0.906033, 0.008973, Iris-virginica
6.30, 2.80, 5.10, 1.50, 0.540818, 0.435773, 0.023409, Iris-virginica
6.10, 2.60, 5.60, 1.40, 0.393062, 0.575709, 0.031229, Iris-virginica
7.70, 3.00, 6.10, 2.30, 0.131729, 0.839620, 0.028651, Iris-virginica
6.30, 3.40, 5.60, 2.40, 0.128812, 0.853954, 0.017234, Iris-virginica
6.40, 3.10, 5.50, 1.80, 0.110340, 0.879856, 0.009804, Iris-virginica
6.00, 3.00, 4.80, 1.80, 0.750392, 0.227891, 0.021717, Iris-virginica
6.90, 3.10, 5.40, 2.10, 0.029015, 0.967491, 0.003495, Iris-virginica
6.70, 3.10, 5.60, 2.40, 0.037693, 0.957229, 0.005078, Iris-virginica
6.90, 3.10, 5.10, 2.30, 0.129646, 0.854937, 0.015416, Iris-virginica
5.80, 2.70, 5.10, 1.90, 0.615991, 0.354685, 0.029324, Iris-virginica
6.80, 3.20, 5.90, 2.30, 0.033683, 0.961076, 0.005240, Iris-virginica
6.70, 3.30, 5.70, 2.50, 0.063178, 0.927125, 0.009697, Iris-virginica
6.70, 3.00, 5.20, 2.30, 0.106576, 0.882144, 0.011280, Iris-virginica
6.30, 2.50, 5.00, 1.90, 0.508033, 0.466138, 0.025830, Iris-virginica
6.50, 3.00, 5.20, 2.00, 0.156819, 0.831042, 0.012139, Iris-virginica
6.20, 3.40, 5.40, 2.30, 0.189256, 0.789148, 0.021596, Iris-virginica
5.90, 3.00, 5.10, 1.80, 0.582299, 0.390768, 0.026934, Iris-virginica
