% Title: Title
%
% Centers:
% 	5.003561 3.403041 1.484992 0.251537 
% 	5.889088 2.761195 4.364091 1.397362 
% 	6.774983 3.052391 5.646745 2.053543 
%

@RELATION

@ATTRIBUTE Attribute0 	 REAL
@ATTRIBUTE Attribute1 	 REAL
@ATTRIBUTE Attribute2 	 REAL
@ATTRIBUTE Attribute3 	 REAL
@ATTRIBUTE MU 	 FUZZY {Zhluk0, Zhluk1, Zhluk2}
@ATTRIBUTE class 	 {Iris-setosa, Iris-versicolor, Iris-virginica}

@DATA
5.10, 3.50, 1.40, 0.20, 0.996336, 0.002501, 0.001163, Iris-setosa
4.90, 3.00, 1.40, 0.20, 0.976953, 0.015890, 0.007157, Iris-setosa
4.70, 3.20, 1.30, 0.20, 0.980309, 0.013429, 0.006261, Iris-setosa
4.60, 3.10, 1.50, 0.20, 0.968311, 0.021855, 0.009834, Iris-setosa
5.00, 3.60, 1.40, 0.20, 0.993927, 0.004131, 0.001942, Iris-setosa
5.40, 3.90, 1.70, 0.40, 0.933141, 0.045787, 0.021073, Iris-setosa
4.60, 3.40, 1.40, 0.30, 0.979487, 0.014006, 0.006506, Iris-setosa
5.00, 3.40, 1.50, 0.20, 0.999611, 0.000268, 0.000121, Iris-setosa
4.40, 2.90, 1.40, 0.20, 0.931555, 0.046911, 0.021534, Iris-setosa
4.90, 3.10, 1.50, 0.10, 0.983690, 0.011267, 0.005043, Iris-setosa
5.40, 3.70, 1.50, 0.20, 0.967214, 0.022320, 0.010466, Iris-setosa
4.80, 3.40, 1.60, 0.20, 0.992280, 0.005333, 0.002387, Iris-setosa
4.80, 3.00, 1.40, 0.10, 0.971746, 0.019422, 0.008832, Iris-setosa
4.30, 3.00, 1.10, 0.10, 0.923696, 0.051304, 0.025000, Iris-setosa
5.80, 4.00, 1.20, 0.20, 0.888396, 0.073505, 0.038099, Iris-setosa
5.70, 4.40, 1.50, 0.40, 0.839271, 0.105711, 0.055018, Iris-setosa
5.40, 3.90, 1.30, 0.40, 0.945516, 0.036523, 0.017961, Iris-setosa
5.10, 3.50, 1.40, 0.30, 0.996307, 0.002525, 0.001168, Iris-setosa
5.70, 3.80, 1.70, 0.30, 0.903061, 0.066290, 0.030649, Iris-setosa
5.10, 3.80, 1.50, 0.30, 0.978068, 0.014920, 0.007013, Iris-setosa
5.40, 3.40, 1.70, 0.20, 0.968754, 0.021751, 0.009495, Iris-setosa
5.10, 3.70, 1.50, 0.40, 0.983901, 0.011010, 0.005089, Iris-setosa
4.60, 3.60, 1.00, 0.20, 0.958129, 0.027860, 0.014011, Iris-setosa
5.10, 3.30, 1.70, 0.50, 0.979778, 0.014214, 0.006008, Iris-setosa
4.80, 3.40, 1.90, 0.20, 0.967267, 0.022998, 0.009736, Iris-setosa
5.00, 3.00, 1.60, 0.20, 0.974903, 0.017526, 0.007571, Iris-setosa
5.00, 3.40, 1.60, 0.40, 0.994860, 0.003571, 0.001569, Iris-setosa
5.20, 3.50, 1.50, 0.20, 0.993092, 0.004741, 0.002167, Iris-setosa
5.20, 3.40, 1.40, 0.20, 0.993660, 0.004339, 0.002001, Iris-setosa
4.70, 3.20, 1.60, 0.20, 0.980239, 0.013700, 0.006061, Iris-setosa
4.80, 3.10, 1.60, 0.20, 0.979751, 0.014087, 0.006163, Iris-setosa
5.40, 3.40, 1.50, 0.40, 0.974273, 0.017759, 0.007968, Iris-setosa
5.20, 4.10, 1.50, 0.10, 0.936925, 0.042212, 0.020863, Iris-setosa
5.50, 4.20, 1.40, 0.20, 0.902383, 0.064664, 0.032953, Iris-setosa
4.90, 3.10, 1.50, 0.10, 0.983690, 0.011267, 0.005043, Iris-setosa
5.00, 3.20, 1.20, 0.20, 0.985406, 0.009921, 0.004673, Iris-setosa
5.50, 3.50, 1.30, 0.20, 0.963826, 0.024494, 0.011681, Iris-setosa
4.90, 3.10, 1.50, 0.10, 0.983690, 0.011267, 0.005043, Iris-setosa
4.40, 3.00, 1.30, 0.20, 0.940569, 0.040479, 0.018952, Iris-setosa
5.10, 3.40, 1.50, 0.20, 0.998342, 0.001141, 0.000517, Iris-setosa
5.00, 3.50, 1.30, 0.30, 0.994361, 0.003833, 0.001806, Iris-setosa
4.50, 2.30, 1.30, 0.30, 0.852725, 0.100903, 0.046371, Iris-setosa
4.40, 3.20, 1.30, 0.20, 0.953071, 0.031866, 0.015063, Iris-setosa
5.00, 3.50, 1.60, 0.60, 0.978870, 0.014672, 0.006458, Iris-setosa
5.10, 3.80, 1.90, 0.40, 0.944174, 0.038892, 0.016935, Iris-setosa
4.80, 3.00, 1.40, 0.30, 0.973201, 0.018494, 0.008305, Iris-setosa
5.10, 3.80, 1.60, 0.20, 0.975755, 0.016550, 0.007695, Iris-setosa
4.60, 3.20, 1.40, 0.20, 0.974770, 0.017276, 0.007954, Iris-setosa
5.30, 3.70, 1.50, 0.20, 0.976396, 0.016082, 0.007523, Iris-setosa
5.00, 3.30, 1.40, 0.20, 0.997361, 0.001810, 0.000829, Iris-setosa
7.00, 3.20, 4.70, 1.40, 0.044600, 0.454257, 0.501142, Iris-versicolor
6.40, 3.20, 4.50, 1.50, 0.029177, 0.764040, 0.206783, Iris-versicolor
6.90, 3.10, 4.90, 1.50, 0.031287, 0.368743, 0.599970, Iris-versicolor
5.50, 2.30, 4.00, 1.30, 0.049530, 0.870003, 0.080467, Iris-versicolor
6.50, 2.80, 4.60, 1.50, 0.024135, 0.758732, 0.217134, Iris-versicolor
5.70, 2.80, 4.50, 1.30, 0.005752, 0.973777, 0.020471, Iris-versicolor
6.30, 3.30, 4.70, 1.60, 0.029806, 0.673008, 0.297186, Iris-versicolor
4.90, 2.40, 3.30, 1.00, 0.286343, 0.581537, 0.132120, Iris-versicolor
6.60, 2.90, 4.60, 1.30, 0.031266, 0.721018, 0.247716, Iris-versicolor
5.20, 2.70, 3.90, 1.40, 0.074970, 0.830318, 0.094713, Iris-versicolor
5.00, 2.00, 3.50, 1.00, 0.219399, 0.635688, 0.144913, Iris-versicolor
5.90, 3.00, 4.20, 1.50, 0.009197, 0.962069, 0.028734, Iris-versicolor
6.00, 2.20, 4.00, 1.00, 0.055830, 0.843041, 0.101129, Iris-versicolor
6.10, 2.90, 4.70, 1.40, 0.012124, 0.899661, 0.088214, Iris-versicolor
5.60, 2.90, 3.60, 1.30, 0.091870, 0.815945, 0.092185, Iris-versicolor
6.70, 3.10, 4.40, 1.40, 0.041750, 0.689878, 0.268372, Iris-versicolor
5.60, 3.00, 4.50, 1.50, 0.014173, 0.933145, 0.052682, Iris-versicolor
5.80, 2.70, 4.10, 1.00, 0.025969, 0.925647, 0.048384, Iris-versicolor
6.20, 2.20, 4.50, 1.50, 0.027211, 0.835347, 0.137442, Iris-versicolor
5.60, 2.50, 3.90, 1.10, 0.051743, 0.877468, 0.070788, Iris-versicolor
5.90, 3.20, 4.80, 1.80, 0.027631, 0.721630, 0.250739, Iris-versicolor
6.10, 2.80, 4.00, 1.30, 0.019534, 0.934231, 0.046235, Iris-versicolor
6.30, 2.50, 4.90, 1.50, 0.024009, 0.705394, 0.270597, Iris-versicolor
6.10, 2.80, 4.70, 1.20, 0.013952, 0.902738, 0.083311, Iris-versicolor
6.40, 2.90, 4.30, 1.30, 0.022933, 0.875906, 0.101162, Iris-versicolor
6.60, 3.00, 4.40, 1.40, 0.033971, 0.754783, 0.211246, Iris-versicolor
6.80, 2.80, 4.80, 1.40, 0.033643, 0.523643, 0.442714, Iris-versicolor
6.70, 3.00, 5.00, 1.70, 0.021200, 0.306296, 0.672503, Iris-versicolor
6.00, 2.90, 4.50, 1.50, 0.004938, 0.968894, 0.026167, Iris-versicolor
5.70, 2.60, 3.50, 1.00, 0.128786, 0.766585, 0.104629, Iris-versicolor
5.50, 2.40, 3.80, 1.10, 0.078106, 0.832000, 0.089894, Iris-versicolor
5.50, 2.40, 3.70, 1.00, 0.104196, 0.795075, 0.100729, Iris-versicolor
5.80, 2.70, 3.90, 1.20, 0.031074, 0.918604, 0.050322, Iris-versicolor
6.00, 2.70, 5.10, 1.60, 0.024001, 0.656268, 0.319730, Iris-versicolor
5.40, 3.00, 4.50, 1.50, 0.026422, 0.891112, 0.082466, Iris-versicolor
6.00, 3.40, 4.50, 1.60, 0.032150, 0.797169, 0.170681, Iris-versicolor
6.70, 3.10, 4.70, 1.50, 0.033476, 0.555414, 0.411110, Iris-versicolor
6.30, 2.30, 4.40, 1.30, 0.026930, 0.857584, 0.115486, Iris-versicolor
5.60, 3.00, 4.10, 1.30, 0.024139, 0.928865, 0.046997, Iris-versicolor
5.50, 2.50, 4.00, 1.30, 0.038309, 0.899287, 0.062404, Iris-versicolor
5.50, 2.60, 4.40, 1.20, 0.019688, 0.931062, 0.049250, Iris-versicolor
6.10, 3.00, 4.60, 1.40, 0.011625, 0.915681, 0.072694, Iris-versicolor
5.80, 2.60, 4.00, 1.20, 0.022590, 0.935602, 0.041808, Iris-versicolor
5.00, 2.30, 3.30, 1.00, 0.270098, 0.597345, 0.132557, Iris-versicolor
5.60, 2.70, 4.20, 1.30, 0.012719, 0.958818, 0.028463, Iris-versicolor
5.70, 3.00, 4.20, 1.20, 0.016814, 0.945503, 0.037683, Iris-versicolor
5.70, 2.90, 4.20, 1.30, 0.009599, 0.967379, 0.023023, Iris-versicolor
6.20, 2.90, 4.30, 1.30, 0.011419, 0.943874, 0.044707, Iris-versicolor
5.10, 2.50, 3.00, 1.10, 0.356758, 0.518978, 0.124264, Iris-versicolor
5.70, 2.80, 4.10, 1.30, 0.012725, 0.960520, 0.026755, Iris-versicolor
6.30, 3.30, 6.00, 2.50, 0.019366, 0.120748, 0.859886, Iris-virginica
5.80, 2.70, 5.10, 1.90, 0.029333, 0.615520, 0.355147, Iris-virginica
7.10, 3.00, 5.90, 2.10, 0.006082, 0.038167, 0.955751, Iris-virginica
6.30, 2.90, 5.60, 1.80, 0.012533, 0.141913, 0.845554, Iris-virginica
6.50, 3.00, 5.80, 2.20, 0.004757, 0.037640, 0.957603, Iris-virginica
7.60, 3.00, 6.60, 2.10, 0.035481, 0.152691, 0.811828, Iris-virginica
4.90, 2.50, 4.50, 1.70, 0.073138, 0.759811, 0.167051, Iris-virginica
7.30, 2.90, 6.30, 1.80, 0.021916, 0.115157, 0.862928, Iris-virginica
6.70, 2.50, 5.80, 1.80, 0.014009, 0.117338, 0.868653, Iris-virginica
7.20, 3.60, 6.10, 2.50, 0.024422, 0.114610, 0.860969, Iris-virginica
6.50, 3.20, 5.10, 2.00, 0.016768, 0.209841, 0.773391, Iris-virginica
6.40, 2.70, 5.30, 1.90, 0.015769, 0.223083, 0.761148, Iris-virginica
6.80, 3.00, 5.50, 2.10, 0.001166, 0.010010, 0.988824, Iris-virginica
5.70, 2.50, 5.00, 2.00, 0.034416, 0.659882, 0.305701, Iris-virginica
5.80, 2.80, 5.10, 2.40, 0.038403, 0.460939, 0.500658, Iris-virginica
6.40, 3.20, 5.30, 2.30, 0.014066, 0.136039, 0.849895, Iris-virginica
6.50, 3.00, 5.50, 1.80, 0.007163, 0.079585, 0.913252, Iris-virginica
7.70, 3.80, 6.70, 2.20, 0.050593, 0.185837, 0.763570, Iris-virginica
7.70, 2.60, 6.90, 2.30, 0.049217, 0.193266, 0.757517, Iris-virginica
6.00, 2.20, 5.00, 1.50, 0.032254, 0.710633, 0.257113, Iris-virginica
6.90, 3.20, 5.70, 2.30, 0.003831, 0.025709, 0.970461, Iris-virginica
5.60, 2.80, 4.90, 2.00, 0.033680, 0.706908, 0.259412, Iris-virginica
7.70, 2.80, 6.70, 2.00, 0.042000, 0.174843, 0.783157, Iris-virginica
6.30, 2.70, 4.90, 1.80, 0.022826, 0.595704, 0.381470, Iris-virginica
6.70, 3.30, 5.70, 2.10, 0.002915, 0.021745, 0.975340, Iris-virginica
7.20, 3.20, 6.00, 1.80, 0.012916, 0.075184, 0.911899, Iris-virginica
6.20, 2.80, 4.80, 1.80, 0.020999, 0.707741, 0.271260, Iris-virginica
6.10, 3.00, 4.90, 1.80, 0.023107, 0.646870, 0.330023, Iris-virginica
6.40, 2.80, 5.60, 2.10, 0.008363, 0.082980, 0.908657, Iris-virginica
7.20, 3.00, 5.80, 1.60, 0.014457, 0.094760, 0.890782, Iris-virginica
7.40, 2.80, 6.10, 1.90, 0.019804, 0.107464, 0.872732, Iris-virginica
7.90, 3.80, 6.40, 2.00, 0.050907, 0.189014, 0.760079, Iris-virginica
6.40, 2.80, 5.60, 2.20, 0.008962, 0.084824, 0.906215, Iris-virginica
6.30, 2.80, 5.10, 1.50, 0.023414, 0.540164, 0.436421, Iris-virginica
6.10, 2.60, 5.60, 1.40, 0.031224, 0.392686, 0.576090, Iris-virginica
7.70, 3.00, 6.10, 2.30, 0.028678, 0.131792, 0.839529, Iris-virginica
6.30, 3.40, 5.60, 2.40, 0.017229, 0.128691, 0.854080, Iris-virginica
6.40, 3.10, 5.50, 1.80, 0.009786, 0.110036, 0.880177, Iris-virginica
6.00, 3.00, 4.80, 1.80, 0.021740, 0.749878, 0.228382, Iris-virginica
6.90, 3.10, 5.40, 2.10, 0.003490, 0.028954, 0.967556, Iris-virginica
6.70, 3.10, 5.60, 2.40, 0.005080, 0.037679, 0.957241, Iris-virginica
6.90, 3.10, 5.10, 2.30, 0.015407, 0.129467, 0.855126, Iris-virginica
5.80, 2.70, 5.10, 1.90, 0.029333, 0.615520, 0.355147, Iris-virginica
6.80, 3.20, 5.90, 2.30, 0.005254, 0.033747, 0.961000, Iris-virginica
6.70, 3.30, 5.70, 2.50, 0.009705, 0.063187, 0.927108, Iris-virginica
6.70, 3.00, 5.20, 2.30, 0.011266, 0.106359, 0.882375, Iris-virginica
6.30, 2.50, 5.00, 1.90, 0.025831, 0.507458, 0.466711, Iris-virginica
6.50, 3.00, 5.20, 2.00, 0.012118, 0.156378, 0.831505, Iris-virginica
6.20, 3.40, 5.40, 2.30, 0.021584, 0.189014, 0.789402, Iris-virginica
5.90, 3.00, 5.10, 1.80, 0.026941, 0.581735, 0.391323, Iris-virginica
