% Title: Title
%
% Centers:
% 	5.003561 3.403040 1.484994 0.251538 
% 	6.775009 3.052399 5.646777 2.053555 
% 	5.889109 2.761202 4.364122 1.397378 
%

@RELATION

@ATTRIBUTE Attribute0 	 REAL
@ATTRIBUTE Attribute1 	 REAL
@ATTRIBUTE Attribute2 	 REAL
@ATTRIBUTE Attribute3 	 REAL
@ATTRIBUTE MU 	 FUZZY {Zhluk0, Zhluk1, Zhluk2}
@ATTRIBUTE class 	 {Iris-setosa, Iris-versicolor, Iris-virginica}

@DATA
5.10, 3.50, 1.40, 0.20, 0.996336, 0.001163, 0.002501, Iris-setosa
4.90, 3.00, 1.40, 0.20, 0.976954, 0.007157, 0.015890, Iris-setosa
4.70, 3.20, 1.30, 0.20, 0.980310, 0.006261, 0.013429, Iris-setosa
4.60, 3.10, 1.50, 0.20, 0.968312, 0.009834, 0.021854, Iris-setosa
5.00, 3.60, 1.40, 0.20, 0.993927, 0.001942, 0.004131, Iris-setosa
5.40, 3.90, 1.70, 0.40, 0.933143, 0.021072, 0.045785, Iris-setosa
4.60, 3.40, 1.40, 0.30, 0.979488, 0.006506, 0.014006, Iris-setosa
5.00, 3.40, 1.50, 0.20, 0.999611, 0.000121, 0.000268, Iris-setosa
4.40, 2.90, 1.40, 0.20, 0.931557, 0.021534, 0.046909, Iris-setosa
4.90, 3.10, 1.50, 0.10, 0.983690, 0.005043, 0.011267, Iris-setosa
5.40, 3.70, 1.50, 0.20, 0.967215, 0.010466, 0.022320, Iris-setosa
4.80, 3.40, 1.60, 0.20, 0.992280, 0.002387, 0.005333, Iris-setosa
4.80, 3.00, 1.40, 0.10, 0.971747, 0.008832, 0.019421, Iris-setosa
4.30, 3.00, 1.10, 0.10, 0.923698, 0.024999, 0.051303, Iris-setosa
5.80, 4.00, 1.20, 0.20, 0.888398, 0.038098, 0.073504, Iris-setosa
5.70, 4.40, 1.50, 0.40, 0.839274, 0.055017, 0.105709, Iris-setosa
5.40, 3.90, 1.30, 0.40, 0.945517, 0.017961, 0.036522, Iris-setosa
5.10, 3.50, 1.40, 0.30, 0.996307, 0.001168, 0.002525, Iris-setosa
5.70, 3.80, 1.70, 0.30, 0.903064, 0.030649, 0.066288, Iris-setosa
5.10, 3.80, 1.50, 0.30, 0.978068, 0.007012, 0.014919, Iris-setosa
5.40, 3.40, 1.70, 0.20, 0.968755, 0.009495, 0.021750, Iris-setosa
5.10, 3.70, 1.50, 0.40, 0.983901, 0.005089, 0.011010, Iris-setosa
4.60, 3.60, 1.00, 0.20, 0.958130, 0.014010, 0.027860, Iris-setosa
5.10, 3.30, 1.70, 0.50, 0.979779, 0.006007, 0.014213, Iris-setosa
4.80, 3.40, 1.90, 0.20, 0.967268, 0.009735, 0.022997, Iris-setosa
5.00, 3.00, 1.60, 0.20, 0.974904, 0.007571, 0.017525, Iris-setosa
5.00, 3.40, 1.60, 0.40, 0.994861, 0.001569, 0.003571, Iris-setosa
5.20, 3.50, 1.50, 0.20, 0.993092, 0.002167, 0.004740, Iris-setosa
5.20, 3.40, 1.40, 0.20, 0.993660, 0.002001, 0.004339, Iris-setosa
4.70, 3.20, 1.60, 0.20, 0.980239, 0.006061, 0.013699, Iris-setosa
4.80, 3.10, 1.60, 0.20, 0.979752, 0.006162, 0.014086, Iris-setosa
5.40, 3.40, 1.50, 0.40, 0.974274, 0.007968, 0.017758, Iris-setosa
5.20, 4.10, 1.50, 0.10, 0.936927, 0.020862, 0.042211, Iris-setosa
5.50, 4.20, 1.40, 0.20, 0.902385, 0.032952, 0.064663, Iris-setosa
4.90, 3.10, 1.50, 0.10, 0.983690, 0.005043, 0.011267, Iris-setosa
5.00, 3.20, 1.20, 0.20, 0.985406, 0.004673, 0.009920, Iris-setosa
5.50, 3.50, 1.30, 0.20, 0.963827, 0.011680, 0.024493, Iris-setosa
4.90, 3.10, 1.50, 0.10, 0.983690, 0.005043, 0.011267, Iris-setosa
4.40, 3.00, 1.30, 0.20, 0.940571, 0.018951, 0.040478, Iris-setosa
5.10, 3.40, 1.50, 0.20, 0.998342, 0.000517, 0.001141, Iris-setosa
5.00, 3.50, 1.30, 0.30, 0.994361, 0.001806, 0.003833, Iris-setosa
4.50, 2.30, 1.30, 0.30, 0.852730, 0.046370, 0.100900, Iris-setosa
4.40, 3.20, 1.30, 0.20, 0.953073, 0.015063, 0.031865, Iris-setosa
5.00, 3.50, 1.60, 0.60, 0.978871, 0.006457, 0.014672, Iris-setosa
5.10, 3.80, 1.90, 0.40, 0.944176, 0.016934, 0.038890, Iris-setosa
4.80, 3.00, 1.40, 0.30, 0.973202, 0.008305, 0.018493, Iris-setosa
5.10, 3.80, 1.60, 0.20, 0.975756, 0.007695, 0.016550, Iris-setosa
4.60, 3.20, 1.40, 0.20, 0.974771, 0.007954, 0.017275, Iris-setosa
5.30, 3.70, 1.50, 0.20, 0.976396, 0.007523, 0.016081, Iris-setosa
5.00, 3.30, 1.40, 0.20, 0.997361, 0.000829, 0.001810, Iris-setosa
7.00, 3.20, 4.70, 1.40, 0.044601, 0.501108, 0.454291, Iris-versicolor
6.40, 3.20, 4.50, 1.50, 0.029175, 0.206749, 0.764077, Iris-versicolor
6.90, 3.10, 4.90, 1.50, 0.031288, 0.599928, 0.368785, Iris-versicolor
5.50, 2.30, 4.00, 1.30, 0.049537, 0.080473, 0.869990, Iris-versicolor
6.50, 2.80, 4.60, 1.50, 0.024133, 0.217092, 0.758776, Iris-versicolor
5.70, 2.80, 4.50, 1.30, 0.005753, 0.020470, 0.973777, Iris-versicolor
6.30, 3.30, 4.70, 1.60, 0.029804, 0.297138, 0.673057, Iris-versicolor
4.90, 2.40, 3.30, 1.00, 0.286359, 0.132121, 0.581520, Iris-versicolor
6.60, 2.90, 4.60, 1.30, 0.031264, 0.247680, 0.721056, Iris-versicolor
5.20, 2.70, 3.90, 1.40, 0.074978, 0.094718, 0.830303, Iris-versicolor
5.00, 2.00, 3.50, 1.00, 0.219411, 0.144915, 0.635673, Iris-versicolor
5.90, 3.00, 4.20, 1.50, 0.009197, 0.028733, 0.962070, Iris-versicolor
6.00, 2.20, 4.00, 1.00, 0.055835, 0.101133, 0.843033, Iris-versicolor
6.10, 2.90, 4.70, 1.40, 0.012122, 0.088185, 0.899694, Iris-versicolor
5.60, 2.90, 3.60, 1.30, 0.091880, 0.092191, 0.815929, Iris-versicolor
6.70, 3.10, 4.40, 1.40, 0.041749, 0.268342, 0.689909, Iris-versicolor
5.60, 3.00, 4.50, 1.50, 0.014173, 0.052677, 0.933150, Iris-versicolor
5.80, 2.70, 4.10, 1.00, 0.025974, 0.048391, 0.925635, Iris-versicolor
6.20, 2.20, 4.50, 1.50, 0.027210, 0.137427, 0.835363, Iris-versicolor
5.60, 2.50, 3.90, 1.10, 0.051752, 0.070796, 0.877452, Iris-versicolor
5.90, 3.20, 4.80, 1.80, 0.027629, 0.250696, 0.721675, Iris-versicolor
6.10, 2.80, 4.00, 1.30, 0.019537, 0.046238, 0.934225, Iris-versicolor
6.30, 2.50, 4.90, 1.50, 0.024007, 0.270549, 0.705444, Iris-versicolor
6.10, 2.80, 4.70, 1.20, 0.013949, 0.083290, 0.902760, Iris-versicolor
6.40, 2.90, 4.30, 1.30, 0.022931, 0.101147, 0.875922, Iris-versicolor
6.60, 3.00, 4.40, 1.40, 0.033969, 0.211217, 0.754814, Iris-versicolor
6.80, 2.80, 4.80, 1.40, 0.033643, 0.442668, 0.523689, Iris-versicolor
6.70, 3.00, 5.00, 1.70, 0.021202, 0.672447, 0.306351, Iris-versicolor
6.00, 2.90, 4.50, 1.50, 0.004936, 0.026153, 0.968911, Iris-versicolor
5.70, 2.60, 3.50, 1.00, 0.128799, 0.104634, 0.766567, Iris-versicolor
5.50, 2.40, 3.80, 1.10, 0.078116, 0.089901, 0.831983, Iris-versicolor
5.50, 2.40, 3.70, 1.00, 0.104208, 0.100735, 0.795057, Iris-versicolor
5.80, 2.70, 3.90, 1.20, 0.031081, 0.050329, 0.918590, Iris-versicolor
6.00, 2.70, 5.10, 1.60, 0.024000, 0.319676, 0.656324, Iris-versicolor
5.40, 3.00, 4.50, 1.50, 0.026423, 0.082463, 0.891114, Iris-versicolor
6.00, 3.40, 4.50, 1.60, 0.032148, 0.170657, 0.797195, Iris-versicolor
6.70, 3.10, 4.70, 1.50, 0.033475, 0.411062, 0.555463, Iris-versicolor
6.30, 2.30, 4.40, 1.30, 0.026930, 0.115475, 0.857595, Iris-versicolor
5.60, 3.00, 4.10, 1.30, 0.024143, 0.047003, 0.928854, Iris-versicolor
5.50, 2.50, 4.00, 1.30, 0.038316, 0.062412, 0.899272, Iris-versicolor
5.50, 2.60, 4.40, 1.20, 0.019691, 0.049255, 0.931054, Iris-versicolor
6.10, 3.00, 4.60, 1.40, 0.011622, 0.072670, 0.915708, Iris-versicolor
5.80, 2.60, 4.00, 1.20, 0.022596, 0.041816, 0.935588, Iris-versicolor
5.00, 2.30, 3.30, 1.00, 0.270113, 0.132559, 0.597328, Iris-versicolor
5.60, 2.70, 4.20, 1.30, 0.012723, 0.028470, 0.958806, Iris-versicolor
5.70, 3.00, 4.20, 1.20, 0.016818, 0.037687, 0.945495, Iris-versicolor
5.70, 2.90, 4.20, 1.30, 0.009602, 0.023029, 0.967370, Iris-versicolor
6.20, 2.90, 4.30, 1.30, 0.011418, 0.044700, 0.943882, Iris-versicolor
5.10, 2.50, 3.00, 1.10, 0.356775, 0.124264, 0.518961, Iris-versicolor
5.70, 2.80, 4.10, 1.30, 0.012730, 0.026762, 0.960508, Iris-versicolor
6.30, 3.30, 6.00, 2.50, 0.019366, 0.859884, 0.120750, Iris-virginica
5.80, 2.70, 5.10, 1.90, 0.029332, 0.355100, 0.615568, Iris-virginica
7.10, 3.00, 5.90, 2.10, 0.006080, 0.955762, 0.038159, Iris-virginica
6.30, 2.90, 5.60, 1.80, 0.012535, 0.845520, 0.141945, Iris-virginica
6.50, 3.00, 5.80, 2.20, 0.004757, 0.957600, 0.037643, Iris-virginica
7.60, 3.00, 6.60, 2.10, 0.035478, 0.811838, 0.152684, Iris-virginica
4.90, 2.50, 4.50, 1.70, 0.073141, 0.167048, 0.759811, Iris-virginica
7.30, 2.90, 6.30, 1.80, 0.021913, 0.862936, 0.115150, Iris-virginica
6.70, 2.50, 5.80, 1.80, 0.014009, 0.868643, 0.117348, Iris-virginica
7.20, 3.60, 6.10, 2.50, 0.024419, 0.860978, 0.114603, Iris-virginica
6.50, 3.20, 5.10, 2.00, 0.016770, 0.773342, 0.209888, Iris-virginica
6.40, 2.70, 5.30, 1.90, 0.015770, 0.761096, 0.223133, Iris-virginica
6.80, 3.00, 5.50, 2.10, 0.001167, 0.988818, 0.010015, Iris-virginica
5.70, 2.50, 5.00, 2.00, 0.034415, 0.305666, 0.659918, Iris-virginica
5.80, 2.80, 5.10, 2.40, 0.038403, 0.500619, 0.460977, Iris-virginica
6.40, 3.20, 5.30, 2.30, 0.014067, 0.849866, 0.136066, Iris-virginica
6.50, 3.00, 5.50, 1.80, 0.007165, 0.913223, 0.079612, Iris-virginica
7.70, 3.80, 6.70, 2.20, 0.050590, 0.763578, 0.185832, Iris-virginica
7.70, 2.60, 6.90, 2.30, 0.049214, 0.757524, 0.193261, Iris-virginica
6.00, 2.20, 5.00, 1.50, 0.032252, 0.257084, 0.710664, Iris-virginica
6.90, 3.20, 5.70, 2.30, 0.003829, 0.970467, 0.025703, Iris-virginica
5.60, 2.80, 4.90, 2.00, 0.033679, 0.259379, 0.706942, Iris-virginica
7.70, 2.80, 6.70, 2.00, 0.041997, 0.783166, 0.174837, Iris-virginica
6.30, 2.70, 4.90, 1.80, 0.022825, 0.381404, 0.595771, Iris-virginica
6.70, 3.30, 5.70, 2.10, 0.002915, 0.975340, 0.021745, Iris-virginica
7.20, 3.20, 6.00, 1.80, 0.012914, 0.911908, 0.075178, Iris-virginica
6.20, 2.80, 4.80, 1.80, 0.020997, 0.271201, 0.707802, Iris-virginica
6.10, 3.00, 4.90, 1.80, 0.023106, 0.329960, 0.646934, Iris-virginica
6.40, 2.80, 5.60, 2.10, 0.008364, 0.908636, 0.083000, Iris-virginica
7.20, 3.00, 5.80, 1.60, 0.014456, 0.890784, 0.094760, Iris-virginica
7.40, 2.80, 6.10, 1.90, 0.019801, 0.872740, 0.107458, Iris-virginica
7.90, 3.80, 6.40, 2.00, 0.050904, 0.760087, 0.189009, Iris-virginica
6.40, 2.80, 5.60, 2.20, 0.008963, 0.906196, 0.084841, Iris-virginica
6.30, 2.80, 5.10, 1.50, 0.023414, 0.436356, 0.540231, Iris-virginica
6.10, 2.60, 5.60, 1.40, 0.031225, 0.576051, 0.392724, Iris-virginica
7.70, 3.00, 6.10, 2.30, 0.028676, 0.839539, 0.131785, Iris-virginica
6.30, 3.40, 5.60, 2.40, 0.017230, 0.854067, 0.128703, Iris-virginica
6.40, 3.10, 5.50, 1.80, 0.009788, 0.880144, 0.110068, Iris-virginica
6.00, 3.00, 4.80, 1.80, 0.021738, 0.228332, 0.749930, Iris-virginica
6.90, 3.10, 5.40, 2.10, 0.003491, 0.967549, 0.028960, Iris-virginica
6.70, 3.10, 5.60, 2.40, 0.005080, 0.957240, 0.037680, Iris-virginica
6.90, 3.10, 5.10, 2.30, 0.015408, 0.855107, 0.129485, Iris-virginica
5.80, 2.70, 5.10, 1.90, 0.029332, 0.355100, 0.615568, Iris-virginica
6.80, 3.20, 5.90, 2.30, 0.005252, 0.961008, 0.033740, Iris-virginica
6.70, 3.30, 5.70, 2.50, 0.009704, 0.927110, 0.063186, Iris-virginica
6.70, 3.00, 5.20, 2.30, 0.011268, 0.882351, 0.106381, Iris-virginica
6.30, 2.50, 5.00, 1.90, 0.025831, 0.466653, 0.507516, Iris-virginica
6.50, 3.00, 5.20, 2.00, 0.012120, 0.831457, 0.156423, Iris-virginica
6.20, 3.40, 5.40, 2.30, 0.021586, 0.789376, 0.189039, Iris-virginica
5.90, 3.00, 5.10, 1.80, 0.026941, 0.391267, 0.581792, Iris-virginica
