% Title: Title
%
% Centers:
% 	6.774994 3.052395 5.646759 2.053549 
% 	5.003561 3.403041 1.484993 0.251537 
% 	5.889097 2.761198 4.364104 1.397369 
%

@RELATION

@ATTRIBUTE Attribute0 	 REAL
@ATTRIBUTE Attribute1 	 REAL
@ATTRIBUTE Attribute2 	 REAL
@ATTRIBUTE Attribute3 	 REAL
@ATTRIBUTE MU 	 FUZZY {Zhluk0, Zhluk1, Zhluk2}
@ATTRIBUTE class 	 {Iris-setosa, Iris-versicolor, Iris-virginica}

@DATA
5.10, 3.50, 1.40, 0.20, 0.001163, 0.996336, 0.002501, Iris-setosa
4.90, 3.00, 1.40, 0.20, 0.007157, 0.976953, 0.015890, Iris-setosa
4.70, 3.20, 1.30, 0.20, 0.006261, 0.980310, 0.013429, Iris-setosa
4.60, 3.10, 1.50, 0.20, 0.009834, 0.968312, 0.021854, Iris-setosa
5.00, 3.60, 1.40, 0.20, 0.001942, 0.993927, 0.004131, Iris-setosa
5.40, 3.90, 1.70, 0.40, 0.021072, 0.933141, 0.045786, Iris-setosa
4.60, 3.40, 1.40, 0.30, 0.006506, 0.979487, 0.014006, Iris-setosa
5.00, 3.40, 1.50, 0.20, 0.000121, 0.999611, 0.000268, Iris-setosa
4.40, 2.90, 1.40, 0.20, 0.021534, 0.931556, 0.046910, Iris-setosa
4.90, 3.10, 1.50, 0.10, 0.005043, 0.983690, 0.011267, Iris-setosa
5.40, 3.70, 1.50, 0.20, 0.010466, 0.967214, 0.022320, Iris-setosa
4.80, 3.40, 1.60, 0.20, 0.002387, 0.992280, 0.005333, Iris-setosa
4.80, 3.00, 1.40, 0.10, 0.008832, 0.971747, 0.019421, Iris-setosa
4.30, 3.00, 1.10, 0.10, 0.024999, 0.923697, 0.051303, Iris-setosa
5.80, 4.00, 1.20, 0.20, 0.038098, 0.888397, 0.073505, Iris-setosa
5.70, 4.40, 1.50, 0.40, 0.055017, 0.839273, 0.105710, Iris-setosa
5.40, 3.90, 1.30, 0.40, 0.017961, 0.945517, 0.036522, Iris-setosa
5.10, 3.50, 1.40, 0.30, 0.001168, 0.996307, 0.002525, Iris-setosa
5.70, 3.80, 1.70, 0.30, 0.030649, 0.903062, 0.066289, Iris-setosa
5.10, 3.80, 1.50, 0.30, 0.007012, 0.978068, 0.014919, Iris-setosa
5.40, 3.40, 1.70, 0.20, 0.009495, 0.968754, 0.021750, Iris-setosa
5.10, 3.70, 1.50, 0.40, 0.005089, 0.983901, 0.011010, Iris-setosa
4.60, 3.60, 1.00, 0.20, 0.014011, 0.958129, 0.027860, Iris-setosa
5.10, 3.30, 1.70, 0.50, 0.006008, 0.979778, 0.014214, Iris-setosa
4.80, 3.40, 1.90, 0.20, 0.009735, 0.967267, 0.022997, Iris-setosa
5.00, 3.00, 1.60, 0.20, 0.007571, 0.974904, 0.017525, Iris-setosa
5.00, 3.40, 1.60, 0.40, 0.001569, 0.994861, 0.003571, Iris-setosa
5.20, 3.50, 1.50, 0.20, 0.002167, 0.993092, 0.004740, Iris-setosa
5.20, 3.40, 1.40, 0.20, 0.002001, 0.993660, 0.004339, Iris-setosa
4.70, 3.20, 1.60, 0.20, 0.006061, 0.980239, 0.013700, Iris-setosa
4.80, 3.10, 1.60, 0.20, 0.006162, 0.979751, 0.014086, Iris-setosa
5.40, 3.40, 1.50, 0.40, 0.007968, 0.974273, 0.017758, Iris-setosa
5.20, 4.10, 1.50, 0.10, 0.020863, 0.936926, 0.042211, Iris-setosa
5.50, 4.20, 1.40, 0.20, 0.032953, 0.902384, 0.064663, Iris-setosa
4.90, 3.10, 1.50, 0.10, 0.005043, 0.983690, 0.011267, Iris-setosa
5.00, 3.20, 1.20, 0.20, 0.004673, 0.985406, 0.009920, Iris-setosa
5.50, 3.50, 1.30, 0.20, 0.011680, 0.963826, 0.024493, Iris-setosa
4.90, 3.10, 1.50, 0.10, 0.005043, 0.983690, 0.011267, Iris-setosa
4.40, 3.00, 1.30, 0.20, 0.018951, 0.940570, 0.040479, Iris-setosa
5.10, 3.40, 1.50, 0.20, 0.000517, 0.998342, 0.001141, Iris-setosa
5.00, 3.50, 1.30, 0.30, 0.001806, 0.994361, 0.003833, Iris-setosa
4.50, 2.30, 1.30, 0.30, 0.046371, 0.852727, 0.100902, Iris-setosa
4.40, 3.20, 1.30, 0.20, 0.015063, 0.953072, 0.031865, Iris-setosa
5.00, 3.50, 1.60, 0.60, 0.006457, 0.978871, 0.014672, Iris-setosa
5.10, 3.80, 1.90, 0.40, 0.016934, 0.944174, 0.038891, Iris-setosa
4.80, 3.00, 1.40, 0.30, 0.008305, 0.973201, 0.018494, Iris-setosa
5.10, 3.80, 1.60, 0.20, 0.007695, 0.975755, 0.016550, Iris-setosa
4.60, 3.20, 1.40, 0.20, 0.007954, 0.974771, 0.017275, Iris-setosa
5.30, 3.70, 1.50, 0.20, 0.007523, 0.976396, 0.016081, Iris-setosa
5.00, 3.30, 1.40, 0.20, 0.000829, 0.997361, 0.001810, Iris-setosa
7.00, 3.20, 4.70, 1.40, 0.501128, 0.044600, 0.454272, Iris-versicolor
6.40, 3.20, 4.50, 1.50, 0.206768, 0.029176, 0.764056, Iris-versicolor
6.90, 3.10, 4.90, 1.50, 0.599952, 0.031287, 0.368761, Iris-versicolor
5.50, 2.30, 4.00, 1.30, 0.080470, 0.049533, 0.869997, Iris-versicolor
6.50, 2.80, 4.60, 1.50, 0.217115, 0.024134, 0.758751, Iris-versicolor
5.70, 2.80, 4.50, 1.30, 0.020471, 0.005752, 0.973777, Iris-versicolor
6.30, 3.30, 4.70, 1.60, 0.297165, 0.029805, 0.673029, Iris-versicolor
4.90, 2.40, 3.30, 1.00, 0.132121, 0.286350, 0.581530, Iris-versicolor
6.60, 2.90, 4.60, 1.30, 0.247701, 0.031265, 0.721034, Iris-versicolor
5.20, 2.70, 3.90, 1.40, 0.094715, 0.074974, 0.830311, Iris-versicolor
5.00, 2.00, 3.50, 1.00, 0.144914, 0.219404, 0.635682, Iris-versicolor
5.90, 3.00, 4.20, 1.50, 0.028734, 0.009197, 0.962069, Iris-versicolor
6.00, 2.20, 4.00, 1.00, 0.101131, 0.055832, 0.843037, Iris-versicolor
6.10, 2.90, 4.70, 1.40, 0.088202, 0.012123, 0.899675, Iris-versicolor
5.60, 2.90, 3.60, 1.30, 0.092188, 0.091874, 0.815938, Iris-versicolor
6.70, 3.10, 4.40, 1.40, 0.268359, 0.041749, 0.689891, Iris-versicolor
5.60, 3.00, 4.50, 1.50, 0.052680, 0.014173, 0.933147, Iris-versicolor
5.80, 2.70, 4.10, 1.00, 0.048387, 0.025971, 0.925642, Iris-versicolor
6.20, 2.20, 4.50, 1.50, 0.137436, 0.027211, 0.835354, Iris-versicolor
5.60, 2.50, 3.90, 1.10, 0.070792, 0.051747, 0.877461, Iris-versicolor
5.90, 3.20, 4.80, 1.80, 0.250720, 0.027630, 0.721649, Iris-versicolor
6.10, 2.80, 4.00, 1.30, 0.046236, 0.019535, 0.934228, Iris-versicolor
6.30, 2.50, 4.90, 1.50, 0.270576, 0.024008, 0.705416, Iris-versicolor
6.10, 2.80, 4.70, 1.20, 0.083302, 0.013951, 0.902747, Iris-versicolor
6.40, 2.90, 4.30, 1.30, 0.101155, 0.022932, 0.875913, Iris-versicolor
6.60, 3.00, 4.40, 1.40, 0.211234, 0.033970, 0.754796, Iris-versicolor
6.80, 2.80, 4.80, 1.40, 0.442694, 0.033643, 0.523663, Iris-versicolor
6.70, 3.00, 5.00, 1.70, 0.672479, 0.021201, 0.306320, Iris-versicolor
6.00, 2.90, 4.50, 1.50, 0.026161, 0.004937, 0.968901, Iris-versicolor
5.70, 2.60, 3.50, 1.00, 0.104631, 0.128792, 0.766577, Iris-versicolor
5.50, 2.40, 3.80, 1.10, 0.089897, 0.078110, 0.831993, Iris-versicolor
5.50, 2.40, 3.70, 1.00, 0.100732, 0.104201, 0.795067, Iris-versicolor
5.80, 2.70, 3.90, 1.20, 0.050325, 0.031077, 0.918598, Iris-versicolor
6.00, 2.70, 5.10, 1.60, 0.319707, 0.024001, 0.656293, Iris-versicolor
5.40, 3.00, 4.50, 1.50, 0.082465, 0.026422, 0.891113, Iris-versicolor
6.00, 3.40, 4.50, 1.60, 0.170671, 0.032149, 0.797180, Iris-versicolor
6.70, 3.10, 4.70, 1.50, 0.411089, 0.033476, 0.555435, Iris-versicolor
6.30, 2.30, 4.40, 1.30, 0.115481, 0.026930, 0.857589, Iris-versicolor
5.60, 3.00, 4.10, 1.30, 0.046999, 0.024141, 0.928860, Iris-versicolor
5.50, 2.50, 4.00, 1.30, 0.062407, 0.038312, 0.899281, Iris-versicolor
5.50, 2.60, 4.40, 1.20, 0.049252, 0.019689, 0.931059, Iris-versicolor
6.10, 3.00, 4.60, 1.40, 0.072684, 0.011623, 0.915693, Iris-versicolor
5.80, 2.60, 4.00, 1.20, 0.041811, 0.022593, 0.935596, Iris-versicolor
5.00, 2.30, 3.30, 1.00, 0.132558, 0.270104, 0.597338, Iris-versicolor
5.60, 2.70, 4.20, 1.30, 0.028466, 0.012721, 0.958813, Iris-versicolor
5.70, 3.00, 4.20, 1.20, 0.037685, 0.016816, 0.945500, Iris-versicolor
5.70, 2.90, 4.20, 1.30, 0.023025, 0.009600, 0.967375, Iris-versicolor
6.20, 2.90, 4.30, 1.30, 0.044704, 0.011418, 0.943878, Iris-versicolor
5.10, 2.50, 3.00, 1.10, 0.124264, 0.356765, 0.518971, Iris-versicolor
5.70, 2.80, 4.10, 1.30, 0.026758, 0.012727, 0.960514, Iris-versicolor
6.30, 3.30, 6.00, 2.50, 0.859885, 0.019366, 0.120749, Iris-virginica
5.80, 2.70, 5.10, 1.90, 0.355127, 0.029332, 0.615541, Iris-virginica
7.10, 3.00, 5.90, 2.10, 0.955756, 0.006081, 0.038163, Iris-virginica
6.30, 2.90, 5.60, 1.80, 0.845539, 0.012534, 0.141927, Iris-virginica
6.50, 3.00, 5.80, 2.20, 0.957601, 0.004757, 0.037641, Iris-virginica
7.60, 3.00, 6.60, 2.10, 0.811832, 0.035480, 0.152688, Iris-virginica
4.90, 2.50, 4.50, 1.70, 0.167050, 0.073139, 0.759811, Iris-virginica
7.30, 2.90, 6.30, 1.80, 0.862931, 0.021915, 0.115154, Iris-virginica
6.70, 2.50, 5.80, 1.80, 0.868649, 0.014009, 0.117342, Iris-virginica
7.20, 3.60, 6.10, 2.50, 0.860973, 0.024420, 0.114607, Iris-virginica
6.50, 3.20, 5.10, 2.00, 0.773370, 0.016769, 0.209861, Iris-virginica
6.40, 2.70, 5.30, 1.90, 0.761126, 0.015769, 0.223105, Iris-virginica
6.80, 3.00, 5.50, 2.10, 0.988821, 0.001166, 0.010012, Iris-virginica
5.70, 2.50, 5.00, 2.00, 0.305686, 0.034416, 0.659898, Iris-virginica
5.80, 2.80, 5.10, 2.40, 0.500641, 0.038403, 0.460956, Iris-virginica
6.40, 3.20, 5.30, 2.30, 0.849882, 0.014067, 0.136051, Iris-virginica
6.50, 3.00, 5.50, 1.80, 0.913239, 0.007164, 0.079596, Iris-virginica
7.70, 3.80, 6.70, 2.20, 0.763573, 0.050592, 0.185835, Iris-virginica
7.70, 2.60, 6.90, 2.30, 0.757520, 0.049216, 0.193264, Iris-virginica
6.00, 2.20, 5.00, 1.50, 0.257100, 0.032253, 0.710646, Iris-virginica
6.90, 3.20, 5.70, 2.30, 0.970464, 0.003830, 0.025706, Iris-virginica
5.60, 2.80, 4.90, 2.00, 0.259398, 0.033679, 0.706923, Iris-virginica
7.70, 2.80, 6.70, 2.00, 0.783161, 0.041999, 0.174840, Iris-virginica
6.30, 2.70, 4.90, 1.80, 0.381441, 0.022826, 0.595733, Iris-virginica
6.70, 3.30, 5.70, 2.10, 0.975340, 0.002915, 0.021745, Iris-virginica
7.20, 3.20, 6.00, 1.80, 0.911903, 0.012915, 0.075181, Iris-virginica
6.20, 2.80, 4.80, 1.80, 0.271234, 0.020998, 0.707768, Iris-virginica
6.10, 3.00, 4.90, 1.80, 0.329995, 0.023107, 0.646898, Iris-virginica
6.40, 2.80, 5.60, 2.10, 0.908648, 0.008363, 0.082989, Iris-virginica
7.20, 3.00, 5.80, 1.60, 0.890783, 0.014457, 0.094760, Iris-virginica
7.40, 2.80, 6.10, 1.90, 0.872736, 0.019803, 0.107462, Iris-virginica
7.90, 3.80, 6.40, 2.00, 0.760082, 0.050906, 0.189012, Iris-virginica
6.40, 2.80, 5.60, 2.20, 0.906206, 0.008962, 0.084831, Iris-virginica
6.30, 2.80, 5.10, 1.50, 0.436393, 0.023414, 0.540193, Iris-virginica
6.10, 2.60, 5.60, 1.40, 0.576073, 0.031224, 0.392703, Iris-virginica
7.70, 3.00, 6.10, 2.30, 0.839533, 0.028677, 0.131789, Iris-virginica
6.30, 3.40, 5.60, 2.40, 0.854074, 0.017230, 0.128696, Iris-virginica
6.40, 3.10, 5.50, 1.80, 0.880163, 0.009787, 0.110050, Iris-virginica
6.00, 3.00, 4.80, 1.80, 0.228360, 0.021739, 0.749901, Iris-virginica
6.90, 3.10, 5.40, 2.10, 0.967553, 0.003490, 0.028957, Iris-virginica
6.70, 3.10, 5.60, 2.40, 0.957241, 0.005080, 0.037680, Iris-virginica
6.90, 3.10, 5.10, 2.30, 0.855118, 0.015407, 0.129475, Iris-virginica
5.80, 2.70, 5.10, 1.90, 0.355127, 0.029332, 0.615541, Iris-virginica
6.80, 3.20, 5.90, 2.30, 0.961003, 0.005253, 0.033744, Iris-virginica
6.70, 3.30, 5.70, 2.50, 0.927108, 0.009705, 0.063187, Iris-virginica
6.70, 3.00, 5.20, 2.30, 0.882365, 0.011267, 0.106368, Iris-virginica
6.30, 2.50, 5.00, 1.90, 0.466686, 0.025831, 0.507483, Iris-virginica
6.50, 3.00, 5.20, 2.00, 0.831484, 0.012118, 0.156397, Iris-virginica
6.20, 3.40, 5.40, 2.30, 0.789391, 0.021585, 0.189024, Iris-virginica
5.90, 3.00, 5.10, 1.80, 0.391299, 0.026941, 0.581760, Iris-virginica
