% Title: Title
%
% Centers:
% 	6.774990 3.052393 5.646754 2.053546 
% 	5.003561 3.403041 1.484993 0.251537 
% 	5.889093 2.761197 4.364099 1.397366 
%

@RELATION

@ATTRIBUTE Attribute0 	 REAL
@ATTRIBUTE Attribute1 	 REAL
@ATTRIBUTE Attribute2 	 REAL
@ATTRIBUTE Attribute3 	 REAL
@ATTRIBUTE MU 	 FUZZY {Zhluk0, Zhluk1, Zhluk2}
@ATTRIBUTE class 	 {Iris-setosa, Iris-versicolor, Iris-virginica}

@DATA
5.10, 3.50, 1.40, 0.20, 0.001163, 0.996336, 0.002501, Iris-setosa
4.90, 3.00, 1.40, 0.20, 0.007157, 0.976953, 0.015890, Iris-setosa
4.70, 3.20, 1.30, 0.20, 0.006261, 0.980310, 0.013429, Iris-setosa
4.60, 3.10, 1.50, 0.20, 0.009834, 0.968312, 0.021854, Iris-setosa
5.00, 3.60, 1.40, 0.20, 0.001942, 0.993927, 0.004131, Iris-setosa
5.40, 3.90, 1.70, 0.40, 0.021072, 0.933141, 0.045786, Iris-setosa
4.60, 3.40, 1.40, 0.30, 0.006506, 0.979487, 0.014006, Iris-setosa
5.00, 3.40, 1.50, 0.20, 0.000121, 0.999611, 0.000268, Iris-setosa
4.40, 2.90, 1.40, 0.20, 0.021534, 0.931556, 0.046910, Iris-setosa
4.90, 3.10, 1.50, 0.10, 0.005043, 0.983690, 0.011267, Iris-setosa
5.40, 3.70, 1.50, 0.20, 0.010466, 0.967214, 0.022320, Iris-setosa
4.80, 3.40, 1.60, 0.20, 0.002387, 0.992280, 0.005333, Iris-setosa
4.80, 3.00, 1.40, 0.10, 0.008832, 0.971747, 0.019421, Iris-setosa
4.30, 3.00, 1.10, 0.10, 0.025000, 0.923697, 0.051304, Iris-setosa
5.80, 4.00, 1.20, 0.20, 0.038098, 0.888397, 0.073505, Iris-setosa
5.70, 4.40, 1.50, 0.40, 0.055018, 0.839272, 0.105710, Iris-setosa
5.40, 3.90, 1.30, 0.40, 0.017961, 0.945517, 0.036523, Iris-setosa
5.10, 3.50, 1.40, 0.30, 0.001168, 0.996307, 0.002525, Iris-setosa
5.70, 3.80, 1.70, 0.30, 0.030649, 0.903062, 0.066289, Iris-setosa
5.10, 3.80, 1.50, 0.30, 0.007012, 0.978068, 0.014920, Iris-setosa
5.40, 3.40, 1.70, 0.20, 0.009495, 0.968754, 0.021750, Iris-setosa
5.10, 3.70, 1.50, 0.40, 0.005089, 0.983901, 0.011010, Iris-setosa
4.60, 3.60, 1.00, 0.20, 0.014011, 0.958129, 0.027860, Iris-setosa
5.10, 3.30, 1.70, 0.50, 0.006008, 0.979778, 0.014214, Iris-setosa
4.80, 3.40, 1.90, 0.20, 0.009735, 0.967267, 0.022998, Iris-setosa
5.00, 3.00, 1.60, 0.20, 0.007571, 0.974904, 0.017525, Iris-setosa
5.00, 3.40, 1.60, 0.40, 0.001569, 0.994861, 0.003571, Iris-setosa
5.20, 3.50, 1.50, 0.20, 0.002167, 0.993092, 0.004741, Iris-setosa
5.20, 3.40, 1.40, 0.20, 0.002001, 0.993660, 0.004339, Iris-setosa
4.70, 3.20, 1.60, 0.20, 0.006061, 0.980239, 0.013700, Iris-setosa
4.80, 3.10, 1.60, 0.20, 0.006163, 0.979751, 0.014087, Iris-setosa
5.40, 3.40, 1.50, 0.40, 0.007968, 0.974273, 0.017759, Iris-setosa
5.20, 4.10, 1.50, 0.10, 0.020863, 0.936926, 0.042212, Iris-setosa
5.50, 4.20, 1.40, 0.20, 0.032953, 0.902384, 0.064664, Iris-setosa
4.90, 3.10, 1.50, 0.10, 0.005043, 0.983690, 0.011267, Iris-setosa
5.00, 3.20, 1.20, 0.20, 0.004673, 0.985406, 0.009921, Iris-setosa
5.50, 3.50, 1.30, 0.20, 0.011680, 0.963826, 0.024493, Iris-setosa
4.90, 3.10, 1.50, 0.10, 0.005043, 0.983690, 0.011267, Iris-setosa
4.40, 3.00, 1.30, 0.20, 0.018951, 0.940570, 0.040479, Iris-setosa
5.10, 3.40, 1.50, 0.20, 0.000517, 0.998342, 0.001141, Iris-setosa
5.00, 3.50, 1.30, 0.30, 0.001806, 0.994361, 0.003833, Iris-setosa
4.50, 2.30, 1.30, 0.30, 0.046371, 0.852726, 0.100902, Iris-setosa
4.40, 3.20, 1.30, 0.20, 0.015063, 0.953072, 0.031865, Iris-setosa
5.00, 3.50, 1.60, 0.60, 0.006457, 0.978870, 0.014672, Iris-setosa
5.10, 3.80, 1.90, 0.40, 0.016934, 0.944174, 0.038891, Iris-setosa
4.80, 3.00, 1.40, 0.30, 0.008305, 0.973201, 0.018494, Iris-setosa
5.10, 3.80, 1.60, 0.20, 0.007695, 0.975755, 0.016550, Iris-setosa
4.60, 3.20, 1.40, 0.20, 0.007954, 0.974771, 0.017275, Iris-setosa
5.30, 3.70, 1.50, 0.20, 0.007523, 0.976396, 0.016081, Iris-setosa
5.00, 3.30, 1.40, 0.20, 0.000829, 0.997361, 0.001810, Iris-setosa
7.00, 3.20, 4.70, 1.40, 0.501133, 0.044600, 0.454266, Iris-versicolor
6.40, 3.20, 4.50, 1.50, 0.206774, 0.029176, 0.764049, Iris-versicolor
6.90, 3.10, 4.90, 1.50, 0.599959, 0.031287, 0.368754, Iris-versicolor
5.50, 2.30, 4.00, 1.30, 0.080469, 0.049532, 0.869999, Iris-versicolor
6.50, 2.80, 4.60, 1.50, 0.217123, 0.024134, 0.758743, Iris-versicolor
5.70, 2.80, 4.50, 1.30, 0.020471, 0.005752, 0.973777, Iris-versicolor
6.30, 3.30, 4.70, 1.60, 0.297174, 0.029806, 0.673021, Iris-versicolor
4.90, 2.40, 3.30, 1.00, 0.132120, 0.286347, 0.581533, Iris-versicolor
6.60, 2.90, 4.60, 1.30, 0.247707, 0.031265, 0.721028, Iris-versicolor
5.20, 2.70, 3.90, 1.40, 0.094714, 0.074972, 0.830314, Iris-versicolor
5.00, 2.00, 3.50, 1.00, 0.144914, 0.219402, 0.635684, Iris-versicolor
5.90, 3.00, 4.20, 1.50, 0.028734, 0.009197, 0.962069, Iris-versicolor
6.00, 2.20, 4.00, 1.00, 0.101130, 0.055831, 0.843039, Iris-versicolor
6.10, 2.90, 4.70, 1.40, 0.088207, 0.012124, 0.899670, Iris-versicolor
5.60, 2.90, 3.60, 1.30, 0.092187, 0.091872, 0.815941, Iris-versicolor
6.70, 3.10, 4.40, 1.40, 0.268364, 0.041750, 0.689886, Iris-versicolor
5.60, 3.00, 4.50, 1.50, 0.052681, 0.014173, 0.933146, Iris-versicolor
5.80, 2.70, 4.10, 1.00, 0.048386, 0.025970, 0.925644, Iris-versicolor
6.20, 2.20, 4.50, 1.50, 0.137438, 0.027211, 0.835351, Iris-versicolor
5.60, 2.50, 3.90, 1.10, 0.070790, 0.051746, 0.877464, Iris-versicolor
5.90, 3.20, 4.80, 1.80, 0.250728, 0.027631, 0.721642, Iris-versicolor
6.10, 2.80, 4.00, 1.30, 0.046236, 0.019535, 0.934229, Iris-versicolor
6.30, 2.50, 4.90, 1.50, 0.270585, 0.024008, 0.705407, Iris-versicolor
6.10, 2.80, 4.70, 1.20, 0.083306, 0.013951, 0.902744, Iris-versicolor
6.40, 2.90, 4.30, 1.30, 0.101158, 0.022932, 0.875910, Iris-versicolor
6.60, 3.00, 4.40, 1.40, 0.211239, 0.033971, 0.754791, Iris-versicolor
6.80, 2.80, 4.80, 1.40, 0.442702, 0.033643, 0.523655, Iris-versicolor
6.70, 3.00, 5.00, 1.70, 0.672489, 0.021201, 0.306310, Iris-versicolor
6.00, 2.90, 4.50, 1.50, 0.026164, 0.004938, 0.968899, Iris-versicolor
5.70, 2.60, 3.50, 1.00, 0.104630, 0.128790, 0.766580, Iris-versicolor
5.50, 2.40, 3.80, 1.10, 0.089896, 0.078108, 0.831996, Iris-versicolor
5.50, 2.40, 3.70, 1.00, 0.100731, 0.104199, 0.795070, Iris-versicolor
5.80, 2.70, 3.90, 1.20, 0.050324, 0.031076, 0.918601, Iris-versicolor
6.00, 2.70, 5.10, 1.60, 0.319716, 0.024001, 0.656283, Iris-versicolor
5.40, 3.00, 4.50, 1.50, 0.082466, 0.026422, 0.891112, Iris-versicolor
6.00, 3.40, 4.50, 1.60, 0.170675, 0.032150, 0.797175, Iris-versicolor
6.70, 3.10, 4.70, 1.50, 0.411097, 0.033476, 0.555427, Iris-versicolor
6.30, 2.30, 4.40, 1.30, 0.115483, 0.026930, 0.857587, Iris-versicolor
5.60, 3.00, 4.10, 1.30, 0.046998, 0.024140, 0.928862, Iris-versicolor
5.50, 2.50, 4.00, 1.30, 0.062406, 0.038311, 0.899283, Iris-versicolor
5.50, 2.60, 4.40, 1.20, 0.049252, 0.019688, 0.931060, Iris-versicolor
6.10, 3.00, 4.60, 1.40, 0.072688, 0.011624, 0.915688, Iris-versicolor
5.80, 2.60, 4.00, 1.20, 0.041810, 0.022592, 0.935598, Iris-versicolor
5.00, 2.30, 3.30, 1.00, 0.132558, 0.270101, 0.597341, Iris-versicolor
5.60, 2.70, 4.20, 1.30, 0.028465, 0.012721, 0.958815, Iris-versicolor
5.70, 3.00, 4.20, 1.20, 0.037684, 0.016815, 0.945501, Iris-versicolor
5.70, 2.90, 4.20, 1.30, 0.023024, 0.009599, 0.967376, Iris-versicolor
6.20, 2.90, 4.30, 1.30, 0.044705, 0.011419, 0.943876, Iris-versicolor
5.10, 2.50, 3.00, 1.10, 0.124264, 0.356762, 0.518974, Iris-versicolor
5.70, 2.80, 4.10, 1.30, 0.026757, 0.012727, 0.960517, Iris-versicolor
6.30, 3.30, 6.00, 2.50, 0.859886, 0.019366, 0.120748, Iris-virginica
5.80, 2.70, 5.10, 1.90, 0.355135, 0.029332, 0.615533, Iris-virginica
7.10, 3.00, 5.90, 2.10, 0.955754, 0.006081, 0.038165, Iris-virginica
6.30, 2.90, 5.60, 1.80, 0.845545, 0.012534, 0.141922, Iris-virginica
6.50, 3.00, 5.80, 2.20, 0.957602, 0.004757, 0.037641, Iris-virginica
7.60, 3.00, 6.60, 2.10, 0.811831, 0.035480, 0.152689, Iris-virginica
4.90, 2.50, 4.50, 1.70, 0.167051, 0.073139, 0.759811, Iris-virginica
7.30, 2.90, 6.30, 1.80, 0.862930, 0.021915, 0.115155, Iris-virginica
6.70, 2.50, 5.80, 1.80, 0.868651, 0.014009, 0.117341, Iris-virginica
7.20, 3.60, 6.10, 2.50, 0.860971, 0.024421, 0.114608, Iris-virginica
6.50, 3.20, 5.10, 2.00, 0.773378, 0.016768, 0.209853, Iris-virginica
6.40, 2.70, 5.30, 1.90, 0.761135, 0.015769, 0.223096, Iris-virginica
6.80, 3.00, 5.50, 2.10, 0.988822, 0.001166, 0.010011, Iris-virginica
5.70, 2.50, 5.00, 2.00, 0.305692, 0.034416, 0.659892, Iris-virginica
5.80, 2.80, 5.10, 2.40, 0.500648, 0.038403, 0.460949, Iris-virginica
6.40, 3.20, 5.30, 2.30, 0.849887, 0.014066, 0.136046, Iris-virginica
6.50, 3.00, 5.50, 1.80, 0.913245, 0.007164, 0.079592, Iris-virginica
7.70, 3.80, 6.70, 2.20, 0.763572, 0.050592, 0.185836, Iris-virginica
7.70, 2.60, 6.90, 2.30, 0.757519, 0.049217, 0.193265, Iris-virginica
6.00, 2.20, 5.00, 1.50, 0.257106, 0.032253, 0.710641, Iris-virginica
6.90, 3.20, 5.70, 2.30, 0.970462, 0.003830, 0.025707, Iris-virginica
5.60, 2.80, 4.90, 2.00, 0.259403, 0.033680, 0.706917, Iris-virginica
7.70, 2.80, 6.70, 2.00, 0.783160, 0.041999, 0.174841, Iris-virginica
6.30, 2.70, 4.90, 1.80, 0.381453, 0.022826, 0.595721, Iris-virginica
6.70, 3.30, 5.70, 2.10, 0.975340, 0.002915, 0.021745, Iris-virginica
7.20, 3.20, 6.00, 1.80, 0.911902, 0.012916, 0.075183, Iris-virginica
6.20, 2.80, 4.80, 1.80, 0.271244, 0.020998, 0.707757, Iris-virginica
6.10, 3.00, 4.90, 1.80, 0.330006, 0.023107, 0.646887, Iris-virginica
6.40, 2.80, 5.60, 2.10, 0.908651, 0.008363, 0.082986, Iris-virginica
7.20, 3.00, 5.80, 1.60, 0.890783, 0.014457, 0.094760, Iris-virginica
7.40, 2.80, 6.10, 1.90, 0.872734, 0.019803, 0.107463, Iris-virginica
7.90, 3.80, 6.40, 2.00, 0.760081, 0.050907, 0.189013, Iris-virginica
6.40, 2.80, 5.60, 2.20, 0.906210, 0.008962, 0.084828, Iris-virginica
6.30, 2.80, 5.10, 1.50, 0.436404, 0.023414, 0.540182, Iris-virginica
6.10, 2.60, 5.60, 1.40, 0.576080, 0.031224, 0.392696, Iris-virginica
7.70, 3.00, 6.10, 2.30, 0.839532, 0.028678, 0.131791, Iris-virginica
6.30, 3.40, 5.60, 2.40, 0.854076, 0.017229, 0.128694, Iris-virginica
6.40, 3.10, 5.50, 1.80, 0.880169, 0.009787, 0.110045, Iris-virginica
6.00, 3.00, 4.80, 1.80, 0.228369, 0.021739, 0.749892, Iris-virginica
6.90, 3.10, 5.40, 2.10, 0.967554, 0.003490, 0.028956, Iris-virginica
6.70, 3.10, 5.60, 2.40, 0.957241, 0.005080, 0.037679, Iris-virginica
6.90, 3.10, 5.10, 2.30, 0.855121, 0.015407, 0.129472, Iris-virginica
5.80, 2.70, 5.10, 1.90, 0.355135, 0.029332, 0.615533, Iris-virginica
6.80, 3.20, 5.90, 2.30, 0.961002, 0.005253, 0.033745, Iris-virginica
6.70, 3.30, 5.70, 2.50, 0.927108, 0.009705, 0.063187, Iris-virginica
6.70, 3.00, 5.20, 2.30, 0.882369, 0.011267, 0.106365, Iris-virginica
6.30, 2.50, 5.00, 1.90, 0.466696, 0.025831, 0.507473, Iris-virginica
6.50, 3.00, 5.20, 2.00, 0.831493, 0.012118, 0.156389, Iris-virginica
6.20, 3.40, 5.40, 2.30, 0.789395, 0.021585, 0.189020, Iris-virginica
5.90, 3.00, 5.10, 1.80, 0.391309, 0.026941, 0.581750, Iris-virginica
