% Title: Title
%
% Centers:
% 	6.775206 3.052457 5.647024 2.053652 
% 	5.003562 3.403032 1.485008 0.251544 
% 	5.889277 2.761263 4.364366 1.397503 
%

@RELATION

@ATTRIBUTE Attribute0 	 REAL
@ATTRIBUTE Attribute1 	 REAL
@ATTRIBUTE Attribute2 	 REAL
@ATTRIBUTE Attribute3 	 REAL
@ATTRIBUTE MU 	 FUZZY {Zhluk0, Zhluk1, Zhluk2}
@ATTRIBUTE class 	 {Iris-setosa, Iris-versicolor, Iris-virginica}

@DATA
5.10, 3.50, 1.40, 0.20, 0.001163, 0.996336, 0.002501, Iris-setosa
4.90, 3.00, 1.40, 0.20, 0.007155, 0.976960, 0.015885, Iris-setosa
4.70, 3.20, 1.30, 0.20, 0.006260, 0.980314, 0.013426, Iris-setosa
4.60, 3.10, 1.50, 0.20, 0.009832, 0.968321, 0.021847, Iris-setosa
5.00, 3.60, 1.40, 0.20, 0.001942, 0.993927, 0.004131, Iris-setosa
5.40, 3.90, 1.70, 0.40, 0.021068, 0.933157, 0.045774, Iris-setosa
4.60, 3.40, 1.40, 0.30, 0.006505, 0.979492, 0.014003, Iris-setosa
5.00, 3.40, 1.50, 0.20, 0.000121, 0.999611, 0.000268, Iris-setosa
4.40, 2.90, 1.40, 0.20, 0.021530, 0.931574, 0.046896, Iris-setosa
4.90, 3.10, 1.50, 0.10, 0.005042, 0.983695, 0.011263, Iris-setosa
5.40, 3.70, 1.50, 0.20, 0.010464, 0.967221, 0.022315, Iris-setosa
4.80, 3.40, 1.60, 0.20, 0.002386, 0.992283, 0.005331, Iris-setosa
4.80, 3.00, 1.40, 0.10, 0.008830, 0.971755, 0.019415, Iris-setosa
4.30, 3.00, 1.10, 0.10, 0.024995, 0.923714, 0.051291, Iris-setosa
5.80, 4.00, 1.20, 0.20, 0.038093, 0.888415, 0.073492, Iris-setosa
5.70, 4.40, 1.50, 0.40, 0.055010, 0.839298, 0.105692, Iris-setosa
5.40, 3.90, 1.30, 0.40, 0.017958, 0.945527, 0.036515, Iris-setosa
5.10, 3.50, 1.40, 0.30, 0.001168, 0.996308, 0.002524, Iris-setosa
5.70, 3.80, 1.70, 0.30, 0.030643, 0.903084, 0.066273, Iris-setosa
5.10, 3.80, 1.50, 0.30, 0.007011, 0.978072, 0.014916, Iris-setosa
5.40, 3.40, 1.70, 0.20, 0.009493, 0.968764, 0.021743, Iris-setosa
5.10, 3.70, 1.50, 0.40, 0.005088, 0.983905, 0.011008, Iris-setosa
4.60, 3.60, 1.00, 0.20, 0.014009, 0.958136, 0.027855, Iris-setosa
5.10, 3.30, 1.70, 0.50, 0.006005, 0.979787, 0.014207, Iris-setosa
4.80, 3.40, 1.90, 0.20, 0.009733, 0.967279, 0.022988, Iris-setosa
5.00, 3.00, 1.60, 0.20, 0.007569, 0.974913, 0.017518, Iris-setosa
5.00, 3.40, 1.60, 0.40, 0.001568, 0.994863, 0.003569, Iris-setosa
5.20, 3.50, 1.50, 0.20, 0.002167, 0.993094, 0.004739, Iris-setosa
5.20, 3.40, 1.40, 0.20, 0.002001, 0.993661, 0.004338, Iris-setosa
4.70, 3.20, 1.60, 0.20, 0.006060, 0.980246, 0.013695, Iris-setosa
4.80, 3.10, 1.60, 0.20, 0.006161, 0.979758, 0.014081, Iris-setosa
5.40, 3.40, 1.50, 0.40, 0.007966, 0.974281, 0.017753, Iris-setosa
5.20, 4.10, 1.50, 0.10, 0.020860, 0.936937, 0.042203, Iris-setosa
5.50, 4.20, 1.40, 0.20, 0.032948, 0.902400, 0.064652, Iris-setosa
4.90, 3.10, 1.50, 0.10, 0.005042, 0.983695, 0.011263, Iris-setosa
5.00, 3.20, 1.20, 0.20, 0.004673, 0.985409, 0.009918, Iris-setosa
5.50, 3.50, 1.30, 0.20, 0.011679, 0.963833, 0.024488, Iris-setosa
4.90, 3.10, 1.50, 0.10, 0.005042, 0.983695, 0.011263, Iris-setosa
4.40, 3.00, 1.30, 0.20, 0.018948, 0.940585, 0.040467, Iris-setosa
5.10, 3.40, 1.50, 0.20, 0.000517, 0.998343, 0.001141, Iris-setosa
5.00, 3.50, 1.30, 0.30, 0.001806, 0.994361, 0.003833, Iris-setosa
4.50, 2.30, 1.30, 0.30, 0.046363, 0.852763, 0.100874, Iris-setosa
4.40, 3.20, 1.30, 0.20, 0.015060, 0.953083, 0.031857, Iris-setosa
5.00, 3.50, 1.60, 0.60, 0.006456, 0.978878, 0.014667, Iris-setosa
5.10, 3.80, 1.90, 0.40, 0.016930, 0.944191, 0.038879, Iris-setosa
4.80, 3.00, 1.40, 0.30, 0.008303, 0.973209, 0.018488, Iris-setosa
5.10, 3.80, 1.60, 0.20, 0.007693, 0.975761, 0.016546, Iris-setosa
4.60, 3.20, 1.40, 0.20, 0.007952, 0.974777, 0.017270, Iris-setosa
5.30, 3.70, 1.50, 0.20, 0.007522, 0.976401, 0.016078, Iris-setosa
5.00, 3.30, 1.40, 0.20, 0.000829, 0.997361, 0.001810, Iris-setosa
7.00, 3.20, 4.70, 1.40, 0.500836, 0.044601, 0.454563, Iris-versicolor
6.40, 3.20, 4.50, 1.50, 0.206472, 0.029156, 0.764372, Iris-versicolor
6.90, 3.10, 4.90, 1.50, 0.599589, 0.031293, 0.369117, Iris-versicolor
5.50, 2.30, 4.00, 1.30, 0.080526, 0.049592, 0.869883, Iris-versicolor
6.50, 2.80, 4.60, 1.50, 0.216757, 0.024114, 0.759129, Iris-versicolor
5.70, 2.80, 4.50, 1.30, 0.020467, 0.005755, 0.973778, Iris-versicolor
6.30, 3.30, 4.70, 1.60, 0.296760, 0.029790, 0.673450, Iris-versicolor
4.90, 2.40, 3.30, 1.00, 0.132134, 0.286484, 0.581382, Iris-versicolor
6.60, 2.90, 4.60, 1.30, 0.247390, 0.031248, 0.721361, Iris-versicolor
5.20, 2.70, 3.90, 1.40, 0.094765, 0.075048, 0.830187, Iris-versicolor
5.00, 2.00, 3.50, 1.00, 0.144933, 0.219513, 0.635554, Iris-versicolor
5.90, 3.00, 4.20, 1.50, 0.028727, 0.009201, 0.962072, Iris-versicolor
6.00, 2.20, 4.00, 1.00, 0.101161, 0.055875, 0.842965, Iris-versicolor
6.10, 2.90, 4.70, 1.40, 0.087947, 0.012098, 0.899955, Iris-versicolor
5.60, 2.90, 3.60, 1.30, 0.092238, 0.091966, 0.815796, Iris-versicolor
6.70, 3.10, 4.40, 1.40, 0.268101, 0.041736, 0.690163, Iris-versicolor
5.60, 3.00, 4.50, 1.50, 0.052638, 0.014171, 0.933192, Iris-versicolor
5.80, 2.70, 4.10, 1.00, 0.048448, 0.026017, 0.925536, Iris-versicolor
6.20, 2.20, 4.50, 1.50, 0.137307, 0.027202, 0.835491, Iris-versicolor
5.60, 2.50, 3.90, 1.10, 0.070860, 0.051822, 0.877319, Iris-versicolor
5.90, 3.20, 4.80, 1.80, 0.250358, 0.027614, 0.722028, Iris-versicolor
6.10, 2.80, 4.00, 1.30, 0.046261, 0.019557, 0.934182, Iris-versicolor
6.30, 2.50, 4.90, 1.50, 0.270172, 0.023993, 0.705835, Iris-versicolor
6.10, 2.80, 4.70, 1.20, 0.083126, 0.013931, 0.902942, Iris-versicolor
6.40, 2.90, 4.30, 1.30, 0.101030, 0.022919, 0.876051, Iris-versicolor
6.60, 3.00, 4.40, 1.40, 0.210986, 0.033953, 0.755061, Iris-versicolor
6.80, 2.80, 4.80, 1.40, 0.442304, 0.033639, 0.524056, Iris-versicolor
6.70, 3.00, 5.00, 1.70, 0.672004, 0.021213, 0.306783, Iris-versicolor
6.00, 2.90, 4.50, 1.50, 0.026040, 0.004918, 0.969042, Iris-versicolor
5.70, 2.60, 3.50, 1.00, 0.104677, 0.128903, 0.766419, Iris-versicolor
5.50, 2.40, 3.80, 1.10, 0.089957, 0.078198, 0.831845, Iris-versicolor
5.50, 2.40, 3.70, 1.00, 0.100785, 0.104302, 0.794913, Iris-versicolor
5.80, 2.70, 3.90, 1.20, 0.050393, 0.031135, 0.918473, Iris-versicolor
6.00, 2.70, 5.10, 1.60, 0.319244, 0.023989, 0.656767, Iris-versicolor
5.40, 3.00, 4.50, 1.50, 0.082439, 0.026429, 0.891132, Iris-versicolor
6.00, 3.40, 4.50, 1.60, 0.170465, 0.032133, 0.797402, Iris-versicolor
6.70, 3.10, 4.70, 1.50, 0.410676, 0.033470, 0.555854, Iris-versicolor
6.30, 2.30, 4.40, 1.30, 0.115389, 0.026925, 0.857686, Iris-versicolor
5.60, 3.00, 4.10, 1.30, 0.047050, 0.024180, 0.928771, Iris-versicolor
5.50, 2.50, 4.00, 1.30, 0.062474, 0.038372, 0.899153, Iris-versicolor
5.50, 2.60, 4.40, 1.20, 0.049292, 0.019716, 0.930992, Iris-versicolor
6.10, 3.00, 4.60, 1.40, 0.072479, 0.011600, 0.915921, Iris-versicolor
5.80, 2.60, 4.00, 1.20, 0.041879, 0.022641, 0.935479, Iris-versicolor
5.00, 2.30, 3.30, 1.00, 0.132574, 0.270236, 0.597189, Iris-versicolor
5.60, 2.70, 4.20, 1.30, 0.028529, 0.012756, 0.958715, Iris-versicolor
5.70, 3.00, 4.20, 1.20, 0.037727, 0.016844, 0.945429, Iris-versicolor
5.70, 2.90, 4.20, 1.30, 0.023075, 0.009626, 0.967299, Iris-versicolor
6.20, 2.90, 4.30, 1.30, 0.044641, 0.011410, 0.943950, Iris-versicolor
5.10, 2.50, 3.00, 1.10, 0.124269, 0.356909, 0.518822, Iris-versicolor
5.70, 2.80, 4.10, 1.30, 0.026823, 0.012765, 0.960412, Iris-versicolor
6.30, 3.30, 6.00, 2.50, 0.859868, 0.019360, 0.120772, Iris-virginica
5.80, 2.70, 5.10, 1.90, 0.354729, 0.029325, 0.615946, Iris-virginica
7.10, 3.00, 5.90, 2.10, 0.955838, 0.006067, 0.038095, Iris-virginica
6.30, 2.90, 5.60, 1.80, 0.845259, 0.012548, 0.142193, Iris-virginica
6.50, 3.00, 5.80, 2.20, 0.957574, 0.004758, 0.037668, Iris-virginica
7.60, 3.00, 6.60, 2.10, 0.811912, 0.035454, 0.152634, Iris-virginica
4.90, 2.50, 4.50, 1.70, 0.167029, 0.073164, 0.759807, Iris-virginica
7.30, 2.90, 6.30, 1.80, 0.863002, 0.021896, 0.115103, Iris-virginica
6.70, 2.50, 5.80, 1.80, 0.868557, 0.014011, 0.117432, Iris-virginica
7.20, 3.60, 6.10, 2.50, 0.861051, 0.024398, 0.114550, Iris-virginica
6.50, 3.20, 5.10, 2.00, 0.772959, 0.016786, 0.210255, Iris-virginica
6.40, 2.70, 5.30, 1.90, 0.760688, 0.015785, 0.223527, Iris-virginica
6.80, 3.00, 5.50, 2.10, 0.988774, 0.001171, 0.010055, Iris-virginica
5.70, 2.50, 5.00, 2.00, 0.305394, 0.034408, 0.660198, Iris-virginica
5.80, 2.80, 5.10, 2.40, 0.500320, 0.038406, 0.461274, Iris-virginica
6.40, 3.20, 5.30, 2.30, 0.849645, 0.014080, 0.136275, Iris-virginica
6.50, 3.00, 5.50, 1.80, 0.912995, 0.007179, 0.079826, Iris-virginica
7.70, 3.80, 6.70, 2.20, 0.763642, 0.050564, 0.185794, Iris-virginica
7.70, 2.60, 6.90, 2.30, 0.757582, 0.049191, 0.193227, Iris-virginica
6.00, 2.20, 5.00, 1.50, 0.256848, 0.032243, 0.710909, Iris-virginica
6.90, 3.20, 5.70, 2.30, 0.970515, 0.003822, 0.025663, Iris-virginica
5.60, 2.80, 4.90, 2.00, 0.259128, 0.033669, 0.707204, Iris-virginica
7.70, 2.80, 6.70, 2.00, 0.783229, 0.041974, 0.174798, Iris-virginica
6.30, 2.70, 4.90, 1.80, 0.380882, 0.022817, 0.596301, Iris-virginica
6.70, 3.30, 5.70, 2.10, 0.975346, 0.002912, 0.021741, Iris-virginica
7.20, 3.20, 6.00, 1.80, 0.911974, 0.012900, 0.075127, Iris-virginica
6.20, 2.80, 4.80, 1.80, 0.270733, 0.020981, 0.708287, Iris-virginica
6.10, 3.00, 4.90, 1.80, 0.329463, 0.023094, 0.647443, Iris-virginica
6.40, 2.80, 5.60, 2.10, 0.908470, 0.008374, 0.083156, Iris-virginica
7.20, 3.00, 5.80, 1.60, 0.890796, 0.014448, 0.094756, Iris-virginica
7.40, 2.80, 6.10, 1.90, 0.872803, 0.019785, 0.107412, Iris-virginica
7.90, 3.80, 6.40, 2.00, 0.760144, 0.050880, 0.188976, Iris-virginica
6.40, 2.80, 5.60, 2.20, 0.906050, 0.008972, 0.084978, Iris-virginica
6.30, 2.80, 5.10, 1.50, 0.435836, 0.023410, 0.540754, Iris-virginica
6.10, 2.60, 5.60, 1.40, 0.575745, 0.031229, 0.393026, Iris-virginica
7.70, 3.00, 6.10, 2.30, 0.839613, 0.028654, 0.131734, Iris-virginica
6.30, 3.40, 5.60, 2.40, 0.853966, 0.017234, 0.128800, Iris-virginica
6.40, 3.10, 5.50, 1.80, 0.879886, 0.009803, 0.110312, Iris-virginica
6.00, 3.00, 4.80, 1.80, 0.227939, 0.021719, 0.750342, Iris-virginica
6.90, 3.10, 5.40, 2.10, 0.967497, 0.003494, 0.029009, Iris-virginica
6.70, 3.10, 5.60, 2.40, 0.957230, 0.005078, 0.037692, Iris-virginica
6.90, 3.10, 5.10, 2.30, 0.854955, 0.015416, 0.129629, Iris-virginica
5.80, 2.70, 5.10, 1.90, 0.354729, 0.029325, 0.615946, Iris-virginica
6.80, 3.20, 5.90, 2.30, 0.961069, 0.005242, 0.033689, Iris-virginica
6.70, 3.30, 5.70, 2.50, 0.927123, 0.009698, 0.063179, Iris-virginica
6.70, 3.00, 5.20, 2.30, 0.882166, 0.011279, 0.106555, Iris-virginica
6.30, 2.50, 5.00, 1.90, 0.466193, 0.025830, 0.507977, Iris-virginica
6.50, 3.00, 5.20, 2.00, 0.831085, 0.012137, 0.156778, Iris-virginica
6.20, 3.40, 5.40, 2.30, 0.789171, 0.021595, 0.189234, Iris-virginica
5.90, 3.00, 5.10, 1.80, 0.390821, 0.026935, 0.582245, Iris-virginica
