% Title: Title
%
% Centers:
% 	5.889138 2.761213 4.364160 1.397397 
% 	6.775031 3.052406 5.646807 2.053569 
% 	5.003561 3.403039 1.484997 0.251539 
%

@RELATION

@ATTRIBUTE Attribute0 	 REAL
@ATTRIBUTE Attribute1 	 REAL
@ATTRIBUTE Attribute2 	 REAL
@ATTRIBUTE Attribute3 	 REAL
@ATTRIBUTE MU 	 FUZZY {Zhluk0, Zhluk1, Zhluk2}
@ATTRIBUTE class 	 {Iris-setosa, Iris-versicolor, Iris-virginica}

@DATA
5.10, 3.50, 1.40, 0.20, 0.002501, 0.001163, 0.996336, Iris-setosa
4.90, 3.00, 1.40, 0.20, 0.015889, 0.007156, 0.976955, Iris-setosa
4.70, 3.20, 1.30, 0.20, 0.013428, 0.006261, 0.980311, Iris-setosa
4.60, 3.10, 1.50, 0.20, 0.021853, 0.009833, 0.968314, Iris-setosa
5.00, 3.60, 1.40, 0.20, 0.004131, 0.001942, 0.993927, Iris-setosa
5.40, 3.90, 1.70, 0.40, 0.045783, 0.021072, 0.933145, Iris-setosa
4.60, 3.40, 1.40, 0.30, 0.014005, 0.006506, 0.979488, Iris-setosa
5.00, 3.40, 1.50, 0.20, 0.000268, 0.000121, 0.999611, Iris-setosa
4.40, 2.90, 1.40, 0.20, 0.046907, 0.021533, 0.931560, Iris-setosa
4.90, 3.10, 1.50, 0.10, 0.011266, 0.005043, 0.983691, Iris-setosa
5.40, 3.70, 1.50, 0.20, 0.022319, 0.010466, 0.967216, Iris-setosa
4.80, 3.40, 1.60, 0.20, 0.005332, 0.002387, 0.992281, Iris-setosa
4.80, 3.00, 1.40, 0.10, 0.019420, 0.008832, 0.971748, Iris-setosa
4.30, 3.00, 1.10, 0.10, 0.051301, 0.024999, 0.923701, Iris-setosa
5.80, 4.00, 1.20, 0.20, 0.073502, 0.038098, 0.888400, Iris-setosa
5.70, 4.40, 1.50, 0.40, 0.105706, 0.055016, 0.839278, Iris-setosa
5.40, 3.90, 1.30, 0.40, 0.036521, 0.017960, 0.945519, Iris-setosa
5.10, 3.50, 1.40, 0.30, 0.002524, 0.001168, 0.996307, Iris-setosa
5.70, 3.80, 1.70, 0.30, 0.066285, 0.030648, 0.903067, Iris-setosa
5.10, 3.80, 1.50, 0.30, 0.014919, 0.007012, 0.978069, Iris-setosa
5.40, 3.40, 1.70, 0.20, 0.021748, 0.009495, 0.968757, Iris-setosa
5.10, 3.70, 1.50, 0.40, 0.011010, 0.005089, 0.983902, Iris-setosa
4.60, 3.60, 1.00, 0.20, 0.027859, 0.014010, 0.958130, Iris-setosa
5.10, 3.30, 1.70, 0.50, 0.014212, 0.006007, 0.979781, Iris-setosa
4.80, 3.40, 1.90, 0.20, 0.022995, 0.009735, 0.967270, Iris-setosa
5.00, 3.00, 1.60, 0.20, 0.017523, 0.007571, 0.974906, Iris-setosa
5.00, 3.40, 1.60, 0.40, 0.003570, 0.001569, 0.994861, Iris-setosa
5.20, 3.50, 1.50, 0.20, 0.004740, 0.002167, 0.993093, Iris-setosa
5.20, 3.40, 1.40, 0.20, 0.004339, 0.002001, 0.993660, Iris-setosa
4.70, 3.20, 1.60, 0.20, 0.013698, 0.006061, 0.980241, Iris-setosa
4.80, 3.10, 1.60, 0.20, 0.014085, 0.006162, 0.979753, Iris-setosa
5.40, 3.40, 1.50, 0.40, 0.017757, 0.007968, 0.974275, Iris-setosa
5.20, 4.10, 1.50, 0.10, 0.042210, 0.020862, 0.936928, Iris-setosa
5.50, 4.20, 1.40, 0.20, 0.064661, 0.032952, 0.902387, Iris-setosa
4.90, 3.10, 1.50, 0.10, 0.011266, 0.005043, 0.983691, Iris-setosa
5.00, 3.20, 1.20, 0.20, 0.009920, 0.004673, 0.985407, Iris-setosa
5.50, 3.50, 1.30, 0.20, 0.024492, 0.011680, 0.963828, Iris-setosa
4.90, 3.10, 1.50, 0.10, 0.011266, 0.005043, 0.983691, Iris-setosa
4.40, 3.00, 1.30, 0.20, 0.040476, 0.018951, 0.940573, Iris-setosa
5.10, 3.40, 1.50, 0.20, 0.001141, 0.000517, 0.998342, Iris-setosa
5.00, 3.50, 1.30, 0.30, 0.003833, 0.001806, 0.994361, Iris-setosa
4.50, 2.30, 1.30, 0.30, 0.100895, 0.046370, 0.852735, Iris-setosa
4.40, 3.20, 1.30, 0.20, 0.031863, 0.015063, 0.953074, Iris-setosa
5.00, 3.50, 1.60, 0.60, 0.014671, 0.006457, 0.978872, Iris-setosa
5.10, 3.80, 1.90, 0.40, 0.038888, 0.016934, 0.944178, Iris-setosa
4.80, 3.00, 1.40, 0.30, 0.018492, 0.008305, 0.973203, Iris-setosa
5.10, 3.80, 1.60, 0.20, 0.016549, 0.007695, 0.975756, Iris-setosa
4.60, 3.20, 1.40, 0.20, 0.017274, 0.007954, 0.974772, Iris-setosa
5.30, 3.70, 1.50, 0.20, 0.016081, 0.007523, 0.976397, Iris-setosa
5.00, 3.30, 1.40, 0.20, 0.001810, 0.000829, 0.997361, Iris-setosa
7.00, 3.20, 4.70, 1.40, 0.454335, 0.501065, 0.044600, Iris-versicolor
6.40, 3.20, 4.50, 1.50, 0.764124, 0.206705, 0.029171, Iris-versicolor
6.90, 3.10, 4.90, 1.50, 0.368836, 0.599876, 0.031288, Iris-versicolor
5.50, 2.30, 4.00, 1.30, 0.869966, 0.080486, 0.049547, Iris-versicolor
6.50, 2.80, 4.60, 1.50, 0.758833, 0.217039, 0.024129, Iris-versicolor
5.70, 2.80, 4.50, 1.30, 0.973776, 0.020471, 0.005753, Iris-versicolor
6.30, 3.30, 4.70, 1.60, 0.673117, 0.297082, 0.029801, Iris-versicolor
4.90, 2.40, 3.30, 1.00, 0.581492, 0.132127, 0.286381, Iris-versicolor
6.60, 2.90, 4.60, 1.30, 0.721106, 0.247634, 0.031260, Iris-versicolor
5.20, 2.70, 3.90, 1.40, 0.830278, 0.094731, 0.074991, Iris-versicolor
5.00, 2.00, 3.50, 1.00, 0.635648, 0.144922, 0.219430, Iris-versicolor
5.90, 3.00, 4.20, 1.50, 0.962069, 0.028733, 0.009198, Iris-versicolor
6.00, 2.20, 4.00, 1.00, 0.843018, 0.101140, 0.055841, Iris-versicolor
6.10, 2.90, 4.70, 1.40, 0.899737, 0.088146, 0.012117, Iris-versicolor
5.60, 2.90, 3.60, 1.30, 0.815902, 0.092202, 0.091896, Iris-versicolor
6.70, 3.10, 4.40, 1.40, 0.689950, 0.268304, 0.041746, Iris-versicolor
5.60, 3.00, 4.50, 1.50, 0.933154, 0.052673, 0.014173, Iris-versicolor
5.80, 2.70, 4.10, 1.00, 0.925616, 0.048403, 0.025981, Iris-versicolor
6.20, 2.20, 4.50, 1.50, 0.835380, 0.137411, 0.027208, Iris-versicolor
5.60, 2.50, 3.90, 1.10, 0.877426, 0.070810, 0.051765, Iris-versicolor
5.90, 3.20, 4.80, 1.80, 0.721725, 0.250648, 0.027626, Iris-versicolor
6.10, 2.80, 4.00, 1.30, 0.934217, 0.046243, 0.019540, Iris-versicolor
6.30, 2.50, 4.90, 1.50, 0.705502, 0.270493, 0.024004, Iris-versicolor
6.10, 2.80, 4.70, 1.20, 0.902791, 0.083263, 0.013946, Iris-versicolor
6.40, 2.90, 4.30, 1.30, 0.875944, 0.101128, 0.022928, Iris-versicolor
6.60, 3.00, 4.40, 1.40, 0.754854, 0.211180, 0.033966, Iris-versicolor
6.80, 2.80, 4.80, 1.40, 0.523746, 0.442613, 0.033641, Iris-versicolor
6.70, 3.00, 5.00, 1.70, 0.306412, 0.672386, 0.021203, Iris-versicolor
6.00, 2.90, 4.50, 1.50, 0.968933, 0.026134, 0.004933, Iris-versicolor
5.70, 2.60, 3.50, 1.00, 0.766538, 0.104644, 0.128817, Iris-versicolor
5.50, 2.40, 3.80, 1.10, 0.831955, 0.089914, 0.078131, Iris-versicolor
5.50, 2.40, 3.70, 1.00, 0.795028, 0.100747, 0.104225, Iris-versicolor
5.80, 2.70, 3.90, 1.20, 0.918568, 0.050342, 0.031090, Iris-versicolor
6.00, 2.70, 5.10, 1.60, 0.656387, 0.319615, 0.023998, Iris-versicolor
5.40, 3.00, 4.50, 1.50, 0.891112, 0.082464, 0.026424, Iris-versicolor
6.00, 3.40, 4.50, 1.60, 0.797226, 0.170629, 0.032145, Iris-versicolor
6.70, 3.10, 4.70, 1.50, 0.555524, 0.411003, 0.033473, Iris-versicolor
6.30, 2.30, 4.40, 1.30, 0.857608, 0.115463, 0.026929, Iris-versicolor
5.60, 3.00, 4.10, 1.30, 0.928837, 0.047013, 0.024150, Iris-versicolor
5.50, 2.50, 4.00, 1.30, 0.899248, 0.062426, 0.038326, Iris-versicolor
5.50, 2.60, 4.40, 1.20, 0.931040, 0.049264, 0.019695, Iris-versicolor
6.10, 3.00, 4.60, 1.40, 0.915744, 0.072638, 0.011618, Iris-versicolor
5.80, 2.60, 4.00, 1.20, 0.935567, 0.041829, 0.022604, Iris-versicolor
5.00, 2.30, 3.30, 1.00, 0.597300, 0.132565, 0.270135, Iris-versicolor
5.60, 2.70, 4.20, 1.30, 0.958788, 0.028482, 0.012730, Iris-versicolor
5.70, 3.00, 4.20, 1.20, 0.945482, 0.037696, 0.016822, Iris-versicolor
5.70, 2.90, 4.20, 1.30, 0.967356, 0.023038, 0.009606, Iris-versicolor
6.20, 2.90, 4.30, 1.30, 0.943895, 0.044689, 0.011416, Iris-versicolor
5.10, 2.50, 3.00, 1.10, 0.518934, 0.124268, 0.356798, Iris-versicolor
5.70, 2.80, 4.10, 1.30, 0.960489, 0.026774, 0.012736, Iris-versicolor
6.30, 3.30, 6.00, 2.50, 0.120754, 0.859881, 0.019365, Iris-virginica
5.80, 2.70, 5.10, 1.90, 0.615618, 0.355052, 0.029330, Iris-virginica
7.10, 3.00, 5.90, 2.10, 0.038155, 0.955767, 0.006079, Iris-virginica
6.30, 2.90, 5.60, 1.80, 0.141975, 0.845489, 0.012536, Iris-virginica
6.50, 3.00, 5.80, 2.20, 0.037645, 0.957597, 0.004757, Iris-virginica
7.60, 3.00, 6.60, 2.10, 0.152684, 0.811841, 0.035476, Iris-virginica
4.90, 2.50, 4.50, 1.70, 0.759803, 0.167052, 0.073145, Iris-virginica
7.30, 2.90, 6.30, 1.80, 0.115150, 0.862938, 0.021912, Iris-virginica
6.70, 2.50, 5.80, 1.80, 0.117362, 0.868629, 0.014009, Iris-virginica
7.20, 3.60, 6.10, 2.50, 0.114601, 0.860982, 0.024417, Iris-virginica
6.50, 3.20, 5.10, 2.00, 0.209935, 0.773294, 0.016771, Iris-virginica
6.40, 2.70, 5.30, 1.90, 0.223183, 0.761046, 0.015772, Iris-virginica
6.80, 3.00, 5.50, 2.10, 0.010020, 0.988813, 0.001167, Iris-virginica
5.70, 2.50, 5.00, 2.00, 0.659954, 0.305633, 0.034414, Iris-virginica
5.80, 2.80, 5.10, 2.40, 0.461014, 0.500583, 0.038403, Iris-virginica
6.40, 3.20, 5.30, 2.30, 0.136090, 0.849841, 0.014068, Iris-virginica
6.50, 3.00, 5.50, 1.80, 0.079637, 0.913196, 0.007166, Iris-virginica
7.70, 3.80, 6.70, 2.20, 0.185833, 0.763580, 0.050587, Iris-virginica
7.70, 2.60, 6.90, 2.30, 0.193262, 0.757526, 0.049212, Iris-virginica
6.00, 2.20, 5.00, 1.50, 0.710697, 0.257052, 0.032251, Iris-virginica
6.90, 3.20, 5.70, 2.30, 0.025700, 0.970471, 0.003829, Iris-virginica
5.60, 2.80, 4.90, 2.00, 0.706975, 0.259348, 0.033677, Iris-virginica
7.70, 2.80, 6.70, 2.00, 0.174838, 0.783167, 0.041995, Iris-virginica
6.30, 2.70, 4.90, 1.80, 0.595847, 0.381330, 0.022823, Iris-virginica
6.70, 3.30, 5.70, 2.10, 0.021745, 0.975341, 0.002914, Iris-virginica
7.20, 3.20, 6.00, 1.80, 0.075177, 0.911910, 0.012913, Iris-virginica
6.20, 2.80, 4.80, 1.80, 0.707874, 0.271132, 0.020994, Iris-virginica
6.10, 3.00, 4.90, 1.80, 0.647007, 0.329889, 0.023103, Iris-virginica
6.40, 2.80, 5.60, 2.10, 0.083018, 0.908618, 0.008365, Iris-virginica
7.20, 3.00, 5.80, 1.60, 0.094765, 0.890779, 0.014456, Iris-virginica
7.40, 2.80, 6.10, 1.90, 0.107459, 0.872742, 0.019800, Iris-virginica
7.90, 3.80, 6.40, 2.00, 0.189011, 0.760087, 0.050902, Iris-virginica
6.40, 2.80, 5.60, 2.20, 0.084856, 0.906180, 0.008964, Iris-virginica
6.30, 2.80, 5.10, 1.50, 0.540306, 0.436281, 0.023412, Iris-virginica
6.10, 2.60, 5.60, 1.40, 0.392766, 0.576010, 0.031225, Iris-virginica
7.70, 3.00, 6.10, 2.30, 0.131785, 0.839542, 0.028674, Iris-virginica
6.30, 3.40, 5.60, 2.40, 0.128715, 0.854055, 0.017230, Iris-virginica
6.40, 3.10, 5.50, 1.80, 0.110097, 0.880114, 0.009790, Iris-virginica
6.00, 3.00, 4.80, 1.80, 0.749991, 0.228275, 0.021734, Iris-virginica
6.90, 3.10, 5.40, 2.10, 0.028967, 0.967542, 0.003491, Iris-virginica
6.70, 3.10, 5.60, 2.40, 0.037682, 0.957239, 0.005079, Iris-virginica
6.90, 3.10, 5.10, 2.30, 0.129505, 0.855087, 0.015408, Iris-virginica
5.80, 2.70, 5.10, 1.90, 0.615618, 0.355052, 0.029330, Iris-virginica
6.80, 3.20, 5.90, 2.30, 0.033736, 0.961013, 0.005251, Iris-virginica
6.70, 3.30, 5.70, 2.50, 0.063187, 0.927110, 0.009703, Iris-virginica
6.70, 3.00, 5.20, 2.30, 0.106402, 0.882329, 0.011269, Iris-virginica
6.30, 2.50, 5.00, 1.90, 0.507580, 0.466591, 0.025830, Iris-virginica
6.50, 3.00, 5.20, 2.00, 0.156466, 0.831413, 0.012121, Iris-virginica
6.20, 3.40, 5.40, 2.30, 0.189062, 0.789352, 0.021586, Iris-virginica
5.90, 3.00, 5.10, 1.80, 0.581854, 0.391207, 0.026939, Iris-virginica
