% Title: Title
%
% Centers:
% 	6.775199 3.052456 5.647021 2.053654 
% 	5.889290 2.761268 4.364379 1.397508 
% 	5.003562 3.403031 1.485009 0.251544 
%

@RELATION

@ATTRIBUTE Attribute0 	 REAL
@ATTRIBUTE Attribute1 	 REAL
@ATTRIBUTE Attribute2 	 REAL
@ATTRIBUTE Attribute3 	 REAL
@ATTRIBUTE MU 	 FUZZY {Zhluk0, Zhluk1, Zhluk2}
@ATTRIBUTE class 	 {Iris-setosa, Iris-versicolor, Iris-virginica}

@DATA
5.10, 3.50, 1.40, 0.20, 0.001164, 0.002501, 0.996336, Iris-setosa
4.90, 3.00, 1.40, 0.20, 0.007155, 0.015884, 0.976961, Iris-setosa
4.70, 3.20, 1.30, 0.20, 0.006260, 0.013425, 0.980314, Iris-setosa
4.60, 3.10, 1.50, 0.20, 0.009832, 0.021847, 0.968322, Iris-setosa
5.00, 3.60, 1.40, 0.20, 0.001942, 0.004131, 0.993927, Iris-setosa
5.40, 3.90, 1.70, 0.40, 0.021068, 0.045774, 0.933158, Iris-setosa
4.60, 3.40, 1.40, 0.30, 0.006505, 0.014002, 0.979492, Iris-setosa
5.00, 3.40, 1.50, 0.20, 0.000121, 0.000268, 0.999611, Iris-setosa
4.40, 2.90, 1.40, 0.20, 0.021530, 0.046895, 0.931575, Iris-setosa
4.90, 3.10, 1.50, 0.10, 0.005042, 0.011263, 0.983696, Iris-setosa
5.40, 3.70, 1.50, 0.20, 0.010464, 0.022314, 0.967221, Iris-setosa
4.80, 3.40, 1.60, 0.20, 0.002386, 0.005331, 0.992283, Iris-setosa
4.80, 3.00, 1.40, 0.10, 0.008830, 0.019415, 0.971755, Iris-setosa
4.30, 3.00, 1.10, 0.10, 0.024996, 0.051290, 0.923714, Iris-setosa
5.80, 4.00, 1.20, 0.20, 0.038094, 0.073491, 0.888415, Iris-setosa
5.70, 4.40, 1.50, 0.40, 0.055010, 0.105691, 0.839299, Iris-setosa
5.40, 3.90, 1.30, 0.40, 0.017959, 0.036515, 0.945527, Iris-setosa
5.10, 3.50, 1.40, 0.30, 0.001168, 0.002524, 0.996308, Iris-setosa
5.70, 3.80, 1.70, 0.30, 0.030643, 0.066272, 0.903085, Iris-setosa
5.10, 3.80, 1.50, 0.30, 0.007012, 0.014916, 0.978072, Iris-setosa
5.40, 3.40, 1.70, 0.20, 0.009493, 0.021742, 0.968765, Iris-setosa
5.10, 3.70, 1.50, 0.40, 0.005088, 0.011007, 0.983905, Iris-setosa
4.60, 3.60, 1.00, 0.20, 0.014009, 0.027855, 0.958136, Iris-setosa
5.10, 3.30, 1.70, 0.50, 0.006005, 0.014207, 0.979788, Iris-setosa
4.80, 3.40, 1.90, 0.20, 0.009733, 0.022987, 0.967280, Iris-setosa
5.00, 3.00, 1.60, 0.20, 0.007569, 0.017517, 0.974914, Iris-setosa
5.00, 3.40, 1.60, 0.40, 0.001568, 0.003568, 0.994864, Iris-setosa
5.20, 3.50, 1.50, 0.20, 0.002167, 0.004739, 0.993094, Iris-setosa
5.20, 3.40, 1.40, 0.20, 0.002001, 0.004338, 0.993661, Iris-setosa
4.70, 3.20, 1.60, 0.20, 0.006060, 0.013694, 0.980246, Iris-setosa
4.80, 3.10, 1.60, 0.20, 0.006161, 0.014080, 0.979759, Iris-setosa
5.40, 3.40, 1.50, 0.40, 0.007966, 0.017752, 0.974281, Iris-setosa
5.20, 4.10, 1.50, 0.10, 0.020860, 0.042203, 0.936937, Iris-setosa
5.50, 4.20, 1.40, 0.20, 0.032948, 0.064651, 0.902401, Iris-setosa
4.90, 3.10, 1.50, 0.10, 0.005042, 0.011263, 0.983696, Iris-setosa
5.00, 3.20, 1.20, 0.20, 0.004673, 0.009918, 0.985409, Iris-setosa
5.50, 3.50, 1.30, 0.20, 0.011679, 0.024488, 0.963833, Iris-setosa
4.90, 3.10, 1.50, 0.10, 0.005042, 0.011263, 0.983696, Iris-setosa
4.40, 3.00, 1.30, 0.20, 0.018948, 0.040466, 0.940586, Iris-setosa
5.10, 3.40, 1.50, 0.20, 0.000517, 0.001141, 0.998343, Iris-setosa
5.00, 3.50, 1.30, 0.30, 0.001806, 0.003833, 0.994361, Iris-setosa
4.50, 2.30, 1.30, 0.30, 0.046363, 0.100871, 0.852765, Iris-setosa
4.40, 3.20, 1.30, 0.20, 0.015060, 0.031856, 0.953083, Iris-setosa
5.00, 3.50, 1.60, 0.60, 0.006456, 0.014666, 0.978878, Iris-setosa
5.10, 3.80, 1.90, 0.40, 0.016930, 0.038878, 0.944192, Iris-setosa
4.80, 3.00, 1.40, 0.30, 0.008303, 0.018487, 0.973210, Iris-setosa
5.10, 3.80, 1.60, 0.20, 0.007694, 0.016546, 0.975761, Iris-setosa
4.60, 3.20, 1.40, 0.20, 0.007952, 0.017270, 0.974778, Iris-setosa
5.30, 3.70, 1.50, 0.20, 0.007522, 0.016078, 0.976401, Iris-setosa
5.00, 3.30, 1.40, 0.20, 0.000829, 0.001810, 0.997361, Iris-setosa
7.00, 3.20, 4.70, 1.40, 0.500822, 0.454579, 0.044599, Iris-versicolor
6.40, 3.20, 4.50, 1.50, 0.206458, 0.764388, 0.029153, Iris-versicolor
6.90, 3.10, 4.90, 1.50, 0.599576, 0.369132, 0.031292, Iris-versicolor
5.50, 2.30, 4.00, 1.30, 0.080537, 0.869866, 0.049597, Iris-versicolor
6.50, 2.80, 4.60, 1.50, 0.216740, 0.759149, 0.024111, Iris-versicolor
5.70, 2.80, 4.50, 1.30, 0.020470, 0.973775, 0.005756, Iris-versicolor
6.30, 3.30, 4.70, 1.60, 0.296746, 0.673467, 0.029788, Iris-versicolor
4.90, 2.40, 3.30, 1.00, 0.132141, 0.581364, 0.286495, Iris-versicolor
6.60, 2.90, 4.60, 1.30, 0.247375, 0.721379, 0.031246, Iris-versicolor
5.20, 2.70, 3.90, 1.40, 0.094777, 0.830168, 0.075056, Iris-versicolor
5.00, 2.00, 3.50, 1.00, 0.144941, 0.635537, 0.219522, Iris-versicolor
5.90, 3.00, 4.20, 1.50, 0.028728, 0.962071, 0.009201, Iris-versicolor
6.00, 2.20, 4.00, 1.00, 0.101168, 0.842954, 0.055878, Iris-versicolor
6.10, 2.90, 4.70, 1.40, 0.087932, 0.899972, 0.012095, Iris-versicolor
5.60, 2.90, 3.60, 1.30, 0.092247, 0.815780, 0.091974, Iris-versicolor
6.70, 3.10, 4.40, 1.40, 0.268089, 0.690178, 0.041733, Iris-versicolor
5.60, 3.00, 4.50, 1.50, 0.052640, 0.933189, 0.014171, Iris-versicolor
5.80, 2.70, 4.10, 1.00, 0.048455, 0.925525, 0.026020, Iris-versicolor
6.20, 2.20, 4.50, 1.50, 0.137306, 0.835493, 0.027201, Iris-versicolor
5.60, 2.50, 3.90, 1.10, 0.070870, 0.877302, 0.051828, Iris-versicolor
5.90, 3.20, 4.80, 1.80, 0.250351, 0.722037, 0.027612, Iris-versicolor
6.10, 2.80, 4.00, 1.30, 0.046264, 0.934178, 0.019558, Iris-versicolor
6.30, 2.50, 4.90, 1.50, 0.270159, 0.705850, 0.023991, Iris-versicolor
6.10, 2.80, 4.70, 1.20, 0.083116, 0.902955, 0.013929, Iris-versicolor
6.40, 2.90, 4.30, 1.30, 0.101022, 0.876061, 0.022916, Iris-versicolor
6.60, 3.00, 4.40, 1.40, 0.210974, 0.755076, 0.033951, Iris-versicolor
6.80, 2.80, 4.80, 1.40, 0.442289, 0.524073, 0.033637, Iris-versicolor
6.70, 3.00, 5.00, 1.70, 0.671996, 0.306792, 0.021212, Iris-versicolor
6.00, 2.90, 4.50, 1.50, 0.026032, 0.969052, 0.004917, Iris-versicolor
5.70, 2.60, 3.50, 1.00, 0.104686, 0.766402, 0.128912, Iris-versicolor
5.50, 2.40, 3.80, 1.10, 0.089968, 0.831827, 0.078205, Iris-versicolor
5.50, 2.40, 3.70, 1.00, 0.100795, 0.794894, 0.104311, Iris-versicolor
5.80, 2.70, 3.90, 1.20, 0.050401, 0.918460, 0.031139, Iris-versicolor
6.00, 2.70, 5.10, 1.60, 0.319236, 0.656777, 0.023987, Iris-versicolor
5.40, 3.00, 4.50, 1.50, 0.082445, 0.891124, 0.026431, Iris-versicolor
6.00, 3.40, 4.50, 1.60, 0.170459, 0.797410, 0.032130, Iris-versicolor
6.70, 3.10, 4.70, 1.50, 0.410660, 0.555872, 0.033467, Iris-versicolor
6.30, 2.30, 4.40, 1.30, 0.115388, 0.857688, 0.026924, Iris-versicolor
5.60, 3.00, 4.10, 1.30, 0.047058, 0.928759, 0.024183, Iris-versicolor
5.50, 2.50, 4.00, 1.30, 0.062485, 0.899137, 0.038378, Iris-versicolor
5.50, 2.60, 4.40, 1.20, 0.049301, 0.930981, 0.019719, Iris-versicolor
6.10, 3.00, 4.60, 1.40, 0.072466, 0.915937, 0.011597, Iris-versicolor
5.80, 2.60, 4.00, 1.20, 0.041888, 0.935467, 0.022645, Iris-versicolor
5.00, 2.30, 3.30, 1.00, 0.132582, 0.597171, 0.270247, Iris-versicolor
5.60, 2.70, 4.20, 1.30, 0.028537, 0.958703, 0.012760, Iris-versicolor
5.70, 3.00, 4.20, 1.20, 0.037733, 0.945421, 0.016846, Iris-versicolor
5.70, 2.90, 4.20, 1.30, 0.023081, 0.967291, 0.009628, Iris-versicolor
6.20, 2.90, 4.30, 1.30, 0.044636, 0.943957, 0.011408, Iris-versicolor
5.10, 2.50, 3.00, 1.10, 0.124275, 0.518805, 0.356920, Iris-versicolor
5.70, 2.80, 4.10, 1.30, 0.026830, 0.960401, 0.012769, Iris-versicolor
6.30, 3.30, 6.00, 2.50, 0.859866, 0.120774, 0.019360, Iris-virginica
5.80, 2.70, 5.10, 1.90, 0.354729, 0.615948, 0.029323, Iris-virginica
7.10, 3.00, 5.90, 2.10, 0.955830, 0.038103, 0.006068, Iris-virginica
6.30, 2.90, 5.60, 1.80, 0.845263, 0.142190, 0.012547, Iris-virginica
6.50, 3.00, 5.80, 2.20, 0.957576, 0.037666, 0.004757, Iris-virginica
7.60, 3.00, 6.60, 2.10, 0.811899, 0.152645, 0.035456, Iris-virginica
4.90, 2.50, 4.50, 1.70, 0.167040, 0.759793, 0.073167, Iris-virginica
7.30, 2.90, 6.30, 1.80, 0.862989, 0.115114, 0.021897, Iris-virginica
6.70, 2.50, 5.80, 1.80, 0.868552, 0.117437, 0.014011, Iris-virginica
7.20, 3.60, 6.10, 2.50, 0.861041, 0.114559, 0.024399, Iris-virginica
6.50, 3.20, 5.10, 2.00, 0.772962, 0.210254, 0.016784, Iris-virginica
6.40, 2.70, 5.30, 1.90, 0.760692, 0.223524, 0.015784, Iris-virginica
6.80, 3.00, 5.50, 2.10, 0.988776, 0.010054, 0.001170, Iris-virginica
5.70, 2.50, 5.00, 2.00, 0.305397, 0.660197, 0.034407, Iris-virginica
5.80, 2.80, 5.10, 2.40, 0.500325, 0.461271, 0.038404, Iris-virginica
6.40, 3.20, 5.30, 2.30, 0.849652, 0.136270, 0.014078, Iris-virginica
6.50, 3.00, 5.50, 1.80, 0.913000, 0.079822, 0.007178, Iris-virginica
7.70, 3.80, 6.70, 2.20, 0.763630, 0.185804, 0.050565, Iris-virginica
7.70, 2.60, 6.90, 2.30, 0.757571, 0.193237, 0.049192, Iris-virginica
6.00, 2.20, 5.00, 1.50, 0.256846, 0.710912, 0.032242, Iris-virginica
6.90, 3.20, 5.70, 2.30, 0.970511, 0.025667, 0.003822, Iris-virginica
5.60, 2.80, 4.90, 2.00, 0.259130, 0.707202, 0.033667, Iris-virginica
7.70, 2.80, 6.70, 2.00, 0.783216, 0.174809, 0.041975, Iris-virginica
6.30, 2.70, 4.90, 1.80, 0.380870, 0.596315, 0.022815, Iris-virginica
6.70, 3.30, 5.70, 2.10, 0.975345, 0.021742, 0.002912, Iris-virginica
7.20, 3.20, 6.00, 1.80, 0.911962, 0.075137, 0.012901, Iris-virginica
6.20, 2.80, 4.80, 1.80, 0.270718, 0.708303, 0.020979, Iris-virginica
6.10, 3.00, 4.90, 1.80, 0.329452, 0.647456, 0.023092, Iris-virginica
6.40, 2.80, 5.60, 2.10, 0.908476, 0.083150, 0.008373, Iris-virginica
7.20, 3.00, 5.80, 1.60, 0.890784, 0.094767, 0.014449, Iris-virginica
7.40, 2.80, 6.10, 1.90, 0.872790, 0.107424, 0.019786, Iris-virginica
7.90, 3.80, 6.40, 2.00, 0.760132, 0.188987, 0.050881, Iris-virginica
6.40, 2.80, 5.60, 2.20, 0.906055, 0.084974, 0.008971, Iris-virginica
6.30, 2.80, 5.10, 1.50, 0.435823, 0.540769, 0.023408, Iris-virginica
6.10, 2.60, 5.60, 1.40, 0.575742, 0.393030, 0.031228, Iris-virginica
7.70, 3.00, 6.10, 2.30, 0.839600, 0.131745, 0.028655, Iris-virginica
6.30, 3.40, 5.60, 2.40, 0.853968, 0.128799, 0.017233, Iris-virginica
6.40, 3.10, 5.50, 1.80, 0.879891, 0.110307, 0.009802, Iris-virginica
6.00, 3.00, 4.80, 1.80, 0.227928, 0.750355, 0.021717, Iris-virginica
6.90, 3.10, 5.40, 2.10, 0.967496, 0.029010, 0.003494, Iris-virginica
6.70, 3.10, 5.60, 2.40, 0.957230, 0.037692, 0.005078, Iris-virginica
6.90, 3.10, 5.10, 2.30, 0.854954, 0.129631, 0.015415, Iris-virginica
5.80, 2.70, 5.10, 1.90, 0.354729, 0.615948, 0.029323, Iris-virginica
6.80, 3.20, 5.90, 2.30, 0.961065, 0.033693, 0.005242, Iris-virginica
6.70, 3.30, 5.70, 2.50, 0.927121, 0.063181, 0.009698, Iris-virginica
6.70, 3.00, 5.20, 2.30, 0.882169, 0.106553, 0.011278, Iris-virginica
6.30, 2.50, 5.00, 1.90, 0.466188, 0.507984, 0.025828, Iris-virginica
6.50, 3.00, 5.20, 2.00, 0.831092, 0.156772, 0.012136, Iris-virginica
6.20, 3.40, 5.40, 2.30, 0.789176, 0.189231, 0.021594, Iris-virginica
5.90, 3.00, 5.10, 1.80, 0.390817, 0.582250, 0.026933, Iris-virginica
