% Title: Title
%
% Centers:
% 	5.889236 2.761249 4.364290 1.397459 
% 	5.003561 3.403033 1.485005 0.251543 
% 	6.775100 3.052429 5.646906 2.053614 
%

@RELATION

@ATTRIBUTE Attribute0 	 REAL
@ATTRIBUTE Attribute1 	 REAL
@ATTRIBUTE Attribute2 	 REAL
@ATTRIBUTE Attribute3 	 REAL
@ATTRIBUTE MU 	 FUZZY {Zhluk0, Zhluk1, Zhluk2}
@ATTRIBUTE class 	 {Iris-setosa, Iris-versicolor, Iris-virginica}

@DATA
5.10, 3.50, 1.40, 0.20, 0.002501, 0.996336, 0.001164, Iris-setosa
4.90, 3.00, 1.40, 0.20, 0.015886, 0.976959, 0.007156, Iris-setosa
4.70, 3.20, 1.30, 0.20, 0.013426, 0.980313, 0.006261, Iris-setosa
4.60, 3.10, 1.50, 0.20, 0.021848, 0.968319, 0.009833, Iris-setosa
5.00, 3.60, 1.40, 0.20, 0.004131, 0.993927, 0.001942, Iris-setosa
5.40, 3.90, 1.70, 0.40, 0.045777, 0.933152, 0.021071, Iris-setosa
4.60, 3.40, 1.40, 0.30, 0.014003, 0.979491, 0.006506, Iris-setosa
5.00, 3.40, 1.50, 0.20, 0.000268, 0.999611, 0.000121, Iris-setosa
4.40, 2.90, 1.40, 0.20, 0.046899, 0.931569, 0.021532, Iris-setosa
4.90, 3.10, 1.50, 0.10, 0.011264, 0.983694, 0.005042, Iris-setosa
5.40, 3.70, 1.50, 0.20, 0.022316, 0.967219, 0.010465, Iris-setosa
4.80, 3.40, 1.60, 0.20, 0.005331, 0.992282, 0.002387, Iris-setosa
4.80, 3.00, 1.40, 0.10, 0.019416, 0.971753, 0.008831, Iris-setosa
4.30, 3.00, 1.10, 0.10, 0.051293, 0.923709, 0.024998, Iris-setosa
5.80, 4.00, 1.20, 0.20, 0.073495, 0.888408, 0.038097, Iris-setosa
5.70, 4.40, 1.50, 0.40, 0.105697, 0.839289, 0.055015, Iris-setosa
5.40, 3.90, 1.30, 0.40, 0.036517, 0.945523, 0.017960, Iris-setosa
5.10, 3.50, 1.40, 0.30, 0.002524, 0.996307, 0.001168, Iris-setosa
5.70, 3.80, 1.70, 0.30, 0.066277, 0.903077, 0.030646, Iris-setosa
5.10, 3.80, 1.50, 0.30, 0.014917, 0.978071, 0.007012, Iris-setosa
5.40, 3.40, 1.70, 0.20, 0.021744, 0.968762, 0.009494, Iris-setosa
5.10, 3.70, 1.50, 0.40, 0.011008, 0.983903, 0.005088, Iris-setosa
4.60, 3.60, 1.00, 0.20, 0.027857, 0.958133, 0.014010, Iris-setosa
5.10, 3.30, 1.70, 0.50, 0.014208, 0.979785, 0.006006, Iris-setosa
4.80, 3.40, 1.90, 0.20, 0.022990, 0.967277, 0.009734, Iris-setosa
5.00, 3.00, 1.60, 0.20, 0.017519, 0.974911, 0.007570, Iris-setosa
5.00, 3.40, 1.60, 0.40, 0.003569, 0.994863, 0.001568, Iris-setosa
5.20, 3.50, 1.50, 0.20, 0.004740, 0.993093, 0.002167, Iris-setosa
5.20, 3.40, 1.40, 0.20, 0.004338, 0.993661, 0.002001, Iris-setosa
4.70, 3.20, 1.60, 0.20, 0.013695, 0.980244, 0.006060, Iris-setosa
4.80, 3.10, 1.60, 0.20, 0.014082, 0.979757, 0.006161, Iris-setosa
5.40, 3.40, 1.50, 0.40, 0.017754, 0.974279, 0.007967, Iris-setosa
5.20, 4.10, 1.50, 0.10, 0.042205, 0.936933, 0.020862, Iris-setosa
5.50, 4.20, 1.40, 0.20, 0.064655, 0.902394, 0.032951, Iris-setosa
4.90, 3.10, 1.50, 0.10, 0.011264, 0.983694, 0.005042, Iris-setosa
5.00, 3.20, 1.20, 0.20, 0.009919, 0.985408, 0.004673, Iris-setosa
5.50, 3.50, 1.30, 0.20, 0.024489, 0.963831, 0.011680, Iris-setosa
4.90, 3.10, 1.50, 0.10, 0.011264, 0.983694, 0.005042, Iris-setosa
4.40, 3.00, 1.30, 0.20, 0.040469, 0.940581, 0.018950, Iris-setosa
5.10, 3.40, 1.50, 0.20, 0.001141, 0.998343, 0.000517, Iris-setosa
5.00, 3.50, 1.30, 0.30, 0.003833, 0.994361, 0.001806, Iris-setosa
4.50, 2.30, 1.30, 0.30, 0.100879, 0.852754, 0.046368, Iris-setosa
4.40, 3.20, 1.30, 0.20, 0.031858, 0.953080, 0.015062, Iris-setosa
5.00, 3.50, 1.60, 0.60, 0.014668, 0.978876, 0.006456, Iris-setosa
5.10, 3.80, 1.90, 0.40, 0.038881, 0.944186, 0.016932, Iris-setosa
4.80, 3.00, 1.40, 0.30, 0.018489, 0.973207, 0.008304, Iris-setosa
5.10, 3.80, 1.60, 0.20, 0.016547, 0.975759, 0.007694, Iris-setosa
4.60, 3.20, 1.40, 0.20, 0.017271, 0.974775, 0.007953, Iris-setosa
5.30, 3.70, 1.50, 0.20, 0.016079, 0.976399, 0.007522, Iris-setosa
5.00, 3.30, 1.40, 0.20, 0.001810, 0.997361, 0.000829, Iris-setosa
7.00, 3.20, 4.70, 1.40, 0.454481, 0.044596, 0.500923, Iris-versicolor
6.40, 3.20, 4.50, 1.50, 0.764283, 0.029157, 0.206560, Iris-versicolor
6.90, 3.10, 4.90, 1.50, 0.369006, 0.031287, 0.599707, Iris-versicolor
5.50, 2.30, 4.00, 1.30, 0.869887, 0.049582, 0.080531, Iris-versicolor
6.50, 2.80, 4.60, 1.50, 0.759022, 0.024115, 0.216863, Iris-versicolor
5.70, 2.80, 4.50, 1.30, 0.973770, 0.005755, 0.020475, Iris-versicolor
6.30, 3.30, 4.70, 1.60, 0.673317, 0.029790, 0.296893, Iris-versicolor
4.90, 2.40, 3.30, 1.00, 0.581396, 0.286457, 0.132147, Iris-versicolor
6.60, 2.90, 4.60, 1.30, 0.721271, 0.031248, 0.247480, Iris-versicolor
5.20, 2.70, 3.90, 1.40, 0.830190, 0.075036, 0.094774, Iris-versicolor
5.00, 2.00, 3.50, 1.00, 0.635562, 0.219491, 0.144947, Iris-versicolor
5.90, 3.00, 4.20, 1.50, 0.962068, 0.009199, 0.028733, Iris-versicolor
6.00, 2.20, 4.00, 1.00, 0.842968, 0.055865, 0.101168, Iris-versicolor
6.10, 2.90, 4.70, 1.40, 0.899884, 0.012102, 0.088015, Iris-versicolor
5.60, 2.90, 3.60, 1.30, 0.815812, 0.091947, 0.092241, Iris-versicolor
6.70, 3.10, 4.40, 1.40, 0.690087, 0.041735, 0.268178, Iris-versicolor
5.60, 3.00, 4.50, 1.50, 0.933165, 0.014172, 0.052662, Iris-versicolor
5.80, 2.70, 4.10, 1.00, 0.925552, 0.026007, 0.048442, Iris-versicolor
6.20, 2.20, 4.50, 1.50, 0.835438, 0.027203, 0.137359, Iris-versicolor
5.60, 2.50, 3.90, 1.10, 0.877334, 0.051807, 0.070858, Iris-versicolor
5.90, 3.20, 4.80, 1.80, 0.721893, 0.027615, 0.250492, Iris-versicolor
6.10, 2.80, 4.00, 1.30, 0.934190, 0.019550, 0.046259, Iris-versicolor
6.30, 2.50, 4.90, 1.50, 0.705698, 0.023994, 0.270308, Iris-versicolor
6.10, 2.80, 4.70, 1.20, 0.902893, 0.013934, 0.083173, Iris-versicolor
6.40, 2.90, 4.30, 1.30, 0.876019, 0.022918, 0.101062, Iris-versicolor
6.60, 3.00, 4.40, 1.40, 0.754989, 0.033953, 0.211058, Iris-versicolor
6.80, 2.80, 4.80, 1.40, 0.523936, 0.033636, 0.442428, Iris-versicolor
6.70, 3.00, 5.00, 1.70, 0.306612, 0.021205, 0.672183, Iris-versicolor
6.00, 2.90, 4.50, 1.50, 0.969010, 0.004922, 0.026068, Iris-versicolor
5.70, 2.60, 3.50, 1.00, 0.766440, 0.128879, 0.104681, Iris-versicolor
5.50, 2.40, 3.80, 1.10, 0.831859, 0.078181, 0.089960, Iris-versicolor
5.50, 2.40, 3.70, 1.00, 0.794929, 0.104282, 0.100789, Iris-versicolor
5.80, 2.70, 3.90, 1.20, 0.918491, 0.031122, 0.050387, Iris-versicolor
6.00, 2.70, 5.10, 1.60, 0.656595, 0.023989, 0.319416, Iris-versicolor
5.40, 3.00, 4.50, 1.50, 0.891104, 0.026430, 0.082467, Iris-versicolor
6.00, 3.40, 4.50, 1.60, 0.797330, 0.032134, 0.170536, Iris-versicolor
6.70, 3.10, 4.70, 1.50, 0.555726, 0.033466, 0.410808, Iris-versicolor
6.30, 2.30, 4.40, 1.30, 0.857651, 0.026924, 0.115424, Iris-versicolor
5.60, 3.00, 4.10, 1.30, 0.928779, 0.024172, 0.047049, Iris-versicolor
5.50, 2.50, 4.00, 1.30, 0.899163, 0.038362, 0.062475, Iris-versicolor
5.50, 2.60, 4.40, 1.20, 0.930990, 0.019712, 0.049298, Iris-versicolor
6.10, 3.00, 4.60, 1.40, 0.915866, 0.011603, 0.072531, Iris-versicolor
5.80, 2.60, 4.00, 1.20, 0.935495, 0.022631, 0.041873, Iris-versicolor
5.00, 2.30, 3.30, 1.00, 0.597204, 0.270210, 0.132587, Iris-versicolor
5.60, 2.70, 4.20, 1.30, 0.958724, 0.012751, 0.028525, Iris-versicolor
5.70, 3.00, 4.20, 1.20, 0.945437, 0.016838, 0.037725, Iris-versicolor
5.70, 2.90, 4.20, 1.30, 0.967309, 0.009621, 0.023070, Iris-versicolor
6.20, 2.90, 4.30, 1.30, 0.943937, 0.011409, 0.044654, Iris-versicolor
5.10, 2.50, 3.00, 1.10, 0.518840, 0.356878, 0.124282, Iris-versicolor
5.70, 2.80, 4.10, 1.30, 0.960426, 0.012758, 0.026816, Iris-versicolor
6.30, 3.30, 6.00, 2.50, 0.120767, 0.019361, 0.859871, Iris-virginica
5.80, 2.70, 5.10, 1.90, 0.615782, 0.029324, 0.354895, Iris-virginica
7.10, 3.00, 5.90, 2.10, 0.038144, 0.006075, 0.955781, Iris-virginica
6.30, 2.90, 5.60, 1.80, 0.142073, 0.012539, 0.845388, Iris-virginica
6.50, 3.00, 5.80, 2.20, 0.037653, 0.004757, 0.957591, Iris-virginica
7.60, 3.00, 6.60, 2.10, 0.152685, 0.035469, 0.811846, Iris-virginica
4.90, 2.50, 4.50, 1.70, 0.759773, 0.073161, 0.167067, Iris-virginica
7.30, 2.90, 6.30, 1.80, 0.115154, 0.021907, 0.862939, Iris-virginica
6.70, 2.50, 5.80, 1.80, 0.117407, 0.014010, 0.868583, Iris-virginica
7.20, 3.60, 6.10, 2.50, 0.114597, 0.024410, 0.860993, Iris-virginica
6.50, 3.20, 5.10, 2.00, 0.210086, 0.016775, 0.773139, Iris-virginica
6.40, 2.70, 5.30, 1.90, 0.223343, 0.015775, 0.760882, Iris-virginica
6.80, 3.00, 5.50, 2.10, 0.010034, 0.001168, 0.988798, Iris-virginica
5.70, 2.50, 5.00, 2.00, 0.660069, 0.034408, 0.305524, Iris-virginica
5.80, 2.80, 5.10, 2.40, 0.461132, 0.038400, 0.500467, Iris-virginica
6.40, 3.20, 5.30, 2.30, 0.136168, 0.014071, 0.849761, Iris-virginica
6.50, 3.00, 5.50, 1.80, 0.079719, 0.007171, 0.913110, Iris-virginica
7.70, 3.80, 6.70, 2.20, 0.185838, 0.050579, 0.763583, Iris-virginica
7.70, 2.60, 6.90, 2.30, 0.193268, 0.049205, 0.757527, Iris-virginica
6.00, 2.20, 5.00, 1.50, 0.710807, 0.032244, 0.256949, Iris-virginica
6.90, 3.20, 5.70, 2.30, 0.025691, 0.003826, 0.970483, Iris-virginica
5.60, 2.80, 4.90, 2.00, 0.707082, 0.033670, 0.259248, Iris-virginica
7.70, 2.80, 6.70, 2.00, 0.174844, 0.041988, 0.783168, Iris-virginica
6.30, 2.70, 4.90, 1.80, 0.596098, 0.022815, 0.381086, Iris-virginica
6.70, 3.30, 5.70, 2.10, 0.021746, 0.002913, 0.975341, Iris-virginica
7.20, 3.20, 6.00, 1.80, 0.075177, 0.012910, 0.911913, Iris-virginica
6.20, 2.80, 4.80, 1.80, 0.708112, 0.020982, 0.270906, Iris-virginica
6.10, 3.00, 4.90, 1.80, 0.647250, 0.023094, 0.329657, Iris-virginica
6.40, 2.80, 5.60, 2.10, 0.083072, 0.008367, 0.908561, Iris-virginica
7.20, 3.00, 5.80, 1.60, 0.094787, 0.014454, 0.890759, Iris-virginica
7.40, 2.80, 6.10, 1.90, 0.107463, 0.019796, 0.872742, Iris-virginica
7.90, 3.80, 6.40, 2.00, 0.189020, 0.050894, 0.760085, Iris-virginica
6.40, 2.80, 5.60, 2.20, 0.084904, 0.008965, 0.906130, Iris-virginica
6.30, 2.80, 5.10, 1.50, 0.540558, 0.023407, 0.436036, Iris-virginica
6.10, 2.60, 5.60, 1.40, 0.392903, 0.031224, 0.575874, Iris-virginica
7.70, 3.00, 6.10, 2.30, 0.131786, 0.028667, 0.839546, Iris-virginica
6.30, 3.40, 5.60, 2.40, 0.128753, 0.017229, 0.854017, Iris-virginica
6.40, 3.10, 5.50, 1.80, 0.110191, 0.009793, 0.880015, Iris-virginica
6.00, 3.00, 4.80, 1.80, 0.750192, 0.021722, 0.228087, Iris-virginica
6.90, 3.10, 5.40, 2.10, 0.028989, 0.003492, 0.967518, Iris-virginica
6.70, 3.10, 5.60, 2.40, 0.037686, 0.005078, 0.957236, Iris-virginica
6.90, 3.10, 5.10, 2.30, 0.129570, 0.015410, 0.855019, Iris-virginica
5.80, 2.70, 5.10, 1.90, 0.615782, 0.029324, 0.354895, Iris-virginica
6.80, 3.20, 5.90, 2.30, 0.033722, 0.005247, 0.961030, Iris-virginica
6.70, 3.30, 5.70, 2.50, 0.063188, 0.009701, 0.927112, Iris-virginica
6.70, 3.00, 5.20, 2.30, 0.106470, 0.011271, 0.882258, Iris-virginica
6.30, 2.50, 5.00, 1.90, 0.507788, 0.025826, 0.466387, Iris-virginica
6.50, 3.00, 5.20, 2.00, 0.156604, 0.012126, 0.831270, Iris-virginica
6.20, 3.40, 5.40, 2.30, 0.189139, 0.021587, 0.789274, Iris-virginica
5.90, 3.00, 5.10, 1.80, 0.582057, 0.026932, 0.391011, Iris-virginica
