% Title: Title
%
% Centers:
% 	5.003561 3.403041 1.484992 0.251537 
% 	5.889080 2.761192 4.364081 1.397357 
% 	6.774975 3.052389 5.646734 2.053539 
%

@RELATION

@ATTRIBUTE Attribute0 	 REAL
@ATTRIBUTE Attribute1 	 REAL
@ATTRIBUTE Attribute2 	 REAL
@ATTRIBUTE Attribute3 	 REAL
@ATTRIBUTE MU 	 FUZZY {Zhluk0, Zhluk1, Zhluk2}
@ATTRIBUTE class 	 {Iris-setosa, Iris-versicolor, Iris-virginica}

@DATA
5.10, 3.50, 1.40, 0.20, 0.996336, 0.002501, 0.001163, Iris-setosa
4.90, 3.00, 1.40, 0.20, 0.976953, 0.015890, 0.007157, Iris-setosa
4.70, 3.20, 1.30, 0.20, 0.980309, 0.013429, 0.006261, Iris-setosa
4.60, 3.10, 1.50, 0.20, 0.968311, 0.021855, 0.009834, Iris-setosa
5.00, 3.60, 1.40, 0.20, 0.993927, 0.004131, 0.001942, Iris-setosa
5.40, 3.90, 1.70, 0.40, 0.933140, 0.045787, 0.021073, Iris-setosa
4.60, 3.40, 1.40, 0.30, 0.979487, 0.014007, 0.006506, Iris-setosa
5.00, 3.40, 1.50, 0.20, 0.999611, 0.000268, 0.000121, Iris-setosa
4.40, 2.90, 1.40, 0.20, 0.931554, 0.046911, 0.021534, Iris-setosa
4.90, 3.10, 1.50, 0.10, 0.983690, 0.011267, 0.005043, Iris-setosa
5.40, 3.70, 1.50, 0.20, 0.967214, 0.022320, 0.010466, Iris-setosa
4.80, 3.40, 1.60, 0.20, 0.992280, 0.005333, 0.002387, Iris-setosa
4.80, 3.00, 1.40, 0.10, 0.971746, 0.019422, 0.008832, Iris-setosa
4.30, 3.00, 1.10, 0.10, 0.923696, 0.051305, 0.025000, Iris-setosa
5.80, 4.00, 1.20, 0.20, 0.888395, 0.073506, 0.038099, Iris-setosa
5.70, 4.40, 1.50, 0.40, 0.839270, 0.105712, 0.055018, Iris-setosa
5.40, 3.90, 1.30, 0.40, 0.945516, 0.036523, 0.017961, Iris-setosa
5.10, 3.50, 1.40, 0.30, 0.996307, 0.002525, 0.001168, Iris-setosa
5.70, 3.80, 1.70, 0.30, 0.903060, 0.066291, 0.030649, Iris-setosa
5.10, 3.80, 1.50, 0.30, 0.978068, 0.014920, 0.007013, Iris-setosa
5.40, 3.40, 1.70, 0.20, 0.968754, 0.021751, 0.009496, Iris-setosa
5.10, 3.70, 1.50, 0.40, 0.983901, 0.011010, 0.005089, Iris-setosa
4.60, 3.60, 1.00, 0.20, 0.958129, 0.027861, 0.014011, Iris-setosa
5.10, 3.30, 1.70, 0.50, 0.979778, 0.014214, 0.006008, Iris-setosa
4.80, 3.40, 1.90, 0.20, 0.967266, 0.022998, 0.009736, Iris-setosa
5.00, 3.00, 1.60, 0.20, 0.974903, 0.017526, 0.007571, Iris-setosa
5.00, 3.40, 1.60, 0.40, 0.994860, 0.003571, 0.001569, Iris-setosa
5.20, 3.50, 1.50, 0.20, 0.993092, 0.004741, 0.002167, Iris-setosa
5.20, 3.40, 1.40, 0.20, 0.993660, 0.004339, 0.002001, Iris-setosa
4.70, 3.20, 1.60, 0.20, 0.980238, 0.013700, 0.006061, Iris-setosa
4.80, 3.10, 1.60, 0.20, 0.979750, 0.014087, 0.006163, Iris-setosa
5.40, 3.40, 1.50, 0.40, 0.974273, 0.017759, 0.007968, Iris-setosa
5.20, 4.10, 1.50, 0.10, 0.936925, 0.042212, 0.020863, Iris-setosa
5.50, 4.20, 1.40, 0.20, 0.902382, 0.064664, 0.032953, Iris-setosa
4.90, 3.10, 1.50, 0.10, 0.983690, 0.011267, 0.005043, Iris-setosa
5.00, 3.20, 1.20, 0.20, 0.985406, 0.009921, 0.004673, Iris-setosa
5.50, 3.50, 1.30, 0.20, 0.963826, 0.024494, 0.011681, Iris-setosa
4.90, 3.10, 1.50, 0.10, 0.983690, 0.011267, 0.005043, Iris-setosa
4.40, 3.00, 1.30, 0.20, 0.940569, 0.040480, 0.018952, Iris-setosa
5.10, 3.40, 1.50, 0.20, 0.998342, 0.001141, 0.000517, Iris-setosa
5.00, 3.50, 1.30, 0.30, 0.994361, 0.003833, 0.001806, Iris-setosa
4.50, 2.30, 1.30, 0.30, 0.852724, 0.100904, 0.046372, Iris-setosa
4.40, 3.20, 1.30, 0.20, 0.953071, 0.031866, 0.015063, Iris-setosa
5.00, 3.50, 1.60, 0.60, 0.978870, 0.014673, 0.006458, Iris-setosa
5.10, 3.80, 1.90, 0.40, 0.944173, 0.038892, 0.016935, Iris-setosa
4.80, 3.00, 1.40, 0.30, 0.973200, 0.018494, 0.008305, Iris-setosa
5.10, 3.80, 1.60, 0.20, 0.975755, 0.016550, 0.007695, Iris-setosa
4.60, 3.20, 1.40, 0.20, 0.974770, 0.017276, 0.007954, Iris-setosa
5.30, 3.70, 1.50, 0.20, 0.976395, 0.016082, 0.007523, Iris-setosa
5.00, 3.30, 1.40, 0.20, 0.997361, 0.001810, 0.000829, Iris-setosa
7.00, 3.20, 4.70, 1.40, 0.044600, 0.454245, 0.501154, Iris-versicolor
6.40, 3.20, 4.50, 1.50, 0.029178, 0.764027, 0.206795, Iris-versicolor
6.90, 3.10, 4.90, 1.50, 0.031287, 0.368728, 0.599985, Iris-versicolor
5.50, 2.30, 4.00, 1.30, 0.049528, 0.870007, 0.080465, Iris-versicolor
6.50, 2.80, 4.60, 1.50, 0.024136, 0.758716, 0.217148, Iris-versicolor
5.70, 2.80, 4.50, 1.30, 0.005752, 0.973777, 0.020471, Iris-versicolor
6.30, 3.30, 4.70, 1.60, 0.029807, 0.672991, 0.297203, Iris-versicolor
4.90, 2.40, 3.30, 1.00, 0.286338, 0.581543, 0.132120, Iris-versicolor
6.60, 2.90, 4.60, 1.30, 0.031266, 0.721005, 0.247729, Iris-versicolor
5.20, 2.70, 3.90, 1.40, 0.074967, 0.830323, 0.094711, Iris-versicolor
5.00, 2.00, 3.50, 1.00, 0.219394, 0.635693, 0.144913, Iris-versicolor
5.90, 3.00, 4.20, 1.50, 0.009197, 0.962069, 0.028734, Iris-versicolor
6.00, 2.20, 4.00, 1.00, 0.055828, 0.843044, 0.101128, Iris-versicolor
6.10, 2.90, 4.70, 1.40, 0.012125, 0.899650, 0.088225, Iris-versicolor
5.60, 2.90, 3.60, 1.30, 0.091866, 0.815951, 0.092183, Iris-versicolor
6.70, 3.10, 4.40, 1.40, 0.041751, 0.689867, 0.268383, Iris-versicolor
5.60, 3.00, 4.50, 1.50, 0.014173, 0.933143, 0.052684, Iris-versicolor
5.80, 2.70, 4.10, 1.00, 0.025967, 0.925651, 0.048382, Iris-versicolor
6.20, 2.20, 4.50, 1.50, 0.027211, 0.835341, 0.137448, Iris-versicolor
5.60, 2.50, 3.90, 1.10, 0.051740, 0.877474, 0.070786, Iris-versicolor
5.90, 3.20, 4.80, 1.80, 0.027632, 0.721615, 0.250754, Iris-versicolor
6.10, 2.80, 4.00, 1.30, 0.019533, 0.934232, 0.046234, Iris-versicolor
6.30, 2.50, 4.90, 1.50, 0.024009, 0.705377, 0.270613, Iris-versicolor
6.10, 2.80, 4.70, 1.20, 0.013952, 0.902730, 0.083318, Iris-versicolor
6.40, 2.90, 4.30, 1.30, 0.022933, 0.875900, 0.101167, Iris-versicolor
6.60, 3.00, 4.40, 1.40, 0.033972, 0.754772, 0.211256, Iris-versicolor
6.80, 2.80, 4.80, 1.40, 0.033643, 0.523627, 0.442730, Iris-versicolor
6.70, 3.00, 5.00, 1.70, 0.021200, 0.306277, 0.672523, Iris-versicolor
6.00, 2.90, 4.50, 1.50, 0.004939, 0.968889, 0.026172, Iris-versicolor
5.70, 2.60, 3.50, 1.00, 0.128782, 0.766591, 0.104627, Iris-versicolor
5.50, 2.40, 3.80, 1.10, 0.078102, 0.832006, 0.089892, Iris-versicolor
5.50, 2.40, 3.70, 1.00, 0.104192, 0.795081, 0.100727, Iris-versicolor
5.80, 2.70, 3.90, 1.20, 0.031072, 0.918609, 0.050319, Iris-versicolor
6.00, 2.70, 5.10, 1.60, 0.024002, 0.656249, 0.319749, Iris-versicolor
5.40, 3.00, 4.50, 1.50, 0.026422, 0.891111, 0.082468, Iris-versicolor
6.00, 3.40, 4.50, 1.60, 0.032151, 0.797160, 0.170690, Iris-versicolor
6.70, 3.10, 4.70, 1.50, 0.033476, 0.555397, 0.411127, Iris-versicolor
6.30, 2.30, 4.40, 1.30, 0.026931, 0.857580, 0.115490, Iris-versicolor
5.60, 3.00, 4.10, 1.30, 0.024137, 0.928868, 0.046995, Iris-versicolor
5.50, 2.50, 4.00, 1.30, 0.038307, 0.899292, 0.062402, Iris-versicolor
5.50, 2.60, 4.40, 1.20, 0.019686, 0.931065, 0.049249, Iris-versicolor
6.10, 3.00, 4.60, 1.40, 0.011626, 0.915672, 0.072702, Iris-versicolor
5.80, 2.60, 4.00, 1.20, 0.022588, 0.935606, 0.041805, Iris-versicolor
5.00, 2.30, 3.30, 1.00, 0.270092, 0.597351, 0.132557, Iris-versicolor
5.60, 2.70, 4.20, 1.30, 0.012718, 0.958821, 0.028461, Iris-versicolor
5.70, 3.00, 4.20, 1.20, 0.016813, 0.945506, 0.037681, Iris-versicolor
5.70, 2.90, 4.20, 1.30, 0.009598, 0.967382, 0.023021, Iris-versicolor
6.20, 2.90, 4.30, 1.30, 0.011419, 0.943871, 0.044710, Iris-versicolor
5.10, 2.50, 3.00, 1.10, 0.356752, 0.518984, 0.124264, Iris-versicolor
5.70, 2.80, 4.10, 1.30, 0.012724, 0.960524, 0.026752, Iris-versicolor
6.30, 3.30, 6.00, 2.50, 0.019366, 0.120747, 0.859887, Iris-virginica
5.80, 2.70, 5.10, 1.90, 0.029333, 0.615503, 0.355164, Iris-virginica
7.10, 3.00, 5.90, 2.10, 0.006082, 0.038170, 0.955748, Iris-virginica
6.30, 2.90, 5.60, 1.80, 0.012533, 0.141902, 0.845565, Iris-virginica
6.50, 3.00, 5.80, 2.20, 0.004757, 0.037639, 0.957604, Iris-virginica
7.60, 3.00, 6.60, 2.10, 0.035482, 0.152693, 0.811825, Iris-virginica
4.90, 2.50, 4.50, 1.70, 0.073137, 0.759811, 0.167052, Iris-virginica
7.30, 2.90, 6.30, 1.80, 0.021916, 0.115159, 0.862925, Iris-virginica
6.70, 2.50, 5.80, 1.80, 0.014009, 0.117334, 0.868657, Iris-virginica
7.20, 3.60, 6.10, 2.50, 0.024423, 0.114612, 0.860965, Iris-virginica
6.50, 3.20, 5.10, 2.00, 0.016767, 0.209825, 0.773408, Iris-virginica
6.40, 2.70, 5.30, 1.90, 0.015768, 0.223066, 0.761166, Iris-virginica
6.80, 3.00, 5.50, 2.10, 0.001166, 0.010008, 0.988826, Iris-virginica
5.70, 2.50, 5.00, 2.00, 0.034417, 0.659870, 0.305713, Iris-virginica
5.80, 2.80, 5.10, 2.40, 0.038403, 0.460926, 0.500671, Iris-virginica
6.40, 3.20, 5.30, 2.30, 0.014065, 0.136030, 0.849905, Iris-virginica
6.50, 3.00, 5.50, 1.80, 0.007163, 0.079575, 0.913262, Iris-virginica
7.70, 3.80, 6.70, 2.20, 0.050594, 0.185839, 0.763567, Iris-virginica
7.70, 2.60, 6.90, 2.30, 0.049219, 0.193267, 0.757514, Iris-virginica
6.00, 2.20, 5.00, 1.50, 0.032254, 0.710622, 0.257124, Iris-virginica
6.90, 3.20, 5.70, 2.30, 0.003831, 0.025710, 0.970459, Iris-virginica
5.60, 2.80, 4.90, 2.00, 0.033680, 0.706897, 0.259423, Iris-virginica
7.70, 2.80, 6.70, 2.00, 0.042001, 0.174845, 0.783154, Iris-virginica
6.30, 2.70, 4.90, 1.80, 0.022826, 0.595681, 0.381493, Iris-virginica
6.70, 3.30, 5.70, 2.10, 0.002915, 0.021746, 0.975339, Iris-virginica
7.20, 3.20, 6.00, 1.80, 0.012917, 0.075187, 0.911896, Iris-virginica
6.20, 2.80, 4.80, 1.80, 0.021000, 0.707720, 0.271280, Iris-virginica
6.10, 3.00, 4.90, 1.80, 0.023108, 0.646848, 0.330044, Iris-virginica
6.40, 2.80, 5.60, 2.10, 0.008362, 0.082973, 0.908664, Iris-virginica
7.20, 3.00, 5.80, 1.60, 0.014457, 0.094761, 0.890782, Iris-virginica
7.40, 2.80, 6.10, 1.90, 0.019804, 0.107467, 0.872729, Iris-virginica
7.90, 3.80, 6.40, 2.00, 0.050909, 0.189015, 0.760076, Iris-virginica
6.40, 2.80, 5.60, 2.20, 0.008961, 0.084818, 0.906221, Iris-virginica
6.30, 2.80, 5.10, 1.50, 0.023414, 0.540141, 0.436444, Iris-virginica
6.10, 2.60, 5.60, 1.40, 0.031224, 0.392673, 0.576103, Iris-virginica
7.70, 3.00, 6.10, 2.30, 0.028679, 0.131795, 0.839526, Iris-virginica
6.30, 3.40, 5.60, 2.40, 0.017229, 0.128687, 0.854084, Iris-virginica
6.40, 3.10, 5.50, 1.80, 0.009786, 0.110026, 0.880189, Iris-virginica
6.00, 3.00, 4.80, 1.80, 0.021741, 0.749860, 0.228399, Iris-virginica
6.90, 3.10, 5.40, 2.10, 0.003490, 0.028952, 0.967558, Iris-virginica
6.70, 3.10, 5.60, 2.40, 0.005080, 0.037679, 0.957242, Iris-virginica
6.90, 3.10, 5.10, 2.30, 0.015406, 0.129461, 0.855133, Iris-virginica
5.80, 2.70, 5.10, 1.90, 0.029333, 0.615503, 0.355164, Iris-virginica
6.80, 3.20, 5.90, 2.30, 0.005254, 0.033749, 0.960997, Iris-virginica
6.70, 3.30, 5.70, 2.50, 0.009705, 0.063188, 0.927107, Iris-virginica
6.70, 3.00, 5.20, 2.30, 0.011266, 0.106351, 0.882383, Iris-virginica
6.30, 2.50, 5.00, 1.90, 0.025831, 0.507438, 0.466732, Iris-virginica
6.50, 3.00, 5.20, 2.00, 0.012117, 0.156362, 0.831521, Iris-virginica
6.20, 3.40, 5.40, 2.30, 0.021584, 0.189005, 0.789411, Iris-virginica
5.90, 3.00, 5.10, 1.80, 0.026942, 0.581715, 0.391343, Iris-virginica
