% Title: Title
%
% Centers:
% 	5.166254 3.311953 1.955065 0.445173 
% 	6.370139 2.936094 5.044537 1.752812 
% 	5.597396 2.974184 3.370030 1.012913 
% 	5.622792 2.972057 3.428565 1.036573 
% 	5.218622 3.270201 2.127624 0.515867 
%

@RELATION

@ATTRIBUTE Attribute0 	 REAL
@ATTRIBUTE Attribute1 	 REAL
@ATTRIBUTE Attribute2 	 REAL
@ATTRIBUTE Attribute3 	 REAL
@ATTRIBUTE MU 	 FUZZY {Zhluk0, Zhluk1, Zhluk2, Zhluk3, Zhluk4}
@ATTRIBUTE class 	 {Iris-setosa, Iris-versicolor, Iris-virginica}

@DATA
5.10, 3.50, 1.40, 0.20, 0.311822, 0.063211, 0.175193, 0.171488, 0.278285, Iris-setosa
4.90, 3.00, 1.40, 0.20, 0.309263, 0.064154, 0.176905, 0.172471, 0.277206, Iris-setosa
4.70, 3.20, 1.30, 0.20, 0.302905, 0.068502, 0.179587, 0.175443, 0.273563, Iris-setosa
4.60, 3.10, 1.50, 0.20, 0.306729, 0.065512, 0.178183, 0.173652, 0.275925, Iris-setosa
5.00, 3.60, 1.40, 0.20, 0.309281, 0.064739, 0.176339, 0.172712, 0.276929, Iris-setosa
5.40, 3.90, 1.70, 0.40, 0.318671, 0.057792, 0.171962, 0.168990, 0.282586, Iris-setosa
4.60, 3.40, 1.40, 0.30, 0.304772, 0.067200, 0.178735, 0.174645, 0.274648, Iris-setosa
5.00, 3.40, 1.50, 0.20, 0.316118, 0.060678, 0.173331, 0.169304, 0.280569, Iris-setosa
4.40, 2.90, 1.40, 0.20, 0.296341, 0.071836, 0.183054, 0.178511, 0.270258, Iris-setosa
4.90, 3.10, 1.50, 0.10, 0.312103, 0.062569, 0.175534, 0.171123, 0.278672, Iris-setosa
5.40, 3.70, 1.50, 0.20, 0.313062, 0.061855, 0.174540, 0.171338, 0.279205, Iris-setosa
4.80, 3.40, 1.60, 0.20, 0.315998, 0.060510, 0.173550, 0.169307, 0.280634, Iris-setosa
4.80, 3.00, 1.40, 0.10, 0.305539, 0.066431, 0.178627, 0.174223, 0.275181, Iris-setosa
4.30, 3.00, 1.10, 0.10, 0.287076, 0.079396, 0.186541, 0.182519, 0.264468, Iris-setosa
5.80, 4.00, 1.20, 0.20, 0.290178, 0.075988, 0.184676, 0.182540, 0.266617, Iris-setosa
5.70, 4.40, 1.50, 0.40, 0.288233, 0.075838, 0.185792, 0.184152, 0.265986, Iris-setosa
5.40, 3.90, 1.30, 0.40, 0.302450, 0.068204, 0.179312, 0.176531, 0.273502, Iris-setosa
5.10, 3.50, 1.40, 0.30, 0.313557, 0.062164, 0.174399, 0.170661, 0.279220, Iris-setosa
5.70, 3.80, 1.70, 0.30, 0.315985, 0.058478, 0.173345, 0.170635, 0.281557, Iris-setosa
5.10, 3.80, 1.50, 0.30, 0.311624, 0.062948, 0.175215, 0.171864, 0.278349, Iris-setosa
5.40, 3.40, 1.70, 0.20, 0.329525, 0.053075, 0.166884, 0.163002, 0.287514, Iris-setosa
5.10, 3.70, 1.50, 0.40, 0.315677, 0.060663, 0.173368, 0.169829, 0.280463, Iris-setosa
4.60, 3.60, 1.00, 0.20, 0.290458, 0.077654, 0.184545, 0.181136, 0.266206, Iris-setosa
5.10, 3.30, 1.70, 0.50, 0.336298, 0.050180, 0.163728, 0.159239, 0.290557, Iris-setosa
4.80, 3.40, 1.90, 0.20, 0.328242, 0.053459, 0.167912, 0.163294, 0.287093, Iris-setosa
5.00, 3.00, 1.60, 0.20, 0.319898, 0.057870, 0.172023, 0.167324, 0.282885, Iris-setosa
5.00, 3.40, 1.60, 0.40, 0.325115, 0.055721, 0.169108, 0.164880, 0.285176, Iris-setosa
5.20, 3.50, 1.50, 0.20, 0.317166, 0.060007, 0.172711, 0.168984, 0.281133, Iris-setosa
5.20, 3.40, 1.40, 0.20, 0.313566, 0.062094, 0.174432, 0.170662, 0.279246, Iris-setosa
4.70, 3.20, 1.60, 0.20, 0.313695, 0.061488, 0.174880, 0.170333, 0.279603, Iris-setosa
4.80, 3.10, 1.60, 0.20, 0.316186, 0.060025, 0.173758, 0.169104, 0.280927, Iris-setosa
5.40, 3.40, 1.50, 0.40, 0.322596, 0.056650, 0.170197, 0.166455, 0.284101, Iris-setosa
5.20, 4.10, 1.50, 0.10, 0.299692, 0.069902, 0.180574, 0.177852, 0.271981, Iris-setosa
5.50, 4.20, 1.40, 0.20, 0.294131, 0.073169, 0.182988, 0.180753, 0.268958, Iris-setosa
4.90, 3.10, 1.50, 0.10, 0.312103, 0.062569, 0.175534, 0.171123, 0.278672, Iris-setosa
5.00, 3.20, 1.20, 0.20, 0.303878, 0.068037, 0.178987, 0.175076, 0.274022, Iris-setosa
5.50, 3.50, 1.30, 0.20, 0.307059, 0.065515, 0.177357, 0.174116, 0.275952, Iris-setosa
4.90, 3.10, 1.50, 0.10, 0.312103, 0.062569, 0.175534, 0.171123, 0.278672, Iris-setosa
4.40, 3.00, 1.30, 0.20, 0.294858, 0.073305, 0.183469, 0.179140, 0.269229, Iris-setosa
5.10, 3.40, 1.50, 0.20, 0.317525, 0.059875, 0.172633, 0.168674, 0.281294, Iris-setosa
5.00, 3.50, 1.30, 0.30, 0.308027, 0.065543, 0.176942, 0.173244, 0.276244, Iris-setosa
4.50, 2.30, 1.30, 0.30, 0.285537, 0.078192, 0.188326, 0.183618, 0.264327, Iris-setosa
4.40, 3.20, 1.30, 0.20, 0.295860, 0.072920, 0.182841, 0.178688, 0.269691, Iris-setosa
5.00, 3.50, 1.60, 0.60, 0.325400, 0.055240, 0.168974, 0.164874, 0.285512, Iris-setosa
5.10, 3.80, 1.90, 0.40, 0.331009, 0.051798, 0.166136, 0.162472, 0.288585, Iris-setosa
4.80, 3.00, 1.40, 0.30, 0.308825, 0.064314, 0.177175, 0.172659, 0.277027, Iris-setosa
5.10, 3.80, 1.60, 0.20, 0.313744, 0.061601, 0.174269, 0.170869, 0.279516, Iris-setosa
4.60, 3.20, 1.40, 0.20, 0.303902, 0.067627, 0.179269, 0.174983, 0.274219, Iris-setosa
5.30, 3.70, 1.50, 0.20, 0.313392, 0.061865, 0.174380, 0.171071, 0.279292, Iris-setosa
5.00, 3.30, 1.40, 0.20, 0.312208, 0.062925, 0.175191, 0.171148, 0.278529, Iris-setosa
7.00, 3.20, 4.70, 1.40, 0.073546, 0.602916, 0.119816, 0.124114, 0.079608, Iris-versicolor
6.40, 3.20, 4.50, 1.50, 0.033772, 0.792849, 0.066338, 0.069559, 0.037483, Iris-versicolor
6.90, 3.10, 4.90, 1.50, 0.056211, 0.697030, 0.091473, 0.094502, 0.060784, Iris-versicolor
5.50, 2.30, 4.00, 1.30, 0.131982, 0.178121, 0.271092, 0.270106, 0.148700, Iris-versicolor
6.50, 2.80, 4.60, 1.50, 0.024004, 0.857989, 0.044931, 0.046621, 0.026455, Iris-versicolor
5.70, 2.80, 4.50, 1.30, 0.076275, 0.497321, 0.167570, 0.172931, 0.085903, Iris-versicolor
6.30, 3.30, 4.70, 1.60, 0.025420, 0.850511, 0.047045, 0.049039, 0.027984, Iris-versicolor
4.90, 2.40, 3.30, 1.00, 0.231890, 0.057922, 0.239800, 0.226694, 0.243694, Iris-versicolor
6.60, 2.90, 4.60, 1.30, 0.042863, 0.748345, 0.079238, 0.082367, 0.047187, Iris-versicolor
5.20, 2.70, 3.90, 1.40, 0.136629, 0.117485, 0.296379, 0.293413, 0.156094, Iris-versicolor
5.00, 2.00, 3.50, 1.00, 0.204469, 0.093789, 0.247280, 0.238213, 0.216249, Iris-versicolor
5.90, 3.00, 4.20, 1.50, 0.076557, 0.426060, 0.199015, 0.210453, 0.087915, Iris-versicolor
6.00, 2.20, 4.00, 1.00, 0.130947, 0.205501, 0.257447, 0.259593, 0.146512, Iris-versicolor
6.10, 2.90, 4.70, 1.40, 0.013801, 0.915119, 0.027363, 0.028398, 0.015320, Iris-versicolor
5.60, 2.90, 3.60, 1.30, 0.071033, 0.030355, 0.400914, 0.408022, 0.089676, Iris-versicolor
6.70, 3.10, 4.40, 1.40, 0.063230, 0.626627, 0.117516, 0.122894, 0.069733, Iris-versicolor
5.60, 3.00, 4.50, 1.50, 0.077301, 0.499575, 0.165329, 0.170990, 0.086806, Iris-versicolor
5.80, 2.70, 4.10, 1.00, 0.105131, 0.181253, 0.290895, 0.300544, 0.122177, Iris-versicolor
6.20, 2.20, 4.50, 1.50, 0.078442, 0.548989, 0.141734, 0.144701, 0.086134, Iris-versicolor
5.60, 2.50, 3.90, 1.10, 0.120534, 0.116210, 0.311907, 0.311233, 0.140116, Iris-versicolor
5.90, 3.20, 4.80, 1.80, 0.036807, 0.786525, 0.066980, 0.069264, 0.040424, Iris-versicolor
6.10, 2.80, 4.00, 1.30, 0.091891, 0.257131, 0.263810, 0.280319, 0.106850, Iris-versicolor
6.30, 2.50, 4.90, 1.50, 0.035207, 0.801763, 0.061499, 0.063106, 0.038426, Iris-versicolor
6.10, 2.80, 4.70, 1.20, 0.039334, 0.758729, 0.077770, 0.080499, 0.043668, Iris-versicolor
6.40, 2.90, 4.30, 1.30, 0.061739, 0.595382, 0.133347, 0.140144, 0.069388, Iris-versicolor
6.60, 3.00, 4.40, 1.40, 0.053142, 0.677842, 0.102695, 0.107436, 0.058885, Iris-versicolor
6.80, 2.80, 4.80, 1.40, 0.049868, 0.724838, 0.084188, 0.086903, 0.054202, Iris-versicolor
6.70, 3.00, 5.00, 1.70, 0.037128, 0.798531, 0.061119, 0.063030, 0.040192, Iris-versicolor
6.00, 2.90, 4.50, 1.50, 0.029637, 0.806518, 0.063943, 0.066646, 0.033257, Iris-versicolor
5.70, 2.60, 3.50, 1.00, 0.116308, 0.036530, 0.361199, 0.343148, 0.142814, Iris-versicolor
5.50, 2.40, 3.80, 1.10, 0.136533, 0.099985, 0.306261, 0.300184, 0.157037, Iris-versicolor
5.50, 2.40, 3.70, 1.00, 0.144750, 0.078186, 0.310094, 0.300099, 0.166871, Iris-versicolor
5.80, 2.70, 3.90, 1.20, 0.096079, 0.122119, 0.327308, 0.340364, 0.114131, Iris-versicolor
6.00, 2.70, 5.10, 1.60, 0.033978, 0.810857, 0.058361, 0.059810, 0.036994, Iris-versicolor
5.40, 3.00, 4.50, 1.50, 0.097919, 0.389313, 0.199084, 0.204252, 0.109433, Iris-versicolor
6.00, 3.40, 4.50, 1.60, 0.058695, 0.634319, 0.117936, 0.123661, 0.065390, Iris-versicolor
6.70, 3.10, 4.70, 1.50, 0.039455, 0.776646, 0.069063, 0.071728, 0.043108, Iris-versicolor
6.30, 2.30, 4.40, 1.30, 0.083369, 0.506250, 0.157172, 0.161092, 0.092116, Iris-versicolor
5.60, 3.00, 4.10, 1.30, 0.097839, 0.182175, 0.295367, 0.310011, 0.114608, Iris-versicolor
5.50, 2.50, 4.00, 1.30, 0.121185, 0.162913, 0.288056, 0.288903, 0.138942, Iris-versicolor
5.50, 2.60, 4.40, 1.20, 0.107778, 0.311160, 0.228120, 0.231777, 0.121165, Iris-versicolor
6.10, 3.00, 4.60, 1.40, 0.019244, 0.877867, 0.039838, 0.041567, 0.021484, Iris-versicolor
5.80, 2.60, 4.00, 1.20, 0.103929, 0.177031, 0.294742, 0.303231, 0.121067, Iris-versicolor
5.00, 2.30, 3.30, 1.00, 0.225583, 0.060630, 0.244183, 0.231098, 0.238506, Iris-versicolor
5.60, 2.70, 4.20, 1.30, 0.102361, 0.257356, 0.258037, 0.264758, 0.117488, Iris-versicolor
5.70, 3.00, 4.20, 1.20, 0.094648, 0.241053, 0.269992, 0.284273, 0.110033, Iris-versicolor
5.70, 2.90, 4.20, 1.30, 0.092354, 0.277496, 0.255687, 0.267525, 0.106938, Iris-versicolor
6.20, 2.90, 4.30, 1.30, 0.060780, 0.577406, 0.142601, 0.150259, 0.068955, Iris-versicolor
5.10, 2.50, 3.00, 1.10, 0.269505, 0.038123, 0.214948, 0.200395, 0.277028, Iris-versicolor
5.70, 2.80, 4.10, 1.30, 0.096092, 0.216500, 0.281794, 0.293561, 0.112053, Iris-versicolor
6.30, 3.30, 6.00, 2.50, 0.100105, 0.510698, 0.140379, 0.142988, 0.105831, Iris-virginica
5.80, 2.70, 5.10, 1.90, 0.053267, 0.709408, 0.088816, 0.090738, 0.057772, Iris-virginica
7.10, 3.00, 5.90, 2.10, 0.095886, 0.530208, 0.134891, 0.137609, 0.101405, Iris-virginica
6.30, 2.90, 5.60, 1.80, 0.061157, 0.683249, 0.093980, 0.096087, 0.065528, Iris-virginica
6.50, 3.00, 5.80, 2.20, 0.082286, 0.588130, 0.119829, 0.122282, 0.087472, Iris-virginica
7.60, 3.00, 6.60, 2.10, 0.122118, 0.427060, 0.160247, 0.162811, 0.127765, Iris-virginica
4.90, 2.50, 4.50, 1.70, 0.137387, 0.275533, 0.218950, 0.219256, 0.148874, Iris-virginica
7.30, 2.90, 6.30, 1.80, 0.109719, 0.473882, 0.149167, 0.151804, 0.115427, Iris-virginica
6.70, 2.50, 5.80, 1.80, 0.083313, 0.582645, 0.121586, 0.123871, 0.088585, Iris-virginica
7.20, 3.60, 6.10, 2.50, 0.114720, 0.453712, 0.154073, 0.157007, 0.120488, Iris-virginica
6.50, 3.20, 5.10, 2.00, 0.045764, 0.755599, 0.073541, 0.075722, 0.049373, Iris-virginica
6.40, 2.70, 5.30, 1.90, 0.047506, 0.748745, 0.075410, 0.077199, 0.051140, Iris-virginica
6.80, 3.00, 5.50, 2.10, 0.073189, 0.628399, 0.108901, 0.111453, 0.078059, Iris-virginica
5.70, 2.50, 5.00, 2.00, 0.070757, 0.617554, 0.116483, 0.118575, 0.076632, Iris-virginica
5.80, 2.80, 5.10, 2.40, 0.077963, 0.592288, 0.121779, 0.124170, 0.083801, Iris-virginica
6.40, 3.20, 5.30, 2.30, 0.067915, 0.649373, 0.103702, 0.106280, 0.072730, Iris-virginica
6.50, 3.00, 5.50, 1.80, 0.056972, 0.703806, 0.087984, 0.090148, 0.061090, Iris-virginica
7.70, 3.80, 6.70, 2.20, 0.130875, 0.394527, 0.167703, 0.170454, 0.136442, Iris-virginica
7.70, 2.60, 6.90, 2.30, 0.129203, 0.401462, 0.166157, 0.168439, 0.134739, Iris-virginica
6.00, 2.20, 5.00, 1.50, 0.070804, 0.614869, 0.117751, 0.119789, 0.076787, Iris-virginica
6.90, 3.20, 5.70, 2.30, 0.090296, 0.553033, 0.129066, 0.131871, 0.095735, Iris-virginica
5.60, 2.80, 4.90, 2.00, 0.068825, 0.619856, 0.116967, 0.119453, 0.074900, Iris-virginica
7.70, 2.80, 6.70, 2.00, 0.125023, 0.416199, 0.162834, 0.165295, 0.130648, Iris-virginica
6.30, 2.70, 4.90, 1.80, 0.020496, 0.885016, 0.035564, 0.036579, 0.022345, Iris-virginica
6.70, 3.30, 5.70, 2.10, 0.082700, 0.585662, 0.120471, 0.123235, 0.087932, Iris-virginica
7.20, 3.20, 6.00, 1.80, 0.100865, 0.508729, 0.140500, 0.143385, 0.106522, Iris-virginica
6.20, 2.80, 4.80, 1.80, 0.012130, 0.930178, 0.021857, 0.022540, 0.013294, Iris-virginica
6.10, 3.00, 4.90, 1.80, 0.015088, 0.913897, 0.026826, 0.027682, 0.016507, Iris-virginica
6.40, 2.80, 5.60, 2.10, 0.069351, 0.645697, 0.104339, 0.106538, 0.074076, Iris-virginica
7.20, 3.00, 5.80, 1.60, 0.094096, 0.535572, 0.133881, 0.136753, 0.099698, Iris-virginica
7.40, 2.80, 6.10, 1.90, 0.107463, 0.482521, 0.147085, 0.149757, 0.113174, Iris-virginica
7.90, 3.80, 6.40, 2.00, 0.130045, 0.396394, 0.167463, 0.170396, 0.135701, Iris-virginica
6.40, 2.80, 5.60, 2.20, 0.072809, 0.629685, 0.108783, 0.111032, 0.077692, Iris-virginica
6.30, 2.80, 5.10, 1.50, 0.024222, 0.865511, 0.041371, 0.042546, 0.026349, Iris-virginica
6.10, 2.60, 5.60, 1.40, 0.070768, 0.632155, 0.109522, 0.111634, 0.075921, Iris-virginica
7.70, 3.00, 6.10, 2.30, 0.117230, 0.444521, 0.156262, 0.159021, 0.122966, Iris-virginica
6.30, 3.40, 5.60, 2.40, 0.087044, 0.563672, 0.126949, 0.129747, 0.092588, Iris-virginica
6.40, 3.10, 5.50, 1.80, 0.056551, 0.705220, 0.087678, 0.089873, 0.060678, Iris-virginica
6.00, 3.00, 4.80, 1.80, 0.018706, 0.891011, 0.034300, 0.035429, 0.020555, Iris-virginica
6.90, 3.10, 5.40, 2.10, 0.074499, 0.621473, 0.110911, 0.113644, 0.079473, Iris-virginica
6.70, 3.10, 5.60, 2.40, 0.084849, 0.576083, 0.123118, 0.125787, 0.090163, Iris-virginica
6.90, 3.10, 5.10, 2.30, 0.075853, 0.611806, 0.114156, 0.117112, 0.081073, Iris-virginica
5.80, 2.70, 5.10, 1.90, 0.053267, 0.709408, 0.088816, 0.090738, 0.057772, Iris-virginica
6.80, 3.20, 5.90, 2.30, 0.094232, 0.536960, 0.133181, 0.135896, 0.099730, Iris-virginica
6.70, 3.30, 5.70, 2.50, 0.093723, 0.537591, 0.133285, 0.136101, 0.099300, Iris-virginica
6.70, 3.00, 5.20, 2.30, 0.068440, 0.647509, 0.104107, 0.106697, 0.073247, Iris-virginica
6.30, 2.50, 5.00, 1.90, 0.042634, 0.768167, 0.070668, 0.072343, 0.046188, Iris-virginica
6.50, 3.00, 5.20, 2.00, 0.045245, 0.759975, 0.072046, 0.073997, 0.048736, Iris-virginica
6.20, 3.40, 5.40, 2.30, 0.077520, 0.603434, 0.116691, 0.119498, 0.082857, Iris-virginica
5.90, 3.00, 5.10, 1.80, 0.037960, 0.789881, 0.064571, 0.066304, 0.041284, Iris-virginica
