% Title: Title
%
% Centers:
% 	5.889081 2.761192 4.364081 1.397357 
% 	5.003561 3.403041 1.484992 0.251537 
% 	6.774975 3.052389 5.646735 2.053539 
%

@RELATION

@ATTRIBUTE Attribute0 	 REAL
@ATTRIBUTE Attribute1 	 REAL
@ATTRIBUTE Attribute2 	 REAL
@ATTRIBUTE Attribute3 	 REAL
@ATTRIBUTE MU 	 FUZZY {Zhluk0, Zhluk1, Zhluk2}
@ATTRIBUTE class 	 {Iris-setosa, Iris-versicolor, Iris-virginica}

@DATA
5.10, 3.50, 1.40, 0.20, 0.002501, 0.996336, 0.001163, Iris-setosa
4.90, 3.00, 1.40, 0.20, 0.015890, 0.976953, 0.007157, Iris-setosa
4.70, 3.20, 1.30, 0.20, 0.013429, 0.980309, 0.006261, Iris-setosa
4.60, 3.10, 1.50, 0.20, 0.021855, 0.968311, 0.009834, Iris-setosa
5.00, 3.60, 1.40, 0.20, 0.004131, 0.993927, 0.001942, Iris-setosa
5.40, 3.90, 1.70, 0.40, 0.045787, 0.933140, 0.021073, Iris-setosa
4.60, 3.40, 1.40, 0.30, 0.014007, 0.979487, 0.006506, Iris-setosa
5.00, 3.40, 1.50, 0.20, 0.000268, 0.999611, 0.000121, Iris-setosa
4.40, 2.90, 1.40, 0.20, 0.046911, 0.931554, 0.021534, Iris-setosa
4.90, 3.10, 1.50, 0.10, 0.011267, 0.983690, 0.005043, Iris-setosa
5.40, 3.70, 1.50, 0.20, 0.022320, 0.967214, 0.010466, Iris-setosa
4.80, 3.40, 1.60, 0.20, 0.005333, 0.992280, 0.002387, Iris-setosa
4.80, 3.00, 1.40, 0.10, 0.019422, 0.971746, 0.008832, Iris-setosa
4.30, 3.00, 1.10, 0.10, 0.051305, 0.923696, 0.025000, Iris-setosa
5.80, 4.00, 1.20, 0.20, 0.073506, 0.888395, 0.038099, Iris-setosa
5.70, 4.40, 1.50, 0.40, 0.105711, 0.839270, 0.055018, Iris-setosa
5.40, 3.90, 1.30, 0.40, 0.036523, 0.945516, 0.017961, Iris-setosa
5.10, 3.50, 1.40, 0.30, 0.002525, 0.996307, 0.001168, Iris-setosa
5.70, 3.80, 1.70, 0.30, 0.066290, 0.903060, 0.030649, Iris-setosa
5.10, 3.80, 1.50, 0.30, 0.014920, 0.978068, 0.007013, Iris-setosa
5.40, 3.40, 1.70, 0.20, 0.021751, 0.968754, 0.009496, Iris-setosa
5.10, 3.70, 1.50, 0.40, 0.011010, 0.983901, 0.005089, Iris-setosa
4.60, 3.60, 1.00, 0.20, 0.027861, 0.958129, 0.014011, Iris-setosa
5.10, 3.30, 1.70, 0.50, 0.014214, 0.979778, 0.006008, Iris-setosa
4.80, 3.40, 1.90, 0.20, 0.022998, 0.967266, 0.009736, Iris-setosa
5.00, 3.00, 1.60, 0.20, 0.017526, 0.974903, 0.007571, Iris-setosa
5.00, 3.40, 1.60, 0.40, 0.003571, 0.994860, 0.001569, Iris-setosa
5.20, 3.50, 1.50, 0.20, 0.004741, 0.993092, 0.002167, Iris-setosa
5.20, 3.40, 1.40, 0.20, 0.004339, 0.993660, 0.002001, Iris-setosa
4.70, 3.20, 1.60, 0.20, 0.013700, 0.980238, 0.006061, Iris-setosa
4.80, 3.10, 1.60, 0.20, 0.014087, 0.979750, 0.006163, Iris-setosa
5.40, 3.40, 1.50, 0.40, 0.017759, 0.974273, 0.007968, Iris-setosa
5.20, 4.10, 1.50, 0.10, 0.042212, 0.936925, 0.020863, Iris-setosa
5.50, 4.20, 1.40, 0.20, 0.064664, 0.902383, 0.032953, Iris-setosa
4.90, 3.10, 1.50, 0.10, 0.011267, 0.983690, 0.005043, Iris-setosa
5.00, 3.20, 1.20, 0.20, 0.009921, 0.985406, 0.004673, Iris-setosa
5.50, 3.50, 1.30, 0.20, 0.024494, 0.963826, 0.011681, Iris-setosa
4.90, 3.10, 1.50, 0.10, 0.011267, 0.983690, 0.005043, Iris-setosa
4.40, 3.00, 1.30, 0.20, 0.040480, 0.940569, 0.018952, Iris-setosa
5.10, 3.40, 1.50, 0.20, 0.001141, 0.998342, 0.000517, Iris-setosa
5.00, 3.50, 1.30, 0.30, 0.003833, 0.994361, 0.001806, Iris-setosa
4.50, 2.30, 1.30, 0.30, 0.100904, 0.852724, 0.046372, Iris-setosa
4.40, 3.20, 1.30, 0.20, 0.031866, 0.953071, 0.015063, Iris-setosa
5.00, 3.50, 1.60, 0.60, 0.014672, 0.978870, 0.006458, Iris-setosa
5.10, 3.80, 1.90, 0.40, 0.038892, 0.944173, 0.016935, Iris-setosa
4.80, 3.00, 1.40, 0.30, 0.018494, 0.973200, 0.008305, Iris-setosa
5.10, 3.80, 1.60, 0.20, 0.016550, 0.975755, 0.007695, Iris-setosa
4.60, 3.20, 1.40, 0.20, 0.017276, 0.974770, 0.007954, Iris-setosa
5.30, 3.70, 1.50, 0.20, 0.016082, 0.976396, 0.007523, Iris-setosa
5.00, 3.30, 1.40, 0.20, 0.001810, 0.997361, 0.000829, Iris-setosa
7.00, 3.20, 4.70, 1.40, 0.454246, 0.044600, 0.501153, Iris-versicolor
6.40, 3.20, 4.50, 1.50, 0.764028, 0.029178, 0.206794, Iris-versicolor
6.90, 3.10, 4.90, 1.50, 0.368729, 0.031287, 0.599984, Iris-versicolor
5.50, 2.30, 4.00, 1.30, 0.870007, 0.049528, 0.080465, Iris-versicolor
6.50, 2.80, 4.60, 1.50, 0.758717, 0.024136, 0.217147, Iris-versicolor
5.70, 2.80, 4.50, 1.30, 0.973777, 0.005752, 0.020471, Iris-versicolor
6.30, 3.30, 4.70, 1.60, 0.672992, 0.029807, 0.297201, Iris-versicolor
4.90, 2.40, 3.30, 1.00, 0.581542, 0.286338, 0.132120, Iris-versicolor
6.60, 2.90, 4.60, 1.30, 0.721006, 0.031266, 0.247728, Iris-versicolor
5.20, 2.70, 3.90, 1.40, 0.830322, 0.074967, 0.094711, Iris-versicolor
5.00, 2.00, 3.50, 1.00, 0.635693, 0.219395, 0.144913, Iris-versicolor
5.90, 3.00, 4.20, 1.50, 0.962069, 0.009197, 0.028734, Iris-versicolor
6.00, 2.20, 4.00, 1.00, 0.843044, 0.055828, 0.101128, Iris-versicolor
6.10, 2.90, 4.70, 1.40, 0.899651, 0.012125, 0.088224, Iris-versicolor
5.60, 2.90, 3.60, 1.30, 0.815950, 0.091866, 0.092184, Iris-versicolor
6.70, 3.10, 4.40, 1.40, 0.689867, 0.041751, 0.268382, Iris-versicolor
5.60, 3.00, 4.50, 1.50, 0.933143, 0.014173, 0.052684, Iris-versicolor
5.80, 2.70, 4.10, 1.00, 0.925651, 0.025967, 0.048382, Iris-versicolor
6.20, 2.20, 4.50, 1.50, 0.835341, 0.027211, 0.137447, Iris-versicolor
5.60, 2.50, 3.90, 1.10, 0.877474, 0.051741, 0.070786, Iris-versicolor
5.90, 3.20, 4.80, 1.80, 0.721616, 0.027632, 0.250752, Iris-versicolor
6.10, 2.80, 4.00, 1.30, 0.934232, 0.019533, 0.046234, Iris-versicolor
6.30, 2.50, 4.90, 1.50, 0.705378, 0.024009, 0.270612, Iris-versicolor
6.10, 2.80, 4.70, 1.20, 0.902730, 0.013952, 0.083317, Iris-versicolor
6.40, 2.90, 4.30, 1.30, 0.875900, 0.022933, 0.101166, Iris-versicolor
6.60, 3.00, 4.40, 1.40, 0.754773, 0.033972, 0.211256, Iris-versicolor
6.80, 2.80, 4.80, 1.40, 0.523628, 0.033643, 0.442729, Iris-versicolor
6.70, 3.00, 5.00, 1.70, 0.306279, 0.021200, 0.672521, Iris-versicolor
6.00, 2.90, 4.50, 1.50, 0.968889, 0.004939, 0.026172, Iris-versicolor
5.70, 2.60, 3.50, 1.00, 0.766591, 0.128782, 0.104627, Iris-versicolor
5.50, 2.40, 3.80, 1.10, 0.832006, 0.078102, 0.089892, Iris-versicolor
5.50, 2.40, 3.70, 1.00, 0.795080, 0.104193, 0.100727, Iris-versicolor
5.80, 2.70, 3.90, 1.20, 0.918609, 0.031072, 0.050319, Iris-versicolor
6.00, 2.70, 5.10, 1.60, 0.656250, 0.024002, 0.319748, Iris-versicolor
5.40, 3.00, 4.50, 1.50, 0.891111, 0.026422, 0.082467, Iris-versicolor
6.00, 3.40, 4.50, 1.60, 0.797160, 0.032151, 0.170689, Iris-versicolor
6.70, 3.10, 4.70, 1.50, 0.555398, 0.033476, 0.411126, Iris-versicolor
6.30, 2.30, 4.40, 1.30, 0.857580, 0.026931, 0.115489, Iris-versicolor
5.60, 3.00, 4.10, 1.30, 0.928868, 0.024137, 0.046995, Iris-versicolor
5.50, 2.50, 4.00, 1.30, 0.899292, 0.038307, 0.062402, Iris-versicolor
5.50, 2.60, 4.40, 1.20, 0.931064, 0.019687, 0.049249, Iris-versicolor
6.10, 3.00, 4.60, 1.40, 0.915673, 0.011625, 0.072702, Iris-versicolor
5.80, 2.60, 4.00, 1.20, 0.935606, 0.022588, 0.041806, Iris-versicolor
5.00, 2.30, 3.30, 1.00, 0.597351, 0.270093, 0.132557, Iris-versicolor
5.60, 2.70, 4.20, 1.30, 0.958821, 0.012718, 0.028461, Iris-versicolor
5.70, 3.00, 4.20, 1.20, 0.945506, 0.016813, 0.037681, Iris-versicolor
5.70, 2.90, 4.20, 1.30, 0.967381, 0.009598, 0.023021, Iris-versicolor
6.20, 2.90, 4.30, 1.30, 0.943871, 0.011419, 0.044710, Iris-versicolor
5.10, 2.50, 3.00, 1.10, 0.518984, 0.356753, 0.124264, Iris-versicolor
5.70, 2.80, 4.10, 1.30, 0.960523, 0.012724, 0.026753, Iris-versicolor
6.30, 3.30, 6.00, 2.50, 0.120747, 0.019366, 0.859887, Iris-virginica
5.80, 2.70, 5.10, 1.90, 0.615505, 0.029333, 0.355162, Iris-virginica
7.10, 3.00, 5.90, 2.10, 0.038170, 0.006082, 0.955748, Iris-virginica
6.30, 2.90, 5.60, 1.80, 0.141903, 0.012533, 0.845564, Iris-virginica
6.50, 3.00, 5.80, 2.20, 0.037639, 0.004757, 0.957604, Iris-virginica
7.60, 3.00, 6.60, 2.10, 0.152693, 0.035482, 0.811825, Iris-virginica
4.90, 2.50, 4.50, 1.70, 0.759811, 0.073137, 0.167052, Iris-virginica
7.30, 2.90, 6.30, 1.80, 0.115159, 0.021916, 0.862925, Iris-virginica
6.70, 2.50, 5.80, 1.80, 0.117334, 0.014009, 0.868657, Iris-virginica
7.20, 3.60, 6.10, 2.50, 0.114612, 0.024422, 0.860966, Iris-virginica
6.50, 3.20, 5.10, 2.00, 0.209826, 0.016767, 0.773407, Iris-virginica
6.40, 2.70, 5.30, 1.90, 0.223067, 0.015768, 0.761165, Iris-virginica
6.80, 3.00, 5.50, 2.10, 0.010008, 0.001166, 0.988826, Iris-virginica
5.70, 2.50, 5.00, 2.00, 0.659871, 0.034416, 0.305713, Iris-virginica
5.80, 2.80, 5.10, 2.40, 0.460927, 0.038403, 0.500670, Iris-virginica
6.40, 3.20, 5.30, 2.30, 0.136031, 0.014065, 0.849904, Iris-virginica
6.50, 3.00, 5.50, 1.80, 0.079576, 0.007163, 0.913262, Iris-virginica
7.70, 3.80, 6.70, 2.20, 0.185839, 0.050594, 0.763567, Iris-virginica
7.70, 2.60, 6.90, 2.30, 0.193267, 0.049218, 0.757514, Iris-virginica
6.00, 2.20, 5.00, 1.50, 0.710623, 0.032254, 0.257123, Iris-virginica
6.90, 3.20, 5.70, 2.30, 0.025710, 0.003831, 0.970459, Iris-virginica
5.60, 2.80, 4.90, 2.00, 0.706898, 0.033680, 0.259422, Iris-virginica
7.70, 2.80, 6.70, 2.00, 0.174845, 0.042001, 0.783155, Iris-virginica
6.30, 2.70, 4.90, 1.80, 0.595682, 0.022826, 0.381491, Iris-virginica
6.70, 3.30, 5.70, 2.10, 0.021746, 0.002915, 0.975339, Iris-virginica
7.20, 3.20, 6.00, 1.80, 0.075187, 0.012917, 0.911897, Iris-virginica
6.20, 2.80, 4.80, 1.80, 0.707722, 0.021000, 0.271279, Iris-virginica
6.10, 3.00, 4.90, 1.80, 0.646849, 0.023108, 0.330043, Iris-virginica
6.40, 2.80, 5.60, 2.10, 0.082974, 0.008362, 0.908664, Iris-virginica
7.20, 3.00, 5.80, 1.60, 0.094761, 0.014457, 0.890782, Iris-virginica
7.40, 2.80, 6.10, 1.90, 0.107466, 0.019804, 0.872729, Iris-virginica
7.90, 3.80, 6.40, 2.00, 0.189015, 0.050909, 0.760076, Iris-virginica
6.40, 2.80, 5.60, 2.20, 0.084818, 0.008961, 0.906221, Iris-virginica
6.30, 2.80, 5.10, 1.50, 0.540143, 0.023414, 0.436443, Iris-virginica
6.10, 2.60, 5.60, 1.40, 0.392674, 0.031224, 0.576102, Iris-virginica
7.70, 3.00, 6.10, 2.30, 0.131795, 0.028679, 0.839526, Iris-virginica
6.30, 3.40, 5.60, 2.40, 0.128687, 0.017229, 0.854084, Iris-virginica
6.40, 3.10, 5.50, 1.80, 0.110026, 0.009786, 0.880188, Iris-virginica
6.00, 3.00, 4.80, 1.80, 0.749862, 0.021741, 0.228398, Iris-virginica
6.90, 3.10, 5.40, 2.10, 0.028952, 0.003490, 0.967558, Iris-virginica
6.70, 3.10, 5.60, 2.40, 0.037679, 0.005080, 0.957242, Iris-virginica
6.90, 3.10, 5.10, 2.30, 0.129461, 0.015406, 0.855133, Iris-virginica
5.80, 2.70, 5.10, 1.90, 0.615505, 0.029333, 0.355162, Iris-virginica
6.80, 3.20, 5.90, 2.30, 0.033749, 0.005254, 0.960997, Iris-virginica
6.70, 3.30, 5.70, 2.50, 0.063188, 0.009705, 0.927107, Iris-virginica
6.70, 3.00, 5.20, 2.30, 0.106352, 0.011266, 0.882383, Iris-virginica
6.30, 2.50, 5.00, 1.90, 0.507439, 0.025831, 0.466730, Iris-virginica
6.50, 3.00, 5.20, 2.00, 0.156363, 0.012117, 0.831520, Iris-virginica
6.20, 3.40, 5.40, 2.30, 0.189006, 0.021584, 0.789411, Iris-virginica
5.90, 3.00, 5.10, 1.80, 0.581717, 0.026942, 0.391342, Iris-virginica
