% Title: Title
%
% Centers:
% 	5.003562 3.403032 1.485008 0.251544 
% 	6.775210 3.052458 5.647030 2.053654 
% 	5.889281 2.761264 4.364372 1.397506 
%

@RELATION

@ATTRIBUTE Attribute0 	 REAL
@ATTRIBUTE Attribute1 	 REAL
@ATTRIBUTE Attribute2 	 REAL
@ATTRIBUTE Attribute3 	 REAL
@ATTRIBUTE MU 	 FUZZY {Zhluk0, Zhluk1, Zhluk2}
@ATTRIBUTE class 	 {Iris-setosa, Iris-versicolor, Iris-virginica}

@DATA
5.10, 3.50, 1.40, 0.20, 0.996336, 0.001163, 0.002501, Iris-setosa
4.90, 3.00, 1.40, 0.20, 0.976961, 0.007155, 0.015885, Iris-setosa
4.70, 3.20, 1.30, 0.20, 0.980314, 0.006260, 0.013426, Iris-setosa
4.60, 3.10, 1.50, 0.20, 0.968321, 0.009832, 0.021847, Iris-setosa
5.00, 3.60, 1.40, 0.20, 0.993927, 0.001942, 0.004131, Iris-setosa
5.40, 3.90, 1.70, 0.40, 0.933158, 0.021068, 0.045774, Iris-setosa
4.60, 3.40, 1.40, 0.30, 0.979492, 0.006505, 0.014002, Iris-setosa
5.00, 3.40, 1.50, 0.20, 0.999611, 0.000121, 0.000268, Iris-setosa
4.40, 2.90, 1.40, 0.20, 0.931575, 0.021530, 0.046896, Iris-setosa
4.90, 3.10, 1.50, 0.10, 0.983695, 0.005042, 0.011263, Iris-setosa
5.40, 3.70, 1.50, 0.20, 0.967221, 0.010464, 0.022315, Iris-setosa
4.80, 3.40, 1.60, 0.20, 0.992283, 0.002386, 0.005331, Iris-setosa
4.80, 3.00, 1.40, 0.10, 0.971755, 0.008830, 0.019415, Iris-setosa
4.30, 3.00, 1.10, 0.10, 0.923714, 0.024995, 0.051291, Iris-setosa
5.80, 4.00, 1.20, 0.20, 0.888415, 0.038093, 0.073492, Iris-setosa
5.70, 4.40, 1.50, 0.40, 0.839299, 0.055009, 0.105692, Iris-setosa
5.40, 3.90, 1.30, 0.40, 0.945527, 0.017958, 0.036515, Iris-setosa
5.10, 3.50, 1.40, 0.30, 0.996308, 0.001168, 0.002524, Iris-setosa
5.70, 3.80, 1.70, 0.30, 0.903085, 0.030643, 0.066272, Iris-setosa
5.10, 3.80, 1.50, 0.30, 0.978072, 0.007011, 0.014916, Iris-setosa
5.40, 3.40, 1.70, 0.20, 0.968765, 0.009493, 0.021743, Iris-setosa
5.10, 3.70, 1.50, 0.40, 0.983905, 0.005088, 0.011007, Iris-setosa
4.60, 3.60, 1.00, 0.20, 0.958136, 0.014009, 0.027855, Iris-setosa
5.10, 3.30, 1.70, 0.50, 0.979787, 0.006005, 0.014207, Iris-setosa
4.80, 3.40, 1.90, 0.20, 0.967280, 0.009732, 0.022988, Iris-setosa
5.00, 3.00, 1.60, 0.20, 0.974913, 0.007569, 0.017518, Iris-setosa
5.00, 3.40, 1.60, 0.40, 0.994863, 0.001568, 0.003569, Iris-setosa
5.20, 3.50, 1.50, 0.20, 0.993094, 0.002167, 0.004739, Iris-setosa
5.20, 3.40, 1.40, 0.20, 0.993661, 0.002001, 0.004338, Iris-setosa
4.70, 3.20, 1.60, 0.20, 0.980246, 0.006060, 0.013695, Iris-setosa
4.80, 3.10, 1.60, 0.20, 0.979759, 0.006161, 0.014081, Iris-setosa
5.40, 3.40, 1.50, 0.40, 0.974281, 0.007966, 0.017753, Iris-setosa
5.20, 4.10, 1.50, 0.10, 0.936938, 0.020860, 0.042203, Iris-setosa
5.50, 4.20, 1.40, 0.20, 0.902401, 0.032948, 0.064651, Iris-setosa
4.90, 3.10, 1.50, 0.10, 0.983695, 0.005042, 0.011263, Iris-setosa
5.00, 3.20, 1.20, 0.20, 0.985409, 0.004673, 0.009918, Iris-setosa
5.50, 3.50, 1.30, 0.20, 0.963834, 0.011679, 0.024488, Iris-setosa
4.90, 3.10, 1.50, 0.10, 0.983695, 0.005042, 0.011263, Iris-setosa
4.40, 3.00, 1.30, 0.20, 0.940585, 0.018948, 0.040467, Iris-setosa
5.10, 3.40, 1.50, 0.20, 0.998343, 0.000517, 0.001141, Iris-setosa
5.00, 3.50, 1.30, 0.30, 0.994361, 0.001806, 0.003833, Iris-setosa
4.50, 2.30, 1.30, 0.30, 0.852764, 0.046363, 0.100873, Iris-setosa
4.40, 3.20, 1.30, 0.20, 0.953083, 0.015060, 0.031857, Iris-setosa
5.00, 3.50, 1.60, 0.60, 0.978878, 0.006456, 0.014666, Iris-setosa
5.10, 3.80, 1.90, 0.40, 0.944191, 0.016930, 0.038878, Iris-setosa
4.80, 3.00, 1.40, 0.30, 0.973209, 0.008303, 0.018487, Iris-setosa
5.10, 3.80, 1.60, 0.20, 0.975761, 0.007693, 0.016546, Iris-setosa
4.60, 3.20, 1.40, 0.20, 0.974777, 0.007952, 0.017270, Iris-setosa
5.30, 3.70, 1.50, 0.20, 0.976401, 0.007522, 0.016078, Iris-setosa
5.00, 3.30, 1.40, 0.20, 0.997361, 0.000829, 0.001810, Iris-setosa
7.00, 3.20, 4.70, 1.40, 0.044601, 0.500829, 0.454570, Iris-versicolor
6.40, 3.20, 4.50, 1.50, 0.029156, 0.206465, 0.764379, Iris-versicolor
6.90, 3.10, 4.90, 1.50, 0.031293, 0.599581, 0.369126, Iris-versicolor
5.50, 2.30, 4.00, 1.30, 0.049593, 0.080528, 0.869879, Iris-versicolor
6.50, 2.80, 4.60, 1.50, 0.024113, 0.216748, 0.759138, Iris-versicolor
5.70, 2.80, 4.50, 1.30, 0.005755, 0.020467, 0.973778, Iris-versicolor
6.30, 3.30, 4.70, 1.60, 0.029790, 0.296750, 0.673460, Iris-versicolor
4.90, 2.40, 3.30, 1.00, 0.286487, 0.132135, 0.581378, Iris-versicolor
6.60, 2.90, 4.60, 1.30, 0.031248, 0.247383, 0.721369, Iris-versicolor
5.20, 2.70, 3.90, 1.40, 0.075050, 0.094767, 0.830183, Iris-versicolor
5.00, 2.00, 3.50, 1.00, 0.219516, 0.144934, 0.635551, Iris-versicolor
5.90, 3.00, 4.20, 1.50, 0.009201, 0.028727, 0.962072, Iris-versicolor
6.00, 2.20, 4.00, 1.00, 0.055876, 0.101162, 0.842963, Iris-versicolor
6.10, 2.90, 4.70, 1.40, 0.012097, 0.087941, 0.899962, Iris-versicolor
5.60, 2.90, 3.60, 1.30, 0.091968, 0.092239, 0.815793, Iris-versicolor
6.70, 3.10, 4.40, 1.40, 0.041736, 0.268095, 0.690170, Iris-versicolor
5.60, 3.00, 4.50, 1.50, 0.014171, 0.052637, 0.933192, Iris-versicolor
5.80, 2.70, 4.10, 1.00, 0.026018, 0.048449, 0.925533, Iris-versicolor
6.20, 2.20, 4.50, 1.50, 0.027202, 0.137304, 0.835494, Iris-versicolor
5.60, 2.50, 3.90, 1.10, 0.051824, 0.070862, 0.877315, Iris-versicolor
5.90, 3.20, 4.80, 1.80, 0.027613, 0.250350, 0.722037, Iris-versicolor
6.10, 2.80, 4.00, 1.30, 0.019557, 0.046262, 0.934181, Iris-versicolor
6.30, 2.50, 4.90, 1.50, 0.023993, 0.270162, 0.705845, Iris-versicolor
6.10, 2.80, 4.70, 1.20, 0.013931, 0.083122, 0.902947, Iris-versicolor
6.40, 2.90, 4.30, 1.30, 0.022918, 0.101027, 0.876055, Iris-versicolor
6.60, 3.00, 4.40, 1.40, 0.033953, 0.210980, 0.755067, Iris-versicolor
6.80, 2.80, 4.80, 1.40, 0.033639, 0.442295, 0.524065, Iris-versicolor
6.70, 3.00, 5.00, 1.70, 0.021213, 0.671994, 0.306793, Iris-versicolor
6.00, 2.90, 4.50, 1.50, 0.004918, 0.026037, 0.969045, Iris-versicolor
5.70, 2.60, 3.50, 1.00, 0.128906, 0.104678, 0.766415, Iris-versicolor
5.50, 2.40, 3.80, 1.10, 0.078200, 0.089959, 0.831841, Iris-versicolor
5.50, 2.40, 3.70, 1.00, 0.104305, 0.100787, 0.794908, Iris-versicolor
5.80, 2.70, 3.90, 1.20, 0.031136, 0.050395, 0.918470, Iris-versicolor
6.00, 2.70, 5.10, 1.60, 0.023989, 0.319234, 0.656778, Iris-versicolor
5.40, 3.00, 4.50, 1.50, 0.026430, 0.082438, 0.891132, Iris-versicolor
6.00, 3.40, 4.50, 1.60, 0.032132, 0.170460, 0.797408, Iris-versicolor
6.70, 3.10, 4.70, 1.50, 0.033469, 0.410666, 0.555864, Iris-versicolor
6.30, 2.30, 4.40, 1.30, 0.026925, 0.115387, 0.857688, Iris-versicolor
5.60, 3.00, 4.10, 1.30, 0.024181, 0.047051, 0.928768, Iris-versicolor
5.50, 2.50, 4.00, 1.30, 0.038374, 0.062476, 0.899150, Iris-versicolor
5.50, 2.60, 4.40, 1.20, 0.019716, 0.049293, 0.930990, Iris-versicolor
6.10, 3.00, 4.60, 1.40, 0.011599, 0.072474, 0.915927, Iris-versicolor
5.80, 2.60, 4.00, 1.20, 0.022643, 0.041881, 0.935476, Iris-versicolor
5.00, 2.30, 3.30, 1.00, 0.270240, 0.132575, 0.597185, Iris-versicolor
5.60, 2.70, 4.20, 1.30, 0.012757, 0.028530, 0.958712, Iris-versicolor
5.70, 3.00, 4.20, 1.20, 0.016845, 0.037728, 0.945427, Iris-versicolor
5.70, 2.90, 4.20, 1.30, 0.009627, 0.023076, 0.967297, Iris-versicolor
6.20, 2.90, 4.30, 1.30, 0.011409, 0.044639, 0.943952, Iris-versicolor
5.10, 2.50, 3.00, 1.10, 0.356912, 0.124270, 0.518818, Iris-versicolor
5.70, 2.80, 4.10, 1.30, 0.012766, 0.026824, 0.960409, Iris-versicolor
6.30, 3.30, 6.00, 2.50, 0.019360, 0.859867, 0.120773, Iris-virginica
5.80, 2.70, 5.10, 1.90, 0.029325, 0.354720, 0.615955, Iris-virginica
7.10, 3.00, 5.90, 2.10, 0.006067, 0.955840, 0.038094, Iris-virginica
6.30, 2.90, 5.60, 1.80, 0.012548, 0.845253, 0.142199, Iris-virginica
6.50, 3.00, 5.80, 2.20, 0.004758, 0.957574, 0.037668, Iris-virginica
7.60, 3.00, 6.60, 2.10, 0.035454, 0.811913, 0.152633, Iris-virginica
4.90, 2.50, 4.50, 1.70, 0.073164, 0.167029, 0.759807, Iris-virginica
7.30, 2.90, 6.30, 1.80, 0.021895, 0.863003, 0.115102, Iris-virginica
6.70, 2.50, 5.80, 1.80, 0.014011, 0.868555, 0.117434, Iris-virginica
7.20, 3.60, 6.10, 2.50, 0.024398, 0.861053, 0.114549, Iris-virginica
6.50, 3.20, 5.10, 2.00, 0.016786, 0.772950, 0.210264, Iris-virginica
6.40, 2.70, 5.30, 1.90, 0.015785, 0.760679, 0.223535, Iris-virginica
6.80, 3.00, 5.50, 2.10, 0.001171, 0.988773, 0.010056, Iris-virginica
5.70, 2.50, 5.00, 2.00, 0.034408, 0.305388, 0.660205, Iris-virginica
5.80, 2.80, 5.10, 2.40, 0.038406, 0.500313, 0.461281, Iris-virginica
6.40, 3.20, 5.30, 2.30, 0.014080, 0.849641, 0.136279, Iris-virginica
6.50, 3.00, 5.50, 1.80, 0.007179, 0.912990, 0.079831, Iris-virginica
7.70, 3.80, 6.70, 2.20, 0.050564, 0.763643, 0.185793, Iris-virginica
7.70, 2.60, 6.90, 2.30, 0.049191, 0.757582, 0.193227, Iris-virginica
6.00, 2.20, 5.00, 1.50, 0.032243, 0.256842, 0.710915, Iris-virginica
6.90, 3.20, 5.70, 2.30, 0.003821, 0.970516, 0.025663, Iris-virginica
5.60, 2.80, 4.90, 2.00, 0.033668, 0.259122, 0.707210, Iris-virginica
7.70, 2.80, 6.70, 2.00, 0.041973, 0.783229, 0.174797, Iris-virginica
6.30, 2.70, 4.90, 1.80, 0.022817, 0.380869, 0.596314, Iris-virginica
6.70, 3.30, 5.70, 2.10, 0.002912, 0.975346, 0.021741, Iris-virginica
7.20, 3.20, 6.00, 1.80, 0.012899, 0.911974, 0.075126, Iris-virginica
6.20, 2.80, 4.80, 1.80, 0.020980, 0.270721, 0.708299, Iris-virginica
6.10, 3.00, 4.90, 1.80, 0.023094, 0.329451, 0.647455, Iris-virginica
6.40, 2.80, 5.60, 2.10, 0.008375, 0.908467, 0.083159, Iris-virginica
7.20, 3.00, 5.80, 1.60, 0.014448, 0.890796, 0.094756, Iris-virginica
7.40, 2.80, 6.10, 1.90, 0.019784, 0.872804, 0.107412, Iris-virginica
7.90, 3.80, 6.40, 2.00, 0.050879, 0.760145, 0.188976, Iris-virginica
6.40, 2.80, 5.60, 2.20, 0.008972, 0.906047, 0.084981, Iris-virginica
6.30, 2.80, 5.10, 1.50, 0.023410, 0.435823, 0.540767, Iris-virginica
6.10, 2.60, 5.60, 1.40, 0.031229, 0.575738, 0.393033, Iris-virginica
7.70, 3.00, 6.10, 2.30, 0.028653, 0.839614, 0.131733, Iris-virginica
6.30, 3.40, 5.60, 2.40, 0.017234, 0.853964, 0.128802, Iris-virginica
6.40, 3.10, 5.50, 1.80, 0.009803, 0.879880, 0.110317, Iris-virginica
6.00, 3.00, 4.80, 1.80, 0.021719, 0.227930, 0.750352, Iris-virginica
6.90, 3.10, 5.40, 2.10, 0.003494, 0.967496, 0.029010, Iris-virginica
6.70, 3.10, 5.60, 2.40, 0.005078, 0.957229, 0.037692, Iris-virginica
6.90, 3.10, 5.10, 2.30, 0.015416, 0.854952, 0.129633, Iris-virginica
5.80, 2.70, 5.10, 1.90, 0.029325, 0.354720, 0.615955, Iris-virginica
6.80, 3.20, 5.90, 2.30, 0.005241, 0.961071, 0.033688, Iris-virginica
6.70, 3.30, 5.70, 2.50, 0.009698, 0.927123, 0.063179, Iris-virginica
6.70, 3.00, 5.20, 2.30, 0.011279, 0.882162, 0.106559, Iris-virginica
6.30, 2.50, 5.00, 1.90, 0.025830, 0.466182, 0.507988, Iris-virginica
6.50, 3.00, 5.20, 2.00, 0.012138, 0.831077, 0.156786, Iris-virginica
6.20, 3.40, 5.40, 2.30, 0.021595, 0.789167, 0.189238, Iris-virginica
5.90, 3.00, 5.10, 1.80, 0.026935, 0.390810, 0.582255, Iris-virginica
