% Title: Title
%
% Centers:
% 	6.774979 3.052390 5.646740 2.053541 
% 	5.889084 2.761193 4.364086 1.397360 
% 	5.003561 3.403041 1.484992 0.251537 
%

@RELATION

@ATTRIBUTE Attribute0 	 REAL
@ATTRIBUTE Attribute1 	 REAL
@ATTRIBUTE Attribute2 	 REAL
@ATTRIBUTE Attribute3 	 REAL
@ATTRIBUTE MU 	 FUZZY {Zhluk0, Zhluk1, Zhluk2}
@ATTRIBUTE class 	 {Iris-setosa, Iris-versicolor, Iris-virginica}

@DATA
5.10, 3.50, 1.40, 0.20, 0.001163, 0.002501, 0.996336, Iris-setosa
4.90, 3.00, 1.40, 0.20, 0.007157, 0.015890, 0.976953, Iris-setosa
4.70, 3.20, 1.30, 0.20, 0.006261, 0.013429, 0.980309, Iris-setosa
4.60, 3.10, 1.50, 0.20, 0.009834, 0.021855, 0.968311, Iris-setosa
5.00, 3.60, 1.40, 0.20, 0.001942, 0.004131, 0.993927, Iris-setosa
5.40, 3.90, 1.70, 0.40, 0.021073, 0.045787, 0.933140, Iris-setosa
4.60, 3.40, 1.40, 0.30, 0.006506, 0.014007, 0.979487, Iris-setosa
5.00, 3.40, 1.50, 0.20, 0.000121, 0.000268, 0.999611, Iris-setosa
4.40, 2.90, 1.40, 0.20, 0.021534, 0.046911, 0.931555, Iris-setosa
4.90, 3.10, 1.50, 0.10, 0.005043, 0.011267, 0.983690, Iris-setosa
5.40, 3.70, 1.50, 0.20, 0.010466, 0.022320, 0.967214, Iris-setosa
4.80, 3.40, 1.60, 0.20, 0.002387, 0.005333, 0.992280, Iris-setosa
4.80, 3.00, 1.40, 0.10, 0.008832, 0.019422, 0.971746, Iris-setosa
4.30, 3.00, 1.10, 0.10, 0.025000, 0.051304, 0.923696, Iris-setosa
5.80, 4.00, 1.20, 0.20, 0.038099, 0.073506, 0.888396, Iris-setosa
5.70, 4.40, 1.50, 0.40, 0.055018, 0.105711, 0.839271, Iris-setosa
5.40, 3.90, 1.30, 0.40, 0.017961, 0.036523, 0.945516, Iris-setosa
5.10, 3.50, 1.40, 0.30, 0.001168, 0.002525, 0.996307, Iris-setosa
5.70, 3.80, 1.70, 0.30, 0.030649, 0.066290, 0.903061, Iris-setosa
5.10, 3.80, 1.50, 0.30, 0.007013, 0.014920, 0.978068, Iris-setosa
5.40, 3.40, 1.70, 0.20, 0.009496, 0.021751, 0.968754, Iris-setosa
5.10, 3.70, 1.50, 0.40, 0.005089, 0.011010, 0.983901, Iris-setosa
4.60, 3.60, 1.00, 0.20, 0.014011, 0.027861, 0.958129, Iris-setosa
5.10, 3.30, 1.70, 0.50, 0.006008, 0.014214, 0.979778, Iris-setosa
4.80, 3.40, 1.90, 0.20, 0.009736, 0.022998, 0.967266, Iris-setosa
5.00, 3.00, 1.60, 0.20, 0.007571, 0.017526, 0.974903, Iris-setosa
5.00, 3.40, 1.60, 0.40, 0.001569, 0.003571, 0.994860, Iris-setosa
5.20, 3.50, 1.50, 0.20, 0.002167, 0.004741, 0.993092, Iris-setosa
5.20, 3.40, 1.40, 0.20, 0.002001, 0.004339, 0.993660, Iris-setosa
4.70, 3.20, 1.60, 0.20, 0.006061, 0.013700, 0.980239, Iris-setosa
4.80, 3.10, 1.60, 0.20, 0.006163, 0.014087, 0.979751, Iris-setosa
5.40, 3.40, 1.50, 0.40, 0.007968, 0.017759, 0.974273, Iris-setosa
5.20, 4.10, 1.50, 0.10, 0.020863, 0.042212, 0.936925, Iris-setosa
5.50, 4.20, 1.40, 0.20, 0.032953, 0.064664, 0.902383, Iris-setosa
4.90, 3.10, 1.50, 0.10, 0.005043, 0.011267, 0.983690, Iris-setosa
5.00, 3.20, 1.20, 0.20, 0.004673, 0.009921, 0.985406, Iris-setosa
5.50, 3.50, 1.30, 0.20, 0.011681, 0.024494, 0.963826, Iris-setosa
4.90, 3.10, 1.50, 0.10, 0.005043, 0.011267, 0.983690, Iris-setosa
4.40, 3.00, 1.30, 0.20, 0.018952, 0.040479, 0.940569, Iris-setosa
5.10, 3.40, 1.50, 0.20, 0.000517, 0.001141, 0.998342, Iris-setosa
5.00, 3.50, 1.30, 0.30, 0.001806, 0.003833, 0.994361, Iris-setosa
4.50, 2.30, 1.30, 0.30, 0.046372, 0.100904, 0.852725, Iris-setosa
4.40, 3.20, 1.30, 0.20, 0.015063, 0.031866, 0.953071, Iris-setosa
5.00, 3.50, 1.60, 0.60, 0.006458, 0.014672, 0.978870, Iris-setosa
5.10, 3.80, 1.90, 0.40, 0.016935, 0.038892, 0.944173, Iris-setosa
4.80, 3.00, 1.40, 0.30, 0.008305, 0.018494, 0.973200, Iris-setosa
5.10, 3.80, 1.60, 0.20, 0.007695, 0.016550, 0.975755, Iris-setosa
4.60, 3.20, 1.40, 0.20, 0.007954, 0.017276, 0.974770, Iris-setosa
5.30, 3.70, 1.50, 0.20, 0.007523, 0.016082, 0.976396, Iris-setosa
5.00, 3.30, 1.40, 0.20, 0.000829, 0.001810, 0.997361, Iris-setosa
7.00, 3.20, 4.70, 1.40, 0.501148, 0.454252, 0.044600, Iris-versicolor
6.40, 3.20, 4.50, 1.50, 0.206789, 0.764034, 0.029177, Iris-versicolor
6.90, 3.10, 4.90, 1.50, 0.599977, 0.368736, 0.031287, Iris-versicolor
5.50, 2.30, 4.00, 1.30, 0.080466, 0.870005, 0.049529, Iris-versicolor
6.50, 2.80, 4.60, 1.50, 0.217140, 0.758725, 0.024135, Iris-versicolor
5.70, 2.80, 4.50, 1.30, 0.020471, 0.973777, 0.005752, Iris-versicolor
6.30, 3.30, 4.70, 1.60, 0.297194, 0.673000, 0.029806, Iris-versicolor
4.90, 2.40, 3.30, 1.00, 0.132120, 0.581540, 0.286341, Iris-versicolor
6.60, 2.90, 4.60, 1.30, 0.247722, 0.721012, 0.031266, Iris-versicolor
5.20, 2.70, 3.90, 1.40, 0.094712, 0.830320, 0.074968, Iris-versicolor
5.00, 2.00, 3.50, 1.00, 0.144913, 0.635690, 0.219397, Iris-versicolor
5.90, 3.00, 4.20, 1.50, 0.028734, 0.962069, 0.009197, Iris-versicolor
6.00, 2.20, 4.00, 1.00, 0.101129, 0.843042, 0.055829, Iris-versicolor
6.10, 2.90, 4.70, 1.40, 0.088219, 0.899656, 0.012125, Iris-versicolor
5.60, 2.90, 3.60, 1.30, 0.092184, 0.815947, 0.091868, Iris-versicolor
6.70, 3.10, 4.40, 1.40, 0.268377, 0.689873, 0.041750, Iris-versicolor
5.60, 3.00, 4.50, 1.50, 0.052683, 0.933144, 0.014173, Iris-versicolor
5.80, 2.70, 4.10, 1.00, 0.048383, 0.925649, 0.025968, Iris-versicolor
6.20, 2.20, 4.50, 1.50, 0.137445, 0.835344, 0.027211, Iris-versicolor
5.60, 2.50, 3.90, 1.10, 0.070787, 0.877471, 0.051742, Iris-versicolor
5.90, 3.20, 4.80, 1.80, 0.250745, 0.721623, 0.027632, Iris-versicolor
6.10, 2.80, 4.00, 1.30, 0.046235, 0.934231, 0.019534, Iris-versicolor
6.30, 2.50, 4.90, 1.50, 0.270604, 0.705387, 0.024009, Iris-versicolor
6.10, 2.80, 4.70, 1.20, 0.083314, 0.902734, 0.013952, Iris-versicolor
6.40, 2.90, 4.30, 1.30, 0.101164, 0.875903, 0.022933, Iris-versicolor
6.60, 3.00, 4.40, 1.40, 0.211251, 0.754778, 0.033971, Iris-versicolor
6.80, 2.80, 4.80, 1.40, 0.442721, 0.523636, 0.033643, Iris-versicolor
6.70, 3.00, 5.00, 1.70, 0.672512, 0.306288, 0.021200, Iris-versicolor
6.00, 2.90, 4.50, 1.50, 0.026169, 0.968892, 0.004939, Iris-versicolor
5.70, 2.60, 3.50, 1.00, 0.104628, 0.766588, 0.128784, Iris-versicolor
5.50, 2.40, 3.80, 1.10, 0.089893, 0.832003, 0.078104, Iris-versicolor
5.50, 2.40, 3.70, 1.00, 0.100728, 0.795077, 0.104194, Iris-versicolor
5.80, 2.70, 3.90, 1.20, 0.050320, 0.918607, 0.031073, Iris-versicolor
6.00, 2.70, 5.10, 1.60, 0.319739, 0.656260, 0.024002, Iris-versicolor
5.40, 3.00, 4.50, 1.50, 0.082467, 0.891111, 0.026422, Iris-versicolor
6.00, 3.40, 4.50, 1.60, 0.170685, 0.797165, 0.032150, Iris-versicolor
6.70, 3.10, 4.70, 1.50, 0.411118, 0.555406, 0.033476, Iris-versicolor
6.30, 2.30, 4.40, 1.30, 0.115487, 0.857582, 0.026930, Iris-versicolor
5.60, 3.00, 4.10, 1.30, 0.046996, 0.928866, 0.024138, Iris-versicolor
5.50, 2.50, 4.00, 1.30, 0.062403, 0.899289, 0.038308, Iris-versicolor
5.50, 2.60, 4.40, 1.20, 0.049250, 0.931063, 0.019687, Iris-versicolor
6.10, 3.00, 4.60, 1.40, 0.072698, 0.915677, 0.011625, Iris-versicolor
5.80, 2.60, 4.00, 1.20, 0.041807, 0.935604, 0.022589, Iris-versicolor
5.00, 2.30, 3.30, 1.00, 0.132557, 0.597348, 0.270095, Iris-versicolor
5.60, 2.70, 4.20, 1.30, 0.028462, 0.958819, 0.012719, Iris-versicolor
5.70, 3.00, 4.20, 1.20, 0.037682, 0.945504, 0.016814, Iris-versicolor
5.70, 2.90, 4.20, 1.30, 0.023022, 0.967380, 0.009598, Iris-versicolor
6.20, 2.90, 4.30, 1.30, 0.044708, 0.943873, 0.011419, Iris-versicolor
5.10, 2.50, 3.00, 1.10, 0.124264, 0.518981, 0.356755, Iris-versicolor
5.70, 2.80, 4.10, 1.30, 0.026754, 0.960521, 0.012725, Iris-versicolor
6.30, 3.30, 6.00, 2.50, 0.859887, 0.120747, 0.019366, Iris-virginica
5.80, 2.70, 5.10, 1.90, 0.355155, 0.615513, 0.029333, Iris-virginica
7.10, 3.00, 5.90, 2.10, 0.955750, 0.038168, 0.006082, Iris-virginica
6.30, 2.90, 5.60, 1.80, 0.845559, 0.141908, 0.012533, Iris-virginica
6.50, 3.00, 5.80, 2.20, 0.957603, 0.037639, 0.004757, Iris-virginica
7.60, 3.00, 6.60, 2.10, 0.811826, 0.152692, 0.035482, Iris-virginica
4.90, 2.50, 4.50, 1.70, 0.167052, 0.759811, 0.073137, Iris-virginica
7.30, 2.90, 6.30, 1.80, 0.862926, 0.115158, 0.021916, Iris-virginica
6.70, 2.50, 5.80, 1.80, 0.868655, 0.117336, 0.014009, Iris-virginica
7.20, 3.60, 6.10, 2.50, 0.860967, 0.114611, 0.024422, Iris-virginica
6.50, 3.20, 5.10, 2.00, 0.773399, 0.209834, 0.016768, Iris-virginica
6.40, 2.70, 5.30, 1.90, 0.761156, 0.223075, 0.015768, Iris-virginica
6.80, 3.00, 5.50, 2.10, 0.988825, 0.010009, 0.001166, Iris-virginica
5.70, 2.50, 5.00, 2.00, 0.305707, 0.659877, 0.034416, Iris-virginica
5.80, 2.80, 5.10, 2.40, 0.500664, 0.460933, 0.038403, Iris-virginica
6.40, 3.20, 5.30, 2.30, 0.849899, 0.136035, 0.014066, Iris-virginica
6.50, 3.00, 5.50, 1.80, 0.913257, 0.079580, 0.007163, Iris-virginica
7.70, 3.80, 6.70, 2.20, 0.763568, 0.185838, 0.050594, Iris-virginica
7.70, 2.60, 6.90, 2.30, 0.757516, 0.193266, 0.049218, Iris-virginica
6.00, 2.20, 5.00, 1.50, 0.257118, 0.710628, 0.032254, Iris-virginica
6.90, 3.20, 5.70, 2.30, 0.970460, 0.025709, 0.003831, Iris-virginica
5.60, 2.80, 4.90, 2.00, 0.259417, 0.706903, 0.033680, Iris-virginica
7.70, 2.80, 6.70, 2.00, 0.783156, 0.174844, 0.042000, Iris-virginica
6.30, 2.70, 4.90, 1.80, 0.381480, 0.595693, 0.022826, Iris-virginica
6.70, 3.30, 5.70, 2.10, 0.975340, 0.021746, 0.002915, Iris-virginica
7.20, 3.20, 6.00, 1.80, 0.911898, 0.075185, 0.012917, Iris-virginica
6.20, 2.80, 4.80, 1.80, 0.271269, 0.707732, 0.020999, Iris-virginica
6.10, 3.00, 4.90, 1.80, 0.330032, 0.646860, 0.023108, Iris-virginica
6.40, 2.80, 5.60, 2.10, 0.908660, 0.082977, 0.008363, Iris-virginica
7.20, 3.00, 5.80, 1.60, 0.890782, 0.094761, 0.014457, Iris-virginica
7.40, 2.80, 6.10, 1.90, 0.872731, 0.107465, 0.019804, Iris-virginica
7.90, 3.80, 6.40, 2.00, 0.760078, 0.189014, 0.050908, Iris-virginica
6.40, 2.80, 5.60, 2.20, 0.906218, 0.084821, 0.008962, Iris-virginica
6.30, 2.80, 5.10, 1.50, 0.436432, 0.540154, 0.023414, Iris-virginica
6.10, 2.60, 5.60, 1.40, 0.576096, 0.392680, 0.031224, Iris-virginica
7.70, 3.00, 6.10, 2.30, 0.839528, 0.131793, 0.028679, Iris-virginica
6.30, 3.40, 5.60, 2.40, 0.854082, 0.128689, 0.017229, Iris-virginica
6.40, 3.10, 5.50, 1.80, 0.880182, 0.110032, 0.009786, Iris-virginica
6.00, 3.00, 4.80, 1.80, 0.228389, 0.749870, 0.021740, Iris-virginica
6.90, 3.10, 5.40, 2.10, 0.967557, 0.028953, 0.003490, Iris-virginica
6.70, 3.10, 5.60, 2.40, 0.957241, 0.037679, 0.005080, Iris-virginica
6.90, 3.10, 5.10, 2.30, 0.855129, 0.129464, 0.015407, Iris-virginica
5.80, 2.70, 5.10, 1.90, 0.355155, 0.615513, 0.029333, Iris-virginica
6.80, 3.20, 5.90, 2.30, 0.960998, 0.033748, 0.005254, Iris-virginica
6.70, 3.30, 5.70, 2.50, 0.927107, 0.063188, 0.009705, Iris-virginica
6.70, 3.00, 5.20, 2.30, 0.882379, 0.106355, 0.011266, Iris-virginica
6.30, 2.50, 5.00, 1.90, 0.466720, 0.507449, 0.025831, Iris-virginica
6.50, 3.00, 5.20, 2.00, 0.831512, 0.156370, 0.012117, Iris-virginica
6.20, 3.40, 5.40, 2.30, 0.789406, 0.189010, 0.021584, Iris-virginica
5.90, 3.00, 5.10, 1.80, 0.391332, 0.581726, 0.026942, Iris-virginica
