% Title: irisko
%
% Centers:
% 	6.204853 2.945730 4.689711 1.582636 
% 	5.245122 3.275994 2.167789 0.538912 
% 	5.802151 2.999001 3.751132 1.191330 
%

@RELATION

@ATTRIBUTE Attribute0 	 REAL
@ATTRIBUTE Attribute1 	 REAL
@ATTRIBUTE Attribute2 	 REAL
@ATTRIBUTE Attribute3 	 REAL
@ATTRIBUTE MU 	 FUZZY {Zhluk0, Zhluk1, Zhluk2}
@ATTRIBUTE class 	 {Iris-setosa, Iris-versicolor, Iris-virginica}

@DATA
5.10, 3.50, 1.40, 0.20, 0.203409, 0.503233, 0.293358, Iris-setosa
4.90, 3.00, 1.40, 0.20, 0.205397, 0.499199, 0.295404, Iris-setosa
4.70, 3.20, 1.30, 0.20, 0.211449, 0.489882, 0.298669, Iris-setosa
4.60, 3.10, 1.50, 0.20, 0.207466, 0.495682, 0.296851, Iris-setosa
5.00, 3.60, 1.40, 0.20, 0.205597, 0.499727, 0.294677, Iris-setosa
5.40, 3.90, 1.70, 0.40, 0.194186, 0.517957, 0.287857, Iris-setosa
4.60, 3.40, 1.40, 0.30, 0.209538, 0.492899, 0.297563, Iris-setosa
5.00, 3.40, 1.50, 0.20, 0.199900, 0.508763, 0.291337, Iris-setosa
4.40, 2.90, 1.40, 0.20, 0.216398, 0.481211, 0.302391, Iris-setosa
4.90, 3.10, 1.50, 0.10, 0.203062, 0.503078, 0.293860, Iris-setosa
5.40, 3.70, 1.50, 0.20, 0.200841, 0.507341, 0.291818, Iris-setosa
4.80, 3.40, 1.60, 0.20, 0.199826, 0.508604, 0.291570, Iris-setosa
4.80, 3.00, 1.40, 0.10, 0.208704, 0.493877, 0.297420, Iris-setosa
4.30, 3.00, 1.10, 0.10, 0.226088, 0.467031, 0.306881, Iris-setosa
5.80, 4.00, 1.20, 0.20, 0.220017, 0.476786, 0.303197, Iris-setosa
5.70, 4.40, 1.50, 0.40, 0.219407, 0.477076, 0.303517, Iris-setosa
5.40, 3.90, 1.30, 0.40, 0.209756, 0.493013, 0.297231, Iris-setosa
5.10, 3.50, 1.40, 0.30, 0.201854, 0.505736, 0.292410, Iris-setosa
5.70, 3.80, 1.70, 0.30, 0.194922, 0.516356, 0.288721, Iris-setosa
5.10, 3.80, 1.50, 0.30, 0.202644, 0.504454, 0.292902, Iris-setosa
5.40, 3.40, 1.70, 0.20, 0.187639, 0.529100, 0.283262, Iris-setosa
5.10, 3.70, 1.50, 0.40, 0.199352, 0.509791, 0.290857, Iris-setosa
4.60, 3.60, 1.00, 0.20, 0.223304, 0.472085, 0.304611, Iris-setosa
5.10, 3.30, 1.70, 0.50, 0.183427, 0.536194, 0.280379, Iris-setosa
4.80, 3.40, 1.90, 0.20, 0.188976, 0.526189, 0.284835, Iris-setosa
5.00, 3.00, 1.60, 0.20, 0.196092, 0.514201, 0.289707, Iris-setosa
5.00, 3.40, 1.60, 0.40, 0.192322, 0.521211, 0.286467, Iris-setosa
5.20, 3.50, 1.50, 0.20, 0.198580, 0.511072, 0.290348, Iris-setosa
5.20, 3.40, 1.40, 0.20, 0.201783, 0.505791, 0.292426, Iris-setosa
4.70, 3.20, 1.60, 0.20, 0.201542, 0.505385, 0.293073, Iris-setosa
4.80, 3.10, 1.60, 0.20, 0.199406, 0.508805, 0.291789, Iris-setosa
5.40, 3.40, 1.50, 0.40, 0.193242, 0.519707, 0.287052, Iris-setosa
5.20, 4.10, 1.50, 0.10, 0.212179, 0.489114, 0.298706, Iris-setosa
5.50, 4.20, 1.40, 0.20, 0.216278, 0.482586, 0.301136, Iris-setosa
4.90, 3.10, 1.50, 0.10, 0.203062, 0.503078, 0.293860, Iris-setosa
5.00, 3.20, 1.20, 0.20, 0.210586, 0.491489, 0.297925, Iris-setosa
5.50, 3.50, 1.30, 0.20, 0.206311, 0.498431, 0.295258, Iris-setosa
4.90, 3.10, 1.50, 0.10, 0.203062, 0.503078, 0.293860, Iris-setosa
4.40, 3.00, 1.30, 0.20, 0.218245, 0.478705, 0.303049, Iris-setosa
5.10, 3.40, 1.50, 0.20, 0.198607, 0.510929, 0.290463, Iris-setosa
5.00, 3.50, 1.30, 0.30, 0.206814, 0.497738, 0.295448, Iris-setosa
4.50, 2.30, 1.30, 0.30, 0.225042, 0.466889, 0.308070, Iris-setosa
4.40, 3.20, 1.30, 0.20, 0.217587, 0.480018, 0.302395, Iris-setosa
5.00, 3.50, 1.60, 0.60, 0.191320, 0.522762, 0.285918, Iris-setosa
5.10, 3.80, 1.90, 0.40, 0.185157, 0.533132, 0.281711, Iris-setosa
4.80, 3.00, 1.40, 0.30, 0.205681, 0.498626, 0.295693, Iris-setosa
5.10, 3.80, 1.60, 0.20, 0.200674, 0.507590, 0.291736, Iris-setosa
4.60, 3.20, 1.40, 0.20, 0.210322, 0.491455, 0.298224, Iris-setosa
5.30, 3.70, 1.50, 0.20, 0.200983, 0.507173, 0.291845, Iris-setosa
5.00, 3.30, 1.40, 0.20, 0.203284, 0.503197, 0.293519, Iris-setosa
7.00, 3.20, 4.70, 1.40, 0.549329, 0.158677, 0.291994, Iris-versicolor
6.40, 3.20, 4.50, 1.50, 0.717063, 0.079978, 0.202959, Iris-versicolor
6.90, 3.10, 4.90, 1.50, 0.566908, 0.151420, 0.281672, Iris-versicolor
5.50, 2.30, 4.00, 1.30, 0.382891, 0.205053, 0.412057, Iris-versicolor
6.50, 2.80, 4.60, 1.50, 0.680460, 0.095835, 0.223705, Iris-versicolor
5.70, 2.80, 4.50, 1.30, 0.685425, 0.079938, 0.234637, Iris-versicolor
6.30, 3.30, 4.70, 1.60, 0.674209, 0.098819, 0.226972, Iris-versicolor
4.90, 2.40, 3.30, 1.00, 0.197751, 0.465029, 0.337219, Iris-versicolor
6.60, 2.90, 4.60, 1.30, 0.649018, 0.107578, 0.243404, Iris-versicolor
5.20, 2.70, 3.90, 1.40, 0.309067, 0.242402, 0.448531, Iris-versicolor
5.00, 2.00, 3.50, 1.00, 0.255241, 0.380630, 0.364129, Iris-versicolor
5.90, 3.00, 4.20, 1.50, 0.905549, 0.017324, 0.077128, Iris-versicolor
6.00, 2.20, 4.00, 1.00, 0.406023, 0.199759, 0.394217, Iris-versicolor
6.10, 2.90, 4.70, 1.40, 0.747317, 0.070305, 0.182378, Iris-versicolor
5.60, 2.90, 3.60, 1.30, 0.125151, 0.204497, 0.670352, Iris-versicolor
6.70, 3.10, 4.40, 1.40, 0.623830, 0.115727, 0.260443, Iris-versicolor
5.60, 3.00, 4.50, 1.50, 0.665313, 0.088233, 0.246454, Iris-versicolor
5.80, 2.70, 4.10, 1.00, 0.436599, 0.120137, 0.443263, Iris-versicolor
6.20, 2.20, 4.50, 1.50, 0.573792, 0.137439, 0.288769, Iris-versicolor
5.60, 2.50, 3.90, 1.10, 0.314458, 0.199242, 0.486300, Iris-versicolor
5.90, 3.20, 4.80, 1.80, 0.644523, 0.110596, 0.244881, Iris-versicolor
6.10, 2.80, 4.00, 1.30, 0.651684, 0.056614, 0.291703, Iris-versicolor
6.30, 2.50, 4.90, 1.50, 0.617173, 0.124524, 0.258303, Iris-versicolor
6.10, 2.80, 4.70, 1.20, 0.702521, 0.084191, 0.213288, Iris-versicolor
6.40, 2.90, 4.30, 1.30, 0.743388, 0.064875, 0.191738, Iris-versicolor
6.60, 3.00, 4.40, 1.40, 0.666834, 0.097333, 0.235834, Iris-versicolor
6.80, 2.80, 4.80, 1.40, 0.588218, 0.139008, 0.272774, Iris-versicolor
6.70, 3.00, 5.00, 1.70, 0.588139, 0.141579, 0.270283, Iris-versicolor
6.00, 2.90, 4.50, 1.50, 0.833791, 0.041164, 0.125045, Iris-versicolor
5.70, 2.60, 3.50, 1.00, 0.160164, 0.369868, 0.469968, Iris-versicolor
5.50, 2.40, 3.80, 1.10, 0.283699, 0.257299, 0.459002, Iris-versicolor
5.50, 2.40, 3.70, 1.00, 0.245883, 0.305384, 0.448733, Iris-versicolor
5.80, 2.70, 3.90, 1.20, 0.319848, 0.106595, 0.573557, Iris-versicolor
6.00, 2.70, 5.10, 1.60, 0.609122, 0.129184, 0.261693, Iris-versicolor
5.40, 3.00, 4.50, 1.50, 0.561644, 0.127804, 0.310552, Iris-versicolor
6.00, 3.40, 4.50, 1.60, 0.687421, 0.087115, 0.225464, Iris-versicolor
6.70, 3.10, 4.70, 1.50, 0.619989, 0.123192, 0.256819, Iris-versicolor
6.30, 2.30, 4.40, 1.30, 0.580791, 0.130035, 0.289174, Iris-versicolor
5.60, 3.00, 4.10, 1.30, 0.463045, 0.090228, 0.446727, Iris-versicolor
5.50, 2.50, 4.00, 1.30, 0.381042, 0.178178, 0.440780, Iris-versicolor
5.50, 2.60, 4.40, 1.20, 0.518678, 0.138540, 0.342782, Iris-versicolor
6.10, 3.00, 4.60, 1.40, 0.797308, 0.053106, 0.149586, Iris-versicolor
5.80, 2.60, 4.00, 1.20, 0.432016, 0.116543, 0.451442, Iris-versicolor
5.00, 2.30, 3.30, 1.00, 0.203083, 0.453547, 0.343370, Iris-versicolor
5.60, 2.70, 4.20, 1.30, 0.534659, 0.106359, 0.358982, Iris-versicolor
5.70, 3.00, 4.20, 1.20, 0.593340, 0.070027, 0.336633, Iris-versicolor
5.70, 2.90, 4.20, 1.30, 0.653612, 0.061881, 0.284507, Iris-versicolor
6.20, 2.90, 4.30, 1.30, 0.864691, 0.029694, 0.105615, Iris-versicolor
5.10, 2.50, 3.00, 1.10, 0.155258, 0.550096, 0.294646, Iris-versicolor
5.70, 2.80, 4.10, 1.30, 0.539303, 0.078290, 0.382407, Iris-versicolor
6.30, 3.30, 6.00, 2.50, 0.480048, 0.207080, 0.312872, Iris-virginica
5.80, 2.70, 5.10, 1.90, 0.576080, 0.145082, 0.278839, Iris-virginica
7.10, 3.00, 5.90, 2.10, 0.484971, 0.204304, 0.310725, Iris-virginica
6.30, 2.90, 5.60, 1.80, 0.539292, 0.169201, 0.291507, Iris-virginica
6.50, 3.00, 5.80, 2.20, 0.505407, 0.190522, 0.304072, Iris-virginica
7.60, 3.00, 6.60, 2.10, 0.446328, 0.232170, 0.321502, Iris-virginica
4.90, 2.50, 4.50, 1.70, 0.423832, 0.220875, 0.355294, Iris-virginica
7.30, 2.90, 6.30, 1.80, 0.464752, 0.218393, 0.316855, Iris-virginica
6.70, 2.50, 5.80, 1.80, 0.504620, 0.190653, 0.304727, Iris-virginica
7.20, 3.60, 6.10, 2.50, 0.457681, 0.223527, 0.318793, Iris-virginica
6.50, 3.20, 5.10, 2.00, 0.570260, 0.151291, 0.278449, Iris-virginica
6.40, 2.70, 5.30, 1.90, 0.562025, 0.155986, 0.281989, Iris-virginica
6.80, 3.00, 5.50, 2.10, 0.519524, 0.181607, 0.298869, Iris-virginica
5.70, 2.50, 5.00, 2.00, 0.551462, 0.156547, 0.291991, Iris-virginica
5.80, 2.80, 5.10, 2.40, 0.527728, 0.172530, 0.299743, Iris-virginica
6.40, 3.20, 5.30, 2.30, 0.532028, 0.173125, 0.294847, Iris-virginica
6.50, 3.00, 5.50, 1.80, 0.544888, 0.166234, 0.288878, Iris-virginica
7.70, 3.80, 6.70, 2.20, 0.433652, 0.241918, 0.324429, Iris-virginica
7.70, 2.60, 6.90, 2.30, 0.435902, 0.240137, 0.323961, Iris-virginica
6.00, 2.20, 5.00, 1.50, 0.554502, 0.154232, 0.291267, Iris-virginica
6.90, 3.20, 5.70, 2.30, 0.493853, 0.198178, 0.307970, Iris-virginica
5.60, 2.80, 4.90, 2.00, 0.566248, 0.147009, 0.286743, Iris-virginica
7.70, 2.80, 6.70, 2.00, 0.442116, 0.235303, 0.322581, Iris-virginica
6.30, 2.70, 4.90, 1.80, 0.627741, 0.121202, 0.251057, Iris-virginica
6.70, 3.30, 5.70, 2.10, 0.505542, 0.190470, 0.303989, Iris-virginica
7.20, 3.20, 6.00, 1.80, 0.478239, 0.208810, 0.312952, Iris-virginica
6.20, 2.80, 4.80, 1.80, 0.660577, 0.105949, 0.233474, Iris-virginica
6.10, 3.00, 4.90, 1.80, 0.649590, 0.110996, 0.239414, Iris-virginica
6.40, 2.80, 5.60, 2.10, 0.525515, 0.177626, 0.296859, Iris-virginica
7.20, 3.00, 5.80, 1.60, 0.489150, 0.201021, 0.309829, Iris-virginica
7.40, 2.80, 6.10, 1.90, 0.468172, 0.215875, 0.315953, Iris-virginica
7.90, 3.80, 6.40, 2.00, 0.435079, 0.240613, 0.324309, Iris-virginica
6.40, 2.80, 5.60, 2.20, 0.520470, 0.180678, 0.298852, Iris-virginica
6.30, 2.80, 5.10, 1.50, 0.615902, 0.127156, 0.256942, Iris-virginica
6.10, 2.60, 5.60, 1.40, 0.532238, 0.171574, 0.296188, Iris-virginica
7.70, 3.00, 6.10, 2.30, 0.453753, 0.226442, 0.319805, Iris-virginica
6.30, 3.40, 5.60, 2.40, 0.501585, 0.192209, 0.306206, Iris-virginica
6.40, 3.10, 5.50, 1.80, 0.546739, 0.165013, 0.288248, Iris-virginica
6.00, 3.00, 4.80, 1.80, 0.668374, 0.101694, 0.229932, Iris-virginica
6.90, 3.10, 5.40, 2.10, 0.518750, 0.181926, 0.299325, Iris-virginica
6.70, 3.10, 5.60, 2.40, 0.502339, 0.192404, 0.305257, Iris-virginica
6.90, 3.10, 5.10, 2.30, 0.520644, 0.179891, 0.299465, Iris-virginica
5.80, 2.70, 5.10, 1.90, 0.576080, 0.145082, 0.278839, Iris-virginica
6.80, 3.20, 5.90, 2.30, 0.487571, 0.202490, 0.309939, Iris-virginica
6.70, 3.30, 5.70, 2.50, 0.489396, 0.200915, 0.309688, Iris-virginica
6.70, 3.00, 5.20, 2.30, 0.530289, 0.174323, 0.295388, Iris-virginica
6.30, 2.50, 5.00, 1.90, 0.583726, 0.142633, 0.273642, Iris-virginica
6.50, 3.00, 5.20, 2.00, 0.566130, 0.153945, 0.279925, Iris-virginica
6.20, 3.40, 5.40, 2.30, 0.519015, 0.180577, 0.300408, Iris-virginica
5.90, 3.00, 5.10, 1.80, 0.601706, 0.132947, 0.265347, Iris-virginica
