% Title: Title
%
% Centers:
% 	5.003561 3.403040 1.484995 0.251538 
% 	6.775020 3.052402 5.646791 2.053561 
% 	5.889118 2.761206 4.364136 1.397385 
%

@RELATION

@ATTRIBUTE Attribute0 	 REAL
@ATTRIBUTE Attribute1 	 REAL
@ATTRIBUTE Attribute2 	 REAL
@ATTRIBUTE Attribute3 	 REAL
@ATTRIBUTE MU 	 FUZZY {Zhluk0, Zhluk1, Zhluk2}
@ATTRIBUTE class 	 {Iris-setosa, Iris-versicolor, Iris-virginica}

@DATA
5.10, 3.50, 1.40, 0.20, 0.996336, 0.001163, 0.002501, Iris-setosa
4.90, 3.00, 1.40, 0.20, 0.976954, 0.007156, 0.015889, Iris-setosa
4.70, 3.20, 1.30, 0.20, 0.980310, 0.006261, 0.013429, Iris-setosa
4.60, 3.10, 1.50, 0.20, 0.968313, 0.009834, 0.021854, Iris-setosa
5.00, 3.60, 1.40, 0.20, 0.993927, 0.001942, 0.004131, Iris-setosa
5.40, 3.90, 1.70, 0.40, 0.933143, 0.021072, 0.045785, Iris-setosa
4.60, 3.40, 1.40, 0.30, 0.979488, 0.006506, 0.014006, Iris-setosa
5.00, 3.40, 1.50, 0.20, 0.999611, 0.000121, 0.000268, Iris-setosa
4.40, 2.90, 1.40, 0.20, 0.931558, 0.021533, 0.046908, Iris-setosa
4.90, 3.10, 1.50, 0.10, 0.983691, 0.005043, 0.011267, Iris-setosa
5.40, 3.70, 1.50, 0.20, 0.967215, 0.010466, 0.022319, Iris-setosa
4.80, 3.40, 1.60, 0.20, 0.992281, 0.002387, 0.005333, Iris-setosa
4.80, 3.00, 1.40, 0.10, 0.971748, 0.008832, 0.019421, Iris-setosa
4.30, 3.00, 1.10, 0.10, 0.923699, 0.024999, 0.051302, Iris-setosa
5.80, 4.00, 1.20, 0.20, 0.888399, 0.038098, 0.073503, Iris-setosa
5.70, 4.40, 1.50, 0.40, 0.839276, 0.055016, 0.105708, Iris-setosa
5.40, 3.90, 1.30, 0.40, 0.945518, 0.017960, 0.036522, Iris-setosa
5.10, 3.50, 1.40, 0.30, 0.996307, 0.001168, 0.002524, Iris-setosa
5.70, 3.80, 1.70, 0.30, 0.903065, 0.030648, 0.066287, Iris-setosa
5.10, 3.80, 1.50, 0.30, 0.978069, 0.007012, 0.014919, Iris-setosa
5.40, 3.40, 1.70, 0.20, 0.968756, 0.009495, 0.021749, Iris-setosa
5.10, 3.70, 1.50, 0.40, 0.983902, 0.005089, 0.011010, Iris-setosa
4.60, 3.60, 1.00, 0.20, 0.958130, 0.014010, 0.027860, Iris-setosa
5.10, 3.30, 1.70, 0.50, 0.979780, 0.006007, 0.014213, Iris-setosa
4.80, 3.40, 1.90, 0.20, 0.967269, 0.009735, 0.022996, Iris-setosa
5.00, 3.00, 1.60, 0.20, 0.974905, 0.007571, 0.017524, Iris-setosa
5.00, 3.40, 1.60, 0.40, 0.994861, 0.001569, 0.003570, Iris-setosa
5.20, 3.50, 1.50, 0.20, 0.993093, 0.002167, 0.004740, Iris-setosa
5.20, 3.40, 1.40, 0.20, 0.993660, 0.002001, 0.004339, Iris-setosa
4.70, 3.20, 1.60, 0.20, 0.980240, 0.006061, 0.013699, Iris-setosa
4.80, 3.10, 1.60, 0.20, 0.979752, 0.006162, 0.014086, Iris-setosa
5.40, 3.40, 1.50, 0.40, 0.974274, 0.007968, 0.017758, Iris-setosa
5.20, 4.10, 1.50, 0.10, 0.936927, 0.020862, 0.042210, Iris-setosa
5.50, 4.20, 1.40, 0.20, 0.902386, 0.032952, 0.064662, Iris-setosa
4.90, 3.10, 1.50, 0.10, 0.983691, 0.005043, 0.011267, Iris-setosa
5.00, 3.20, 1.20, 0.20, 0.985406, 0.004673, 0.009920, Iris-setosa
5.50, 3.50, 1.30, 0.20, 0.963827, 0.011680, 0.024493, Iris-setosa
4.90, 3.10, 1.50, 0.10, 0.983691, 0.005043, 0.011267, Iris-setosa
4.40, 3.00, 1.30, 0.20, 0.940572, 0.018951, 0.040477, Iris-setosa
5.10, 3.40, 1.50, 0.20, 0.998342, 0.000517, 0.001141, Iris-setosa
5.00, 3.50, 1.30, 0.30, 0.994361, 0.001806, 0.003833, Iris-setosa
4.50, 2.30, 1.30, 0.30, 0.852732, 0.046370, 0.100898, Iris-setosa
4.40, 3.20, 1.30, 0.20, 0.953073, 0.015063, 0.031864, Iris-setosa
5.00, 3.50, 1.60, 0.60, 0.978871, 0.006457, 0.014671, Iris-setosa
5.10, 3.80, 1.90, 0.40, 0.944176, 0.016934, 0.038890, Iris-setosa
4.80, 3.00, 1.40, 0.30, 0.973202, 0.008305, 0.018493, Iris-setosa
5.10, 3.80, 1.60, 0.20, 0.975756, 0.007695, 0.016549, Iris-setosa
4.60, 3.20, 1.40, 0.20, 0.974771, 0.007954, 0.017275, Iris-setosa
5.30, 3.70, 1.50, 0.20, 0.976397, 0.007523, 0.016081, Iris-setosa
5.00, 3.30, 1.40, 0.20, 0.997361, 0.000829, 0.001810, Iris-setosa
7.00, 3.20, 4.70, 1.40, 0.044601, 0.501092, 0.454307, Iris-versicolor
6.40, 3.20, 4.50, 1.50, 0.029174, 0.206733, 0.764094, Iris-versicolor
6.90, 3.10, 4.90, 1.50, 0.031288, 0.599908, 0.368804, Iris-versicolor
5.50, 2.30, 4.00, 1.30, 0.049540, 0.080476, 0.869984, Iris-versicolor
6.50, 2.80, 4.60, 1.50, 0.024131, 0.217072, 0.758796, Iris-versicolor
5.70, 2.80, 4.50, 1.30, 0.005753, 0.020470, 0.973777, Iris-versicolor
6.30, 3.30, 4.70, 1.60, 0.029804, 0.297116, 0.673080, Iris-versicolor
4.90, 2.40, 3.30, 1.00, 0.286366, 0.132122, 0.581512, Iris-versicolor
6.60, 2.90, 4.60, 1.30, 0.031263, 0.247663, 0.721074, Iris-versicolor
5.20, 2.70, 3.90, 1.40, 0.074982, 0.094721, 0.830297, Iris-versicolor
5.00, 2.00, 3.50, 1.00, 0.219417, 0.144916, 0.635667, Iris-versicolor
5.90, 3.00, 4.20, 1.50, 0.009197, 0.028733, 0.962070, Iris-versicolor
6.00, 2.20, 4.00, 1.00, 0.055837, 0.101134, 0.843029, Iris-versicolor
6.10, 2.90, 4.70, 1.40, 0.012120, 0.088171, 0.899709, Iris-versicolor
5.60, 2.90, 3.60, 1.30, 0.091885, 0.092194, 0.815921, Iris-versicolor
6.70, 3.10, 4.40, 1.40, 0.041748, 0.268328, 0.689924, Iris-versicolor
5.60, 3.00, 4.50, 1.50, 0.014173, 0.052675, 0.933153, Iris-versicolor
5.80, 2.70, 4.10, 1.00, 0.025976, 0.048394, 0.925629, Iris-versicolor
6.20, 2.20, 4.50, 1.50, 0.027210, 0.137420, 0.835370, Iris-versicolor
5.60, 2.50, 3.90, 1.10, 0.051756, 0.070800, 0.877445, Iris-versicolor
5.90, 3.20, 4.80, 1.80, 0.027629, 0.250676, 0.721695, Iris-versicolor
6.10, 2.80, 4.00, 1.30, 0.019538, 0.046239, 0.934223, Iris-versicolor
6.30, 2.50, 4.90, 1.50, 0.024006, 0.270527, 0.705466, Iris-versicolor
6.10, 2.80, 4.70, 1.20, 0.013948, 0.083281, 0.902771, Iris-versicolor
6.40, 2.90, 4.30, 1.30, 0.022931, 0.101140, 0.875929, Iris-versicolor
6.60, 3.00, 4.40, 1.40, 0.033968, 0.211204, 0.754828, Iris-versicolor
6.80, 2.80, 4.80, 1.40, 0.033642, 0.442647, 0.523710, Iris-versicolor
6.70, 3.00, 5.00, 1.70, 0.021202, 0.672422, 0.306376, Iris-versicolor
6.00, 2.90, 4.50, 1.50, 0.004935, 0.026147, 0.968918, Iris-versicolor
5.70, 2.60, 3.50, 1.00, 0.128805, 0.104637, 0.766558, Iris-versicolor
5.50, 2.40, 3.80, 1.10, 0.078120, 0.089904, 0.831976, Iris-versicolor
5.50, 2.40, 3.70, 1.00, 0.104213, 0.100738, 0.795049, Iris-versicolor
5.80, 2.70, 3.90, 1.20, 0.031084, 0.050333, 0.918583, Iris-versicolor
6.00, 2.70, 5.10, 1.60, 0.023999, 0.319650, 0.656350, Iris-versicolor
5.40, 3.00, 4.50, 1.50, 0.026423, 0.082462, 0.891115, Iris-versicolor
6.00, 3.40, 4.50, 1.60, 0.032147, 0.170646, 0.797207, Iris-versicolor
6.70, 3.10, 4.70, 1.50, 0.033475, 0.411039, 0.555486, Iris-versicolor
6.30, 2.30, 4.40, 1.30, 0.026930, 0.115470, 0.857601, Iris-versicolor
5.60, 3.00, 4.10, 1.30, 0.024145, 0.047005, 0.928850, Iris-versicolor
5.50, 2.50, 4.00, 1.30, 0.038319, 0.062415, 0.899266, Iris-versicolor
5.50, 2.60, 4.40, 1.20, 0.019692, 0.049257, 0.931051, Iris-versicolor
6.10, 3.00, 4.60, 1.40, 0.011621, 0.072659, 0.915720, Iris-versicolor
5.80, 2.60, 4.00, 1.20, 0.022598, 0.041819, 0.935582, Iris-versicolor
5.00, 2.30, 3.30, 1.00, 0.270120, 0.132560, 0.597320, Iris-versicolor
5.60, 2.70, 4.20, 1.30, 0.012725, 0.028473, 0.958801, Iris-versicolor
5.70, 3.00, 4.20, 1.20, 0.016819, 0.037690, 0.945491, Iris-versicolor
5.70, 2.90, 4.20, 1.30, 0.009603, 0.023031, 0.967366, Iris-versicolor
6.20, 2.90, 4.30, 1.30, 0.011417, 0.044697, 0.943886, Iris-versicolor
5.10, 2.50, 3.00, 1.10, 0.356782, 0.124264, 0.518953, Iris-versicolor
5.70, 2.80, 4.10, 1.30, 0.012732, 0.026766, 0.960502, Iris-versicolor
6.30, 3.30, 6.00, 2.50, 0.019365, 0.859883, 0.120751, Iris-virginica
5.80, 2.70, 5.10, 1.90, 0.029331, 0.355078, 0.615590, Iris-virginica
7.10, 3.00, 5.90, 2.10, 0.006079, 0.955766, 0.038155, Iris-virginica
6.30, 2.90, 5.60, 1.80, 0.012536, 0.845505, 0.141960, Iris-virginica
6.50, 3.00, 5.80, 2.20, 0.004757, 0.957598, 0.037644, Iris-virginica
7.60, 3.00, 6.60, 2.10, 0.035477, 0.811842, 0.152681, Iris-virginica
4.90, 2.50, 4.50, 1.70, 0.073142, 0.167047, 0.759811, Iris-virginica
7.30, 2.90, 6.30, 1.80, 0.021912, 0.862940, 0.115147, Iris-virginica
6.70, 2.50, 5.80, 1.80, 0.014009, 0.868638, 0.117353, Iris-virginica
7.20, 3.60, 6.10, 2.50, 0.024418, 0.860983, 0.114600, Iris-virginica
6.50, 3.20, 5.10, 2.00, 0.016771, 0.773320, 0.209909, Iris-virginica
6.40, 2.70, 5.30, 1.90, 0.015771, 0.761072, 0.223156, Iris-virginica
6.80, 3.00, 5.50, 2.10, 0.001167, 0.988816, 0.010017, Iris-virginica
5.70, 2.50, 5.00, 2.00, 0.034415, 0.305650, 0.659935, Iris-virginica
5.80, 2.80, 5.10, 2.40, 0.038404, 0.500602, 0.460995, Iris-virginica
6.40, 3.20, 5.30, 2.30, 0.014068, 0.849853, 0.136078, Iris-virginica
6.50, 3.00, 5.50, 1.80, 0.007166, 0.913209, 0.079625, Iris-virginica
7.70, 3.80, 6.70, 2.20, 0.050588, 0.763582, 0.185830, Iris-virginica
7.70, 2.60, 6.90, 2.30, 0.049213, 0.757528, 0.193259, Iris-virginica
6.00, 2.20, 5.00, 1.50, 0.032252, 0.257070, 0.710678, Iris-virginica
6.90, 3.20, 5.70, 2.30, 0.003829, 0.970470, 0.025701, Iris-virginica
5.60, 2.80, 4.90, 2.00, 0.033678, 0.259365, 0.706957, Iris-virginica
7.70, 2.80, 6.70, 2.00, 0.041996, 0.783170, 0.174835, Iris-virginica
6.30, 2.70, 4.90, 1.80, 0.022825, 0.381374, 0.595802, Iris-virginica
6.70, 3.30, 5.70, 2.10, 0.002914, 0.975341, 0.021745, Iris-virginica
7.20, 3.20, 6.00, 1.80, 0.012913, 0.911912, 0.075174, Iris-virginica
6.20, 2.80, 4.80, 1.80, 0.020996, 0.271173, 0.707830, Iris-virginica
6.10, 3.00, 4.90, 1.80, 0.023105, 0.329931, 0.646964, Iris-virginica
6.40, 2.80, 5.60, 2.10, 0.008365, 0.908626, 0.083009, Iris-virginica
7.20, 3.00, 5.80, 1.60, 0.014456, 0.890785, 0.094759, Iris-virginica
7.40, 2.80, 6.10, 1.90, 0.019800, 0.872744, 0.107455, Iris-virginica
7.90, 3.80, 6.40, 2.00, 0.050903, 0.760090, 0.189007, Iris-virginica
6.40, 2.80, 5.60, 2.20, 0.008963, 0.906187, 0.084849, Iris-virginica
6.30, 2.80, 5.10, 1.50, 0.023414, 0.436325, 0.540261, Iris-virginica
6.10, 2.60, 5.60, 1.40, 0.031225, 0.576033, 0.392742, Iris-virginica
7.70, 3.00, 6.10, 2.30, 0.028674, 0.839543, 0.131782, Iris-virginica
6.30, 3.40, 5.60, 2.40, 0.017230, 0.854061, 0.128709, Iris-virginica
6.40, 3.10, 5.50, 1.80, 0.009789, 0.880129, 0.110082, Iris-virginica
6.00, 3.00, 4.80, 1.80, 0.021737, 0.228309, 0.749954, Iris-virginica
6.90, 3.10, 5.40, 2.10, 0.003491, 0.967546, 0.028963, Iris-virginica
6.70, 3.10, 5.60, 2.40, 0.005080, 0.957239, 0.037681, Iris-virginica
6.90, 3.10, 5.10, 2.30, 0.015408, 0.855098, 0.129494, Iris-virginica
5.80, 2.70, 5.10, 1.90, 0.029331, 0.355078, 0.615590, Iris-virginica
6.80, 3.20, 5.90, 2.30, 0.005252, 0.961011, 0.033737, Iris-virginica
6.70, 3.30, 5.70, 2.50, 0.009704, 0.927110, 0.063186, Iris-virginica
6.70, 3.00, 5.20, 2.30, 0.011268, 0.882340, 0.106391, Iris-virginica
6.30, 2.50, 5.00, 1.90, 0.025831, 0.466626, 0.507543, Iris-virginica
6.50, 3.00, 5.20, 2.00, 0.012121, 0.831435, 0.156444, Iris-virginica
6.20, 3.40, 5.40, 2.30, 0.021586, 0.789364, 0.189050, Iris-virginica
5.90, 3.00, 5.10, 1.80, 0.026940, 0.391241, 0.581819, Iris-virginica
