% Title: Title
%
% Centers:
% 	6.775007 3.052398 5.646775 2.053555 
% 	5.003561 3.403040 1.484994 0.251538 
% 	5.889107 2.761202 4.364120 1.397377 
%

@RELATION

@ATTRIBUTE Attribute0 	 REAL
@ATTRIBUTE Attribute1 	 REAL
@ATTRIBUTE Attribute2 	 REAL
@ATTRIBUTE Attribute3 	 REAL
@ATTRIBUTE MU 	 FUZZY {Zhluk0, Zhluk1, Zhluk2}
@ATTRIBUTE class 	 {Iris-setosa, Iris-versicolor, Iris-virginica}

@DATA
5.10, 3.50, 1.40, 0.20, 0.001163, 0.996336, 0.002501, Iris-setosa
4.90, 3.00, 1.40, 0.20, 0.007157, 0.976954, 0.015890, Iris-setosa
4.70, 3.20, 1.30, 0.20, 0.006261, 0.980310, 0.013429, Iris-setosa
4.60, 3.10, 1.50, 0.20, 0.009834, 0.968312, 0.021854, Iris-setosa
5.00, 3.60, 1.40, 0.20, 0.001942, 0.993927, 0.004131, Iris-setosa
5.40, 3.90, 1.70, 0.40, 0.021072, 0.933142, 0.045785, Iris-setosa
4.60, 3.40, 1.40, 0.30, 0.006506, 0.979488, 0.014006, Iris-setosa
5.00, 3.40, 1.50, 0.20, 0.000121, 0.999611, 0.000268, Iris-setosa
4.40, 2.90, 1.40, 0.20, 0.021534, 0.931557, 0.046909, Iris-setosa
4.90, 3.10, 1.50, 0.10, 0.005043, 0.983690, 0.011267, Iris-setosa
5.40, 3.70, 1.50, 0.20, 0.010466, 0.967215, 0.022320, Iris-setosa
4.80, 3.40, 1.60, 0.20, 0.002387, 0.992280, 0.005333, Iris-setosa
4.80, 3.00, 1.40, 0.10, 0.008832, 0.971747, 0.019421, Iris-setosa
4.30, 3.00, 1.10, 0.10, 0.024999, 0.923698, 0.051303, Iris-setosa
5.80, 4.00, 1.20, 0.20, 0.038098, 0.888398, 0.073504, Iris-setosa
5.70, 4.40, 1.50, 0.40, 0.055017, 0.839274, 0.105709, Iris-setosa
5.40, 3.90, 1.30, 0.40, 0.017961, 0.945517, 0.036522, Iris-setosa
5.10, 3.50, 1.40, 0.30, 0.001168, 0.996307, 0.002525, Iris-setosa
5.70, 3.80, 1.70, 0.30, 0.030649, 0.903063, 0.066288, Iris-setosa
5.10, 3.80, 1.50, 0.30, 0.007012, 0.978068, 0.014919, Iris-setosa
5.40, 3.40, 1.70, 0.20, 0.009495, 0.968755, 0.021750, Iris-setosa
5.10, 3.70, 1.50, 0.40, 0.005089, 0.983901, 0.011010, Iris-setosa
4.60, 3.60, 1.00, 0.20, 0.014010, 0.958130, 0.027860, Iris-setosa
5.10, 3.30, 1.70, 0.50, 0.006007, 0.979779, 0.014213, Iris-setosa
4.80, 3.40, 1.90, 0.20, 0.009735, 0.967268, 0.022997, Iris-setosa
5.00, 3.00, 1.60, 0.20, 0.007571, 0.974904, 0.017525, Iris-setosa
5.00, 3.40, 1.60, 0.40, 0.001569, 0.994861, 0.003571, Iris-setosa
5.20, 3.50, 1.50, 0.20, 0.002167, 0.993092, 0.004740, Iris-setosa
5.20, 3.40, 1.40, 0.20, 0.002001, 0.993660, 0.004339, Iris-setosa
4.70, 3.20, 1.60, 0.20, 0.006061, 0.980239, 0.013699, Iris-setosa
4.80, 3.10, 1.60, 0.20, 0.006162, 0.979752, 0.014086, Iris-setosa
5.40, 3.40, 1.50, 0.40, 0.007968, 0.974274, 0.017758, Iris-setosa
5.20, 4.10, 1.50, 0.10, 0.020862, 0.936927, 0.042211, Iris-setosa
5.50, 4.20, 1.40, 0.20, 0.032952, 0.902385, 0.064663, Iris-setosa
4.90, 3.10, 1.50, 0.10, 0.005043, 0.983690, 0.011267, Iris-setosa
5.00, 3.20, 1.20, 0.20, 0.004673, 0.985406, 0.009920, Iris-setosa
5.50, 3.50, 1.30, 0.20, 0.011680, 0.963827, 0.024493, Iris-setosa
4.90, 3.10, 1.50, 0.10, 0.005043, 0.983690, 0.011267, Iris-setosa
4.40, 3.00, 1.30, 0.20, 0.018951, 0.940571, 0.040478, Iris-setosa
5.10, 3.40, 1.50, 0.20, 0.000517, 0.998342, 0.001141, Iris-setosa
5.00, 3.50, 1.30, 0.30, 0.001806, 0.994361, 0.003833, Iris-setosa
4.50, 2.30, 1.30, 0.30, 0.046371, 0.852729, 0.100900, Iris-setosa
4.40, 3.20, 1.30, 0.20, 0.015063, 0.953073, 0.031865, Iris-setosa
5.00, 3.50, 1.60, 0.60, 0.006457, 0.978871, 0.014672, Iris-setosa
5.10, 3.80, 1.90, 0.40, 0.016934, 0.944175, 0.038890, Iris-setosa
4.80, 3.00, 1.40, 0.30, 0.008305, 0.973201, 0.018493, Iris-setosa
5.10, 3.80, 1.60, 0.20, 0.007695, 0.975756, 0.016550, Iris-setosa
4.60, 3.20, 1.40, 0.20, 0.007954, 0.974771, 0.017275, Iris-setosa
5.30, 3.70, 1.50, 0.20, 0.007523, 0.976396, 0.016081, Iris-setosa
5.00, 3.30, 1.40, 0.20, 0.000829, 0.997361, 0.001810, Iris-setosa
7.00, 3.20, 4.70, 1.40, 0.501110, 0.044601, 0.454289, Iris-versicolor
6.40, 3.20, 4.50, 1.50, 0.206751, 0.029175, 0.764074, Iris-versicolor
6.90, 3.10, 4.90, 1.50, 0.599930, 0.031288, 0.368782, Iris-versicolor
5.50, 2.30, 4.00, 1.30, 0.080473, 0.049537, 0.869990, Iris-versicolor
6.50, 2.80, 4.60, 1.50, 0.217094, 0.024133, 0.758773, Iris-versicolor
5.70, 2.80, 4.50, 1.30, 0.020470, 0.005753, 0.973777, Iris-versicolor
6.30, 3.30, 4.70, 1.60, 0.297141, 0.029804, 0.673055, Iris-versicolor
4.90, 2.40, 3.30, 1.00, 0.132121, 0.286358, 0.581521, Iris-versicolor
6.60, 2.90, 4.60, 1.30, 0.247682, 0.031264, 0.721054, Iris-versicolor
5.20, 2.70, 3.90, 1.40, 0.094718, 0.074978, 0.830304, Iris-versicolor
5.00, 2.00, 3.50, 1.00, 0.144915, 0.219411, 0.635674, Iris-versicolor
5.90, 3.00, 4.20, 1.50, 0.028733, 0.009197, 0.962070, Iris-versicolor
6.00, 2.20, 4.00, 1.00, 0.101132, 0.055834, 0.843033, Iris-versicolor
6.10, 2.90, 4.70, 1.40, 0.088186, 0.012122, 0.899692, Iris-versicolor
5.60, 2.90, 3.60, 1.30, 0.092191, 0.091880, 0.815930, Iris-versicolor
6.70, 3.10, 4.40, 1.40, 0.268344, 0.041749, 0.689908, Iris-versicolor
5.60, 3.00, 4.50, 1.50, 0.052677, 0.014173, 0.933150, Iris-versicolor
5.80, 2.70, 4.10, 1.00, 0.048391, 0.025974, 0.925635, Iris-versicolor
6.20, 2.20, 4.50, 1.50, 0.137428, 0.027210, 0.835362, Iris-versicolor
5.60, 2.50, 3.90, 1.10, 0.070796, 0.051751, 0.877453, Iris-versicolor
5.90, 3.20, 4.80, 1.80, 0.250698, 0.027629, 0.721672, Iris-versicolor
6.10, 2.80, 4.00, 1.30, 0.046238, 0.019537, 0.934226, Iris-versicolor
6.30, 2.50, 4.90, 1.50, 0.270552, 0.024007, 0.705441, Iris-versicolor
6.10, 2.80, 4.70, 1.20, 0.083292, 0.013949, 0.902759, Iris-versicolor
6.40, 2.90, 4.30, 1.30, 0.101148, 0.022931, 0.875921, Iris-versicolor
6.60, 3.00, 4.40, 1.40, 0.211219, 0.033969, 0.754812, Iris-versicolor
6.80, 2.80, 4.80, 1.40, 0.442671, 0.033643, 0.523686, Iris-versicolor
6.70, 3.00, 5.00, 1.70, 0.672450, 0.021202, 0.306348, Iris-versicolor
6.00, 2.90, 4.50, 1.50, 0.026154, 0.004936, 0.968910, Iris-versicolor
5.70, 2.60, 3.50, 1.00, 0.104634, 0.128799, 0.766568, Iris-versicolor
5.50, 2.40, 3.80, 1.10, 0.089900, 0.078115, 0.831984, Iris-versicolor
5.50, 2.40, 3.70, 1.00, 0.100735, 0.104207, 0.795058, Iris-versicolor
5.80, 2.70, 3.90, 1.20, 0.050329, 0.031080, 0.918591, Iris-versicolor
6.00, 2.70, 5.10, 1.60, 0.319679, 0.024000, 0.656321, Iris-versicolor
5.40, 3.00, 4.50, 1.50, 0.082463, 0.026423, 0.891114, Iris-versicolor
6.00, 3.40, 4.50, 1.60, 0.170658, 0.032148, 0.797193, Iris-versicolor
6.70, 3.10, 4.70, 1.50, 0.411064, 0.033475, 0.555461, Iris-versicolor
6.30, 2.30, 4.40, 1.30, 0.115476, 0.026930, 0.857595, Iris-versicolor
5.60, 3.00, 4.10, 1.30, 0.047002, 0.024143, 0.928855, Iris-versicolor
5.50, 2.50, 4.00, 1.30, 0.062411, 0.038316, 0.899273, Iris-versicolor
5.50, 2.60, 4.40, 1.20, 0.049255, 0.019690, 0.931055, Iris-versicolor
6.10, 3.00, 4.60, 1.40, 0.072672, 0.011622, 0.915706, Iris-versicolor
5.80, 2.60, 4.00, 1.20, 0.041815, 0.022596, 0.935589, Iris-versicolor
5.00, 2.30, 3.30, 1.00, 0.132559, 0.270112, 0.597329, Iris-versicolor
5.60, 2.70, 4.20, 1.30, 0.028470, 0.012723, 0.958807, Iris-versicolor
5.70, 3.00, 4.20, 1.20, 0.037687, 0.016817, 0.945495, Iris-versicolor
5.70, 2.90, 4.20, 1.30, 0.023028, 0.009601, 0.967370, Iris-versicolor
6.20, 2.90, 4.30, 1.30, 0.044700, 0.011418, 0.943882, Iris-versicolor
5.10, 2.50, 3.00, 1.10, 0.124264, 0.356774, 0.518962, Iris-versicolor
5.70, 2.80, 4.10, 1.30, 0.026762, 0.012730, 0.960508, Iris-versicolor
6.30, 3.30, 6.00, 2.50, 0.859884, 0.019366, 0.120750, Iris-virginica
5.80, 2.70, 5.10, 1.90, 0.355103, 0.029332, 0.615566, Iris-virginica
7.10, 3.00, 5.90, 2.10, 0.955761, 0.006080, 0.038159, Iris-virginica
6.30, 2.90, 5.60, 1.80, 0.845522, 0.012535, 0.141943, Iris-virginica
6.50, 3.00, 5.80, 2.20, 0.957600, 0.004757, 0.037643, Iris-virginica
7.60, 3.00, 6.60, 2.10, 0.811837, 0.035478, 0.152684, Iris-virginica
4.90, 2.50, 4.50, 1.70, 0.167049, 0.073140, 0.759811, Iris-virginica
7.30, 2.90, 6.30, 1.80, 0.862936, 0.021914, 0.115151, Iris-virginica
6.70, 2.50, 5.80, 1.80, 0.868643, 0.014009, 0.117348, Iris-virginica
7.20, 3.60, 6.10, 2.50, 0.860978, 0.024419, 0.114603, Iris-virginica
6.50, 3.20, 5.10, 2.00, 0.773345, 0.016770, 0.209885, Iris-virginica
6.40, 2.70, 5.30, 1.90, 0.761099, 0.015770, 0.223130, Iris-virginica
6.80, 3.00, 5.50, 2.10, 0.988818, 0.001167, 0.010015, Iris-virginica
5.70, 2.50, 5.00, 2.00, 0.305668, 0.034415, 0.659916, Iris-virginica
5.80, 2.80, 5.10, 2.40, 0.500621, 0.038403, 0.460975, Iris-virginica
6.40, 3.20, 5.30, 2.30, 0.849868, 0.014067, 0.136065, Iris-virginica
6.50, 3.00, 5.50, 1.80, 0.913225, 0.007165, 0.079610, Iris-virginica
7.70, 3.80, 6.70, 2.20, 0.763578, 0.050590, 0.185832, Iris-virginica
7.70, 2.60, 6.90, 2.30, 0.757524, 0.049215, 0.193261, Iris-virginica
6.00, 2.20, 5.00, 1.50, 0.257085, 0.032252, 0.710662, Iris-virginica
6.90, 3.20, 5.70, 2.30, 0.970467, 0.003830, 0.025704, Iris-virginica
5.60, 2.80, 4.90, 2.00, 0.259381, 0.033679, 0.706940, Iris-virginica
7.70, 2.80, 6.70, 2.00, 0.783165, 0.041997, 0.174838, Iris-virginica
6.30, 2.70, 4.90, 1.80, 0.381408, 0.022825, 0.595767, Iris-virginica
6.70, 3.30, 5.70, 2.10, 0.975340, 0.002915, 0.021745, Iris-virginica
7.20, 3.20, 6.00, 1.80, 0.911908, 0.012914, 0.075178, Iris-virginica
6.20, 2.80, 4.80, 1.80, 0.271204, 0.020997, 0.707799, Iris-virginica
6.10, 3.00, 4.90, 1.80, 0.329963, 0.023106, 0.646931, Iris-virginica
6.40, 2.80, 5.60, 2.10, 0.908637, 0.008364, 0.082999, Iris-virginica
7.20, 3.00, 5.80, 1.60, 0.890784, 0.014456, 0.094760, Iris-virginica
7.40, 2.80, 6.10, 1.90, 0.872740, 0.019801, 0.107459, Iris-virginica
7.90, 3.80, 6.40, 2.00, 0.760086, 0.050904, 0.189009, Iris-virginica
6.40, 2.80, 5.60, 2.20, 0.906197, 0.008963, 0.084840, Iris-virginica
6.30, 2.80, 5.10, 1.50, 0.436359, 0.023414, 0.540227, Iris-virginica
6.10, 2.60, 5.60, 1.40, 0.576053, 0.031225, 0.392722, Iris-virginica
7.70, 3.00, 6.10, 2.30, 0.839538, 0.028676, 0.131786, Iris-virginica
6.30, 3.40, 5.60, 2.40, 0.854068, 0.017230, 0.128703, Iris-virginica
6.40, 3.10, 5.50, 1.80, 0.880146, 0.009788, 0.110066, Iris-virginica
6.00, 3.00, 4.80, 1.80, 0.228335, 0.021738, 0.749927, Iris-virginica
6.90, 3.10, 5.40, 2.10, 0.967550, 0.003490, 0.028960, Iris-virginica
6.70, 3.10, 5.60, 2.40, 0.957240, 0.005080, 0.037680, Iris-virginica
6.90, 3.10, 5.10, 2.30, 0.855108, 0.015408, 0.129484, Iris-virginica
5.80, 2.70, 5.10, 1.90, 0.355103, 0.029332, 0.615566, Iris-virginica
6.80, 3.20, 5.90, 2.30, 0.961007, 0.005252, 0.033740, Iris-virginica
6.70, 3.30, 5.70, 2.50, 0.927109, 0.009704, 0.063186, Iris-virginica
6.70, 3.00, 5.20, 2.30, 0.882353, 0.011268, 0.106380, Iris-virginica
6.30, 2.50, 5.00, 1.90, 0.466656, 0.025831, 0.507513, Iris-virginica
6.50, 3.00, 5.20, 2.00, 0.831460, 0.012120, 0.156420, Iris-virginica
6.20, 3.40, 5.40, 2.30, 0.789377, 0.021585, 0.189037, Iris-virginica
5.90, 3.00, 5.10, 1.80, 0.391270, 0.026941, 0.581789, Iris-virginica
