% Title: Title
%
% Centers:
% 	6.775009 3.052399 5.646777 2.053556 
% 	5.889109 2.761202 4.364122 1.397378 
% 	5.003561 3.403040 1.484994 0.251538 
%

@RELATION

@ATTRIBUTE Attribute0 	 REAL
@ATTRIBUTE Attribute1 	 REAL
@ATTRIBUTE Attribute2 	 REAL
@ATTRIBUTE Attribute3 	 REAL
@ATTRIBUTE MU 	 FUZZY {Zhluk0, Zhluk1, Zhluk2}
@ATTRIBUTE class 	 {Iris-setosa, Iris-versicolor, Iris-virginica}

@DATA
5.10, 3.50, 1.40, 0.20, 0.001163, 0.002501, 0.996336, Iris-setosa
4.90, 3.00, 1.40, 0.20, 0.007157, 0.015890, 0.976954, Iris-setosa
4.70, 3.20, 1.30, 0.20, 0.006261, 0.013429, 0.980310, Iris-setosa
4.60, 3.10, 1.50, 0.20, 0.009834, 0.021854, 0.968312, Iris-setosa
5.00, 3.60, 1.40, 0.20, 0.001942, 0.004131, 0.993927, Iris-setosa
5.40, 3.90, 1.70, 0.40, 0.021072, 0.045785, 0.933143, Iris-setosa
4.60, 3.40, 1.40, 0.30, 0.006506, 0.014006, 0.979488, Iris-setosa
5.00, 3.40, 1.50, 0.20, 0.000121, 0.000268, 0.999611, Iris-setosa
4.40, 2.90, 1.40, 0.20, 0.021534, 0.046909, 0.931557, Iris-setosa
4.90, 3.10, 1.50, 0.10, 0.005043, 0.011267, 0.983690, Iris-setosa
5.40, 3.70, 1.50, 0.20, 0.010466, 0.022320, 0.967215, Iris-setosa
4.80, 3.40, 1.60, 0.20, 0.002387, 0.005333, 0.992280, Iris-setosa
4.80, 3.00, 1.40, 0.10, 0.008832, 0.019421, 0.971747, Iris-setosa
4.30, 3.00, 1.10, 0.10, 0.024999, 0.051303, 0.923698, Iris-setosa
5.80, 4.00, 1.20, 0.20, 0.038098, 0.073504, 0.888398, Iris-setosa
5.70, 4.40, 1.50, 0.40, 0.055017, 0.105709, 0.839274, Iris-setosa
5.40, 3.90, 1.30, 0.40, 0.017961, 0.036522, 0.945517, Iris-setosa
5.10, 3.50, 1.40, 0.30, 0.001168, 0.002525, 0.996307, Iris-setosa
5.70, 3.80, 1.70, 0.30, 0.030649, 0.066288, 0.903064, Iris-setosa
5.10, 3.80, 1.50, 0.30, 0.007012, 0.014919, 0.978068, Iris-setosa
5.40, 3.40, 1.70, 0.20, 0.009495, 0.021750, 0.968755, Iris-setosa
5.10, 3.70, 1.50, 0.40, 0.005089, 0.011010, 0.983901, Iris-setosa
4.60, 3.60, 1.00, 0.20, 0.014010, 0.027860, 0.958130, Iris-setosa
5.10, 3.30, 1.70, 0.50, 0.006007, 0.014213, 0.979779, Iris-setosa
4.80, 3.40, 1.90, 0.20, 0.009735, 0.022997, 0.967268, Iris-setosa
5.00, 3.00, 1.60, 0.20, 0.007571, 0.017525, 0.974904, Iris-setosa
5.00, 3.40, 1.60, 0.40, 0.001569, 0.003571, 0.994861, Iris-setosa
5.20, 3.50, 1.50, 0.20, 0.002167, 0.004740, 0.993092, Iris-setosa
5.20, 3.40, 1.40, 0.20, 0.002001, 0.004339, 0.993660, Iris-setosa
4.70, 3.20, 1.60, 0.20, 0.006061, 0.013699, 0.980239, Iris-setosa
4.80, 3.10, 1.60, 0.20, 0.006162, 0.014086, 0.979752, Iris-setosa
5.40, 3.40, 1.50, 0.40, 0.007968, 0.017758, 0.974274, Iris-setosa
5.20, 4.10, 1.50, 0.10, 0.020862, 0.042211, 0.936927, Iris-setosa
5.50, 4.20, 1.40, 0.20, 0.032952, 0.064663, 0.902385, Iris-setosa
4.90, 3.10, 1.50, 0.10, 0.005043, 0.011267, 0.983690, Iris-setosa
5.00, 3.20, 1.20, 0.20, 0.004673, 0.009920, 0.985406, Iris-setosa
5.50, 3.50, 1.30, 0.20, 0.011680, 0.024493, 0.963827, Iris-setosa
4.90, 3.10, 1.50, 0.10, 0.005043, 0.011267, 0.983690, Iris-setosa
4.40, 3.00, 1.30, 0.20, 0.018951, 0.040478, 0.940571, Iris-setosa
5.10, 3.40, 1.50, 0.20, 0.000517, 0.001141, 0.998342, Iris-setosa
5.00, 3.50, 1.30, 0.30, 0.001806, 0.003833, 0.994361, Iris-setosa
4.50, 2.30, 1.30, 0.30, 0.046370, 0.100900, 0.852730, Iris-setosa
4.40, 3.20, 1.30, 0.20, 0.015063, 0.031865, 0.953073, Iris-setosa
5.00, 3.50, 1.60, 0.60, 0.006457, 0.014672, 0.978871, Iris-setosa
5.10, 3.80, 1.90, 0.40, 0.016934, 0.038890, 0.944176, Iris-setosa
4.80, 3.00, 1.40, 0.30, 0.008305, 0.018493, 0.973202, Iris-setosa
5.10, 3.80, 1.60, 0.20, 0.007695, 0.016550, 0.975756, Iris-setosa
4.60, 3.20, 1.40, 0.20, 0.007954, 0.017275, 0.974771, Iris-setosa
5.30, 3.70, 1.50, 0.20, 0.007523, 0.016081, 0.976396, Iris-setosa
5.00, 3.30, 1.40, 0.20, 0.000829, 0.001810, 0.997361, Iris-setosa
7.00, 3.20, 4.70, 1.40, 0.501108, 0.454292, 0.044601, Iris-versicolor
6.40, 3.20, 4.50, 1.50, 0.206748, 0.764077, 0.029175, Iris-versicolor
6.90, 3.10, 4.90, 1.50, 0.599927, 0.368785, 0.031288, Iris-versicolor
5.50, 2.30, 4.00, 1.30, 0.080473, 0.869990, 0.049537, Iris-versicolor
6.50, 2.80, 4.60, 1.50, 0.217091, 0.758776, 0.024133, Iris-versicolor
5.70, 2.80, 4.50, 1.30, 0.020470, 0.973777, 0.005753, Iris-versicolor
6.30, 3.30, 4.70, 1.60, 0.297138, 0.673058, 0.029804, Iris-versicolor
4.90, 2.40, 3.30, 1.00, 0.132121, 0.581520, 0.286359, Iris-versicolor
6.60, 2.90, 4.60, 1.30, 0.247680, 0.721056, 0.031264, Iris-versicolor
5.20, 2.70, 3.90, 1.40, 0.094718, 0.830303, 0.074978, Iris-versicolor
5.00, 2.00, 3.50, 1.00, 0.144915, 0.635673, 0.219411, Iris-versicolor
5.90, 3.00, 4.20, 1.50, 0.028733, 0.962070, 0.009197, Iris-versicolor
6.00, 2.20, 4.00, 1.00, 0.101133, 0.843033, 0.055835, Iris-versicolor
6.10, 2.90, 4.70, 1.40, 0.088185, 0.899694, 0.012121, Iris-versicolor
5.60, 2.90, 3.60, 1.30, 0.092191, 0.815929, 0.091880, Iris-versicolor
6.70, 3.10, 4.40, 1.40, 0.268342, 0.689910, 0.041749, Iris-versicolor
5.60, 3.00, 4.50, 1.50, 0.052677, 0.933150, 0.014173, Iris-versicolor
5.80, 2.70, 4.10, 1.00, 0.048391, 0.925635, 0.025974, Iris-versicolor
6.20, 2.20, 4.50, 1.50, 0.137427, 0.835363, 0.027210, Iris-versicolor
5.60, 2.50, 3.90, 1.10, 0.070796, 0.877452, 0.051752, Iris-versicolor
5.90, 3.20, 4.80, 1.80, 0.250696, 0.721675, 0.027629, Iris-versicolor
6.10, 2.80, 4.00, 1.30, 0.046238, 0.934225, 0.019537, Iris-versicolor
6.30, 2.50, 4.90, 1.50, 0.270549, 0.705444, 0.024007, Iris-versicolor
6.10, 2.80, 4.70, 1.20, 0.083290, 0.902760, 0.013949, Iris-versicolor
6.40, 2.90, 4.30, 1.30, 0.101147, 0.875922, 0.022931, Iris-versicolor
6.60, 3.00, 4.40, 1.40, 0.211217, 0.754814, 0.033969, Iris-versicolor
6.80, 2.80, 4.80, 1.40, 0.442668, 0.523689, 0.033643, Iris-versicolor
6.70, 3.00, 5.00, 1.70, 0.672447, 0.306351, 0.021202, Iris-versicolor
6.00, 2.90, 4.50, 1.50, 0.026153, 0.968911, 0.004936, Iris-versicolor
5.70, 2.60, 3.50, 1.00, 0.104634, 0.766567, 0.128799, Iris-versicolor
5.50, 2.40, 3.80, 1.10, 0.089901, 0.831983, 0.078116, Iris-versicolor
5.50, 2.40, 3.70, 1.00, 0.100735, 0.795057, 0.104208, Iris-versicolor
5.80, 2.70, 3.90, 1.20, 0.050329, 0.918590, 0.031081, Iris-versicolor
6.00, 2.70, 5.10, 1.60, 0.319675, 0.656325, 0.024000, Iris-versicolor
5.40, 3.00, 4.50, 1.50, 0.082463, 0.891114, 0.026423, Iris-versicolor
6.00, 3.40, 4.50, 1.60, 0.170657, 0.797195, 0.032148, Iris-versicolor
6.70, 3.10, 4.70, 1.50, 0.411061, 0.555464, 0.033475, Iris-versicolor
6.30, 2.30, 4.40, 1.30, 0.115475, 0.857595, 0.026930, Iris-versicolor
5.60, 3.00, 4.10, 1.30, 0.047003, 0.928854, 0.024143, Iris-versicolor
5.50, 2.50, 4.00, 1.30, 0.062412, 0.899272, 0.038316, Iris-versicolor
5.50, 2.60, 4.40, 1.20, 0.049255, 0.931054, 0.019691, Iris-versicolor
6.10, 3.00, 4.60, 1.40, 0.072670, 0.915708, 0.011622, Iris-versicolor
5.80, 2.60, 4.00, 1.20, 0.041816, 0.935588, 0.022596, Iris-versicolor
5.00, 2.30, 3.30, 1.00, 0.132559, 0.597328, 0.270113, Iris-versicolor
5.60, 2.70, 4.20, 1.30, 0.028470, 0.958806, 0.012724, Iris-versicolor
5.70, 3.00, 4.20, 1.20, 0.037687, 0.945495, 0.016818, Iris-versicolor
5.70, 2.90, 4.20, 1.30, 0.023029, 0.967370, 0.009602, Iris-versicolor
6.20, 2.90, 4.30, 1.30, 0.044700, 0.943882, 0.011418, Iris-versicolor
5.10, 2.50, 3.00, 1.10, 0.124264, 0.518961, 0.356775, Iris-versicolor
5.70, 2.80, 4.10, 1.30, 0.026762, 0.960508, 0.012730, Iris-versicolor
6.30, 3.30, 6.00, 2.50, 0.859884, 0.120750, 0.019366, Iris-virginica
5.80, 2.70, 5.10, 1.90, 0.355100, 0.615568, 0.029332, Iris-virginica
7.10, 3.00, 5.90, 2.10, 0.955762, 0.038159, 0.006080, Iris-virginica
6.30, 2.90, 5.60, 1.80, 0.845520, 0.141945, 0.012535, Iris-virginica
6.50, 3.00, 5.80, 2.20, 0.957600, 0.037643, 0.004757, Iris-virginica
7.60, 3.00, 6.60, 2.10, 0.811838, 0.152684, 0.035478, Iris-virginica
4.90, 2.50, 4.50, 1.70, 0.167048, 0.759811, 0.073141, Iris-virginica
7.30, 2.90, 6.30, 1.80, 0.862936, 0.115150, 0.021913, Iris-virginica
6.70, 2.50, 5.80, 1.80, 0.868643, 0.117348, 0.014009, Iris-virginica
7.20, 3.60, 6.10, 2.50, 0.860978, 0.114603, 0.024419, Iris-virginica
6.50, 3.20, 5.10, 2.00, 0.773342, 0.209888, 0.016770, Iris-virginica
6.40, 2.70, 5.30, 1.90, 0.761096, 0.223134, 0.015770, Iris-virginica
6.80, 3.00, 5.50, 2.10, 0.988818, 0.010015, 0.001167, Iris-virginica
5.70, 2.50, 5.00, 2.00, 0.305666, 0.659918, 0.034415, Iris-virginica
5.80, 2.80, 5.10, 2.40, 0.500619, 0.460978, 0.038403, Iris-virginica
6.40, 3.20, 5.30, 2.30, 0.849866, 0.136066, 0.014067, Iris-virginica
6.50, 3.00, 5.50, 1.80, 0.913223, 0.079612, 0.007165, Iris-virginica
7.70, 3.80, 6.70, 2.20, 0.763578, 0.185832, 0.050590, Iris-virginica
7.70, 2.60, 6.90, 2.30, 0.757524, 0.193261, 0.049214, Iris-virginica
6.00, 2.20, 5.00, 1.50, 0.257083, 0.710664, 0.032252, Iris-virginica
6.90, 3.20, 5.70, 2.30, 0.970467, 0.025703, 0.003829, Iris-virginica
5.60, 2.80, 4.90, 2.00, 0.259379, 0.706942, 0.033679, Iris-virginica
7.70, 2.80, 6.70, 2.00, 0.783166, 0.174837, 0.041997, Iris-virginica
6.30, 2.70, 4.90, 1.80, 0.381404, 0.595771, 0.022825, Iris-virginica
6.70, 3.30, 5.70, 2.10, 0.975340, 0.021745, 0.002915, Iris-virginica
7.20, 3.20, 6.00, 1.80, 0.911908, 0.075177, 0.012914, Iris-virginica
6.20, 2.80, 4.80, 1.80, 0.271200, 0.707803, 0.020997, Iris-virginica
6.10, 3.00, 4.90, 1.80, 0.329959, 0.646935, 0.023106, Iris-virginica
6.40, 2.80, 5.60, 2.10, 0.908636, 0.083000, 0.008364, Iris-virginica
7.20, 3.00, 5.80, 1.60, 0.890784, 0.094760, 0.014456, Iris-virginica
7.40, 2.80, 6.10, 1.90, 0.872740, 0.107458, 0.019801, Iris-virginica
7.90, 3.80, 6.40, 2.00, 0.760087, 0.189009, 0.050904, Iris-virginica
6.40, 2.80, 5.60, 2.20, 0.906196, 0.084841, 0.008963, Iris-virginica
6.30, 2.80, 5.10, 1.50, 0.436355, 0.540231, 0.023414, Iris-virginica
6.10, 2.60, 5.60, 1.40, 0.576051, 0.392724, 0.031225, Iris-virginica
7.70, 3.00, 6.10, 2.30, 0.839539, 0.131785, 0.028676, Iris-virginica
6.30, 3.40, 5.60, 2.40, 0.854067, 0.128703, 0.017230, Iris-virginica
6.40, 3.10, 5.50, 1.80, 0.880144, 0.110068, 0.009788, Iris-virginica
6.00, 3.00, 4.80, 1.80, 0.228332, 0.749931, 0.021738, Iris-virginica
6.90, 3.10, 5.40, 2.10, 0.967549, 0.028960, 0.003491, Iris-virginica
6.70, 3.10, 5.60, 2.40, 0.957240, 0.037680, 0.005080, Iris-virginica
6.90, 3.10, 5.10, 2.30, 0.855107, 0.129485, 0.015408, Iris-virginica
5.80, 2.70, 5.10, 1.90, 0.355100, 0.615568, 0.029332, Iris-virginica
6.80, 3.20, 5.90, 2.30, 0.961008, 0.033740, 0.005252, Iris-virginica
6.70, 3.30, 5.70, 2.50, 0.927110, 0.063186, 0.009704, Iris-virginica
6.70, 3.00, 5.20, 2.30, 0.882351, 0.106381, 0.011268, Iris-virginica
6.30, 2.50, 5.00, 1.90, 0.466653, 0.507517, 0.025831, Iris-virginica
6.50, 3.00, 5.20, 2.00, 0.831457, 0.156423, 0.012120, Iris-virginica
6.20, 3.40, 5.40, 2.30, 0.789376, 0.189039, 0.021586, Iris-virginica
5.90, 3.00, 5.10, 1.80, 0.391266, 0.581793, 0.026941, Iris-virginica
