% Title: Title
%
% Centers:
% 	5.889121 2.761207 4.364140 1.397387 
% 	5.003561 3.403039 1.484995 0.251538 
% 	6.775023 3.052403 5.646795 2.053563 
%

@RELATION

@ATTRIBUTE Attribute0 	 REAL
@ATTRIBUTE Attribute1 	 REAL
@ATTRIBUTE Attribute2 	 REAL
@ATTRIBUTE Attribute3 	 REAL
@ATTRIBUTE MU 	 FUZZY {Zhluk0, Zhluk1, Zhluk2}
@ATTRIBUTE class 	 {Iris-setosa, Iris-versicolor, Iris-virginica}

@DATA
5.10, 3.50, 1.40, 0.20, 0.002501, 0.996336, 0.001163, Iris-setosa
4.90, 3.00, 1.40, 0.20, 0.015889, 0.976954, 0.007156, Iris-setosa
4.70, 3.20, 1.30, 0.20, 0.013429, 0.980310, 0.006261, Iris-setosa
4.60, 3.10, 1.50, 0.20, 0.021853, 0.968313, 0.009834, Iris-setosa
5.00, 3.60, 1.40, 0.20, 0.004131, 0.993927, 0.001942, Iris-setosa
5.40, 3.90, 1.70, 0.40, 0.045785, 0.933144, 0.021072, Iris-setosa
4.60, 3.40, 1.40, 0.30, 0.014006, 0.979488, 0.006506, Iris-setosa
5.00, 3.40, 1.50, 0.20, 0.000268, 0.999611, 0.000121, Iris-setosa
4.40, 2.90, 1.40, 0.20, 0.046908, 0.931558, 0.021533, Iris-setosa
4.90, 3.10, 1.50, 0.10, 0.011267, 0.983691, 0.005043, Iris-setosa
5.40, 3.70, 1.50, 0.20, 0.022319, 0.967215, 0.010466, Iris-setosa
4.80, 3.40, 1.60, 0.20, 0.005332, 0.992281, 0.002387, Iris-setosa
4.80, 3.00, 1.40, 0.10, 0.019421, 0.971748, 0.008832, Iris-setosa
4.30, 3.00, 1.10, 0.10, 0.051302, 0.923699, 0.024999, Iris-setosa
5.80, 4.00, 1.20, 0.20, 0.073503, 0.888399, 0.038098, Iris-setosa
5.70, 4.40, 1.50, 0.40, 0.105708, 0.839276, 0.055016, Iris-setosa
5.40, 3.90, 1.30, 0.40, 0.036521, 0.945518, 0.017960, Iris-setosa
5.10, 3.50, 1.40, 0.30, 0.002524, 0.996307, 0.001168, Iris-setosa
5.70, 3.80, 1.70, 0.30, 0.066287, 0.903065, 0.030648, Iris-setosa
5.10, 3.80, 1.50, 0.30, 0.014919, 0.978069, 0.007012, Iris-setosa
5.40, 3.40, 1.70, 0.20, 0.021749, 0.968756, 0.009495, Iris-setosa
5.10, 3.70, 1.50, 0.40, 0.011010, 0.983902, 0.005089, Iris-setosa
4.60, 3.60, 1.00, 0.20, 0.027860, 0.958130, 0.014010, Iris-setosa
5.10, 3.30, 1.70, 0.50, 0.014213, 0.979780, 0.006007, Iris-setosa
4.80, 3.40, 1.90, 0.20, 0.022996, 0.967269, 0.009735, Iris-setosa
5.00, 3.00, 1.60, 0.20, 0.017524, 0.974905, 0.007571, Iris-setosa
5.00, 3.40, 1.60, 0.40, 0.003570, 0.994861, 0.001569, Iris-setosa
5.20, 3.50, 1.50, 0.20, 0.004740, 0.993093, 0.002167, Iris-setosa
5.20, 3.40, 1.40, 0.20, 0.004339, 0.993660, 0.002001, Iris-setosa
4.70, 3.20, 1.60, 0.20, 0.013699, 0.980240, 0.006061, Iris-setosa
4.80, 3.10, 1.60, 0.20, 0.014086, 0.979752, 0.006162, Iris-setosa
5.40, 3.40, 1.50, 0.40, 0.017758, 0.974274, 0.007968, Iris-setosa
5.20, 4.10, 1.50, 0.10, 0.042210, 0.936928, 0.020862, Iris-setosa
5.50, 4.20, 1.40, 0.20, 0.064662, 0.902386, 0.032952, Iris-setosa
4.90, 3.10, 1.50, 0.10, 0.011267, 0.983691, 0.005043, Iris-setosa
5.00, 3.20, 1.20, 0.20, 0.009920, 0.985406, 0.004673, Iris-setosa
5.50, 3.50, 1.30, 0.20, 0.024493, 0.963827, 0.011680, Iris-setosa
4.90, 3.10, 1.50, 0.10, 0.011267, 0.983691, 0.005043, Iris-setosa
4.40, 3.00, 1.30, 0.20, 0.040477, 0.940572, 0.018951, Iris-setosa
5.10, 3.40, 1.50, 0.20, 0.001141, 0.998342, 0.000517, Iris-setosa
5.00, 3.50, 1.30, 0.30, 0.003833, 0.994361, 0.001806, Iris-setosa
4.50, 2.30, 1.30, 0.30, 0.100898, 0.852732, 0.046370, Iris-setosa
4.40, 3.20, 1.30, 0.20, 0.031864, 0.953073, 0.015063, Iris-setosa
5.00, 3.50, 1.60, 0.60, 0.014671, 0.978871, 0.006457, Iris-setosa
5.10, 3.80, 1.90, 0.40, 0.038890, 0.944177, 0.016934, Iris-setosa
4.80, 3.00, 1.40, 0.30, 0.018493, 0.973202, 0.008305, Iris-setosa
5.10, 3.80, 1.60, 0.20, 0.016549, 0.975756, 0.007695, Iris-setosa
4.60, 3.20, 1.40, 0.20, 0.017275, 0.974772, 0.007954, Iris-setosa
5.30, 3.70, 1.50, 0.20, 0.016081, 0.976397, 0.007523, Iris-setosa
5.00, 3.30, 1.40, 0.20, 0.001810, 0.997361, 0.000829, Iris-setosa
7.00, 3.20, 4.70, 1.40, 0.454311, 0.044601, 0.501088, Iris-versicolor
6.40, 3.20, 4.50, 1.50, 0.764098, 0.029174, 0.206728, Iris-versicolor
6.90, 3.10, 4.90, 1.50, 0.368809, 0.031288, 0.599903, Iris-versicolor
5.50, 2.30, 4.00, 1.30, 0.869982, 0.049541, 0.080477, Iris-versicolor
6.50, 2.80, 4.60, 1.50, 0.758802, 0.024131, 0.217067, Iris-versicolor
5.70, 2.80, 4.50, 1.30, 0.973777, 0.005753, 0.020470, Iris-versicolor
6.30, 3.30, 4.70, 1.60, 0.673086, 0.029803, 0.297111, Iris-versicolor
4.90, 2.40, 3.30, 1.00, 0.581510, 0.286368, 0.132122, Iris-versicolor
6.60, 2.90, 4.60, 1.30, 0.721078, 0.031263, 0.247659, Iris-versicolor
5.20, 2.70, 3.90, 1.40, 0.830295, 0.074983, 0.094721, Iris-versicolor
5.00, 2.00, 3.50, 1.00, 0.635665, 0.219419, 0.144916, Iris-versicolor
5.90, 3.00, 4.20, 1.50, 0.962070, 0.009197, 0.028733, Iris-versicolor
6.00, 2.20, 4.00, 1.00, 0.843028, 0.055838, 0.101135, Iris-versicolor
6.10, 2.90, 4.70, 1.40, 0.899713, 0.012120, 0.088167, Iris-versicolor
5.60, 2.90, 3.60, 1.30, 0.815919, 0.091887, 0.092194, Iris-versicolor
6.70, 3.10, 4.40, 1.40, 0.689928, 0.041748, 0.268324, Iris-versicolor
5.60, 3.00, 4.50, 1.50, 0.933153, 0.014173, 0.052674, Iris-versicolor
5.80, 2.70, 4.10, 1.00, 0.925628, 0.025977, 0.048395, Iris-versicolor
6.20, 2.20, 4.50, 1.50, 0.835372, 0.027209, 0.137418, Iris-versicolor
5.60, 2.50, 3.90, 1.10, 0.877443, 0.051757, 0.070800, Iris-versicolor
5.90, 3.20, 4.80, 1.80, 0.721701, 0.027628, 0.250671, Iris-versicolor
6.10, 2.80, 4.00, 1.30, 0.934222, 0.019538, 0.046240, Iris-versicolor
6.30, 2.50, 4.90, 1.50, 0.705472, 0.024006, 0.270522, Iris-versicolor
6.10, 2.80, 4.70, 1.20, 0.902774, 0.013948, 0.083278, Iris-versicolor
6.40, 2.90, 4.30, 1.30, 0.875931, 0.022930, 0.101139, Iris-versicolor
6.60, 3.00, 4.40, 1.40, 0.754832, 0.033968, 0.211200, Iris-versicolor
6.80, 2.80, 4.80, 1.40, 0.523716, 0.033642, 0.442642, Iris-versicolor
6.70, 3.00, 5.00, 1.70, 0.306383, 0.021203, 0.672415, Iris-versicolor
6.00, 2.90, 4.50, 1.50, 0.968920, 0.004935, 0.026145, Iris-versicolor
5.70, 2.60, 3.50, 1.00, 0.766556, 0.128807, 0.104637, Iris-versicolor
5.50, 2.40, 3.80, 1.10, 0.831974, 0.078122, 0.089905, Iris-versicolor
5.50, 2.40, 3.70, 1.00, 0.795047, 0.104215, 0.100739, Iris-versicolor
5.80, 2.70, 3.90, 1.20, 0.918582, 0.031085, 0.050334, Iris-versicolor
6.00, 2.70, 5.10, 1.60, 0.656357, 0.023999, 0.319644, Iris-versicolor
5.40, 3.00, 4.50, 1.50, 0.891116, 0.026423, 0.082461, Iris-versicolor
6.00, 3.40, 4.50, 1.60, 0.797210, 0.032147, 0.170643, Iris-versicolor
6.70, 3.10, 4.70, 1.50, 0.555492, 0.033475, 0.411033, Iris-versicolor
6.30, 2.30, 4.40, 1.30, 0.857602, 0.026929, 0.115469, Iris-versicolor
5.60, 3.00, 4.10, 1.30, 0.928848, 0.024146, 0.047006, Iris-versicolor
5.50, 2.50, 4.00, 1.30, 0.899264, 0.038320, 0.062416, Iris-versicolor
5.50, 2.60, 4.40, 1.20, 0.931050, 0.019692, 0.049257, Iris-versicolor
6.10, 3.00, 4.60, 1.40, 0.915723, 0.011620, 0.072656, Iris-versicolor
5.80, 2.60, 4.00, 1.20, 0.935580, 0.022599, 0.041820, Iris-versicolor
5.00, 2.30, 3.30, 1.00, 0.597318, 0.270122, 0.132560, Iris-versicolor
5.60, 2.70, 4.20, 1.30, 0.958800, 0.012726, 0.028474, Iris-versicolor
5.70, 3.00, 4.20, 1.20, 0.945490, 0.016820, 0.037690, Iris-versicolor
5.70, 2.90, 4.20, 1.30, 0.967365, 0.009603, 0.023032, Iris-versicolor
6.20, 2.90, 4.30, 1.30, 0.943887, 0.011417, 0.044696, Iris-versicolor
5.10, 2.50, 3.00, 1.10, 0.518951, 0.356784, 0.124264, Iris-versicolor
5.70, 2.80, 4.10, 1.30, 0.960501, 0.012732, 0.026767, Iris-versicolor
6.30, 3.30, 6.00, 2.50, 0.120752, 0.019365, 0.859883, Iris-virginica
5.80, 2.70, 5.10, 1.90, 0.615596, 0.029331, 0.355072, Iris-virginica
7.10, 3.00, 5.90, 2.10, 0.038154, 0.006079, 0.955767, Iris-virginica
6.30, 2.90, 5.60, 1.80, 0.141964, 0.012536, 0.845501, Iris-virginica
6.50, 3.00, 5.80, 2.20, 0.037645, 0.004757, 0.957598, Iris-virginica
7.60, 3.00, 6.60, 2.10, 0.152680, 0.035476, 0.811844, Iris-virginica
4.90, 2.50, 4.50, 1.70, 0.759811, 0.073142, 0.167047, Iris-virginica
7.30, 2.90, 6.30, 1.80, 0.115147, 0.021912, 0.862941, Iris-virginica
6.70, 2.50, 5.80, 1.80, 0.117354, 0.014009, 0.868636, Iris-virginica
7.20, 3.60, 6.10, 2.50, 0.114599, 0.024417, 0.860984, Iris-virginica
6.50, 3.20, 5.10, 2.00, 0.209915, 0.016771, 0.773314, Iris-virginica
6.40, 2.70, 5.30, 1.90, 0.223162, 0.015772, 0.761066, Iris-virginica
6.80, 3.00, 5.50, 2.10, 0.010018, 0.001167, 0.988815, Iris-virginica
5.70, 2.50, 5.00, 2.00, 0.659939, 0.034415, 0.305646, Iris-virginica
5.80, 2.80, 5.10, 2.40, 0.460999, 0.038404, 0.500597, Iris-virginica
6.40, 3.20, 5.30, 2.30, 0.136082, 0.014068, 0.849850, Iris-virginica
6.50, 3.00, 5.50, 1.80, 0.079628, 0.007166, 0.913206, Iris-virginica
7.70, 3.80, 6.70, 2.20, 0.185829, 0.050588, 0.763583, Iris-virginica
7.70, 2.60, 6.90, 2.30, 0.193258, 0.049213, 0.757529, Iris-virginica
6.00, 2.20, 5.00, 1.50, 0.710682, 0.032252, 0.257066, Iris-virginica
6.90, 3.20, 5.70, 2.30, 0.025700, 0.003829, 0.970471, Iris-virginica
5.60, 2.80, 4.90, 2.00, 0.706961, 0.033678, 0.259361, Iris-virginica
7.70, 2.80, 6.70, 2.00, 0.174834, 0.041995, 0.783171, Iris-virginica
6.30, 2.70, 4.90, 1.80, 0.595810, 0.022825, 0.381365, Iris-virginica
6.70, 3.30, 5.70, 2.10, 0.021745, 0.002914, 0.975341, Iris-virginica
7.20, 3.20, 6.00, 1.80, 0.075174, 0.012913, 0.911913, Iris-virginica
6.20, 2.80, 4.80, 1.80, 0.707838, 0.020996, 0.271166, Iris-virginica
6.10, 3.00, 4.90, 1.80, 0.646972, 0.023105, 0.329923, Iris-virginica
6.40, 2.80, 5.60, 2.10, 0.083012, 0.008365, 0.908623, Iris-virginica
7.20, 3.00, 5.80, 1.60, 0.094759, 0.014455, 0.890785, Iris-virginica
7.40, 2.80, 6.10, 1.90, 0.107455, 0.019800, 0.872745, Iris-virginica
7.90, 3.80, 6.40, 2.00, 0.189006, 0.050902, 0.760091, Iris-virginica
6.40, 2.80, 5.60, 2.20, 0.084852, 0.008964, 0.906185, Iris-virginica
6.30, 2.80, 5.10, 1.50, 0.540269, 0.023414, 0.436317, Iris-virginica
6.10, 2.60, 5.60, 1.40, 0.392746, 0.031225, 0.576028, Iris-virginica
7.70, 3.00, 6.10, 2.30, 0.131781, 0.028674, 0.839545, Iris-virginica
6.30, 3.40, 5.60, 2.40, 0.128710, 0.017230, 0.854059, Iris-virginica
6.40, 3.10, 5.50, 1.80, 0.110086, 0.009789, 0.880125, Iris-virginica
6.00, 3.00, 4.80, 1.80, 0.749961, 0.021736, 0.228303, Iris-virginica
6.90, 3.10, 5.40, 2.10, 0.028964, 0.003491, 0.967545, Iris-virginica
6.70, 3.10, 5.60, 2.40, 0.037681, 0.005080, 0.957239, Iris-virginica
6.90, 3.10, 5.10, 2.30, 0.129496, 0.015408, 0.855096, Iris-virginica
5.80, 2.70, 5.10, 1.90, 0.615596, 0.029331, 0.355072, Iris-virginica
6.80, 3.20, 5.90, 2.30, 0.033736, 0.005251, 0.961012, Iris-virginica
6.70, 3.30, 5.70, 2.50, 0.063186, 0.009704, 0.927111, Iris-virginica
6.70, 3.00, 5.20, 2.30, 0.106394, 0.011268, 0.882338, Iris-virginica
6.30, 2.50, 5.00, 1.90, 0.507550, 0.025831, 0.466619, Iris-virginica
6.50, 3.00, 5.20, 2.00, 0.156449, 0.012121, 0.831430, Iris-virginica
6.20, 3.40, 5.40, 2.30, 0.189053, 0.021586, 0.789361, Iris-virginica
5.90, 3.00, 5.10, 1.80, 0.581826, 0.026940, 0.391234, Iris-virginica
