% Title: Title
%
% Centers:
% 	5.889112 2.761203 4.364127 1.397380 
% 	5.003561 3.403040 1.484994 0.251538 
% 	6.775013 3.052400 5.646782 2.053557 
%

@RELATION

@ATTRIBUTE Attribute0 	 REAL
@ATTRIBUTE Attribute1 	 REAL
@ATTRIBUTE Attribute2 	 REAL
@ATTRIBUTE Attribute3 	 REAL
@ATTRIBUTE MU 	 FUZZY {Zhluk0, Zhluk1, Zhluk2}
@ATTRIBUTE class 	 {Iris-setosa, Iris-versicolor, Iris-virginica}

@DATA
5.10, 3.50, 1.40, 0.20, 0.002501, 0.996336, 0.001163, Iris-setosa
4.90, 3.00, 1.40, 0.20, 0.015889, 0.976954, 0.007156, Iris-setosa
4.70, 3.20, 1.30, 0.20, 0.013429, 0.980310, 0.006261, Iris-setosa
4.60, 3.10, 1.50, 0.20, 0.021854, 0.968313, 0.009834, Iris-setosa
5.00, 3.60, 1.40, 0.20, 0.004131, 0.993927, 0.001942, Iris-setosa
5.40, 3.90, 1.70, 0.40, 0.045785, 0.933143, 0.021072, Iris-setosa
4.60, 3.40, 1.40, 0.30, 0.014006, 0.979488, 0.006506, Iris-setosa
5.00, 3.40, 1.50, 0.20, 0.000268, 0.999611, 0.000121, Iris-setosa
4.40, 2.90, 1.40, 0.20, 0.046909, 0.931558, 0.021534, Iris-setosa
4.90, 3.10, 1.50, 0.10, 0.011267, 0.983690, 0.005043, Iris-setosa
5.40, 3.70, 1.50, 0.20, 0.022319, 0.967215, 0.010466, Iris-setosa
4.80, 3.40, 1.60, 0.20, 0.005333, 0.992280, 0.002387, Iris-setosa
4.80, 3.00, 1.40, 0.10, 0.019421, 0.971747, 0.008832, Iris-setosa
4.30, 3.00, 1.10, 0.10, 0.051302, 0.923699, 0.024999, Iris-setosa
5.80, 4.00, 1.20, 0.20, 0.073504, 0.888398, 0.038098, Iris-setosa
5.70, 4.40, 1.50, 0.40, 0.105708, 0.839275, 0.055017, Iris-setosa
5.40, 3.90, 1.30, 0.40, 0.036522, 0.945518, 0.017961, Iris-setosa
5.10, 3.50, 1.40, 0.30, 0.002525, 0.996307, 0.001168, Iris-setosa
5.70, 3.80, 1.70, 0.30, 0.066288, 0.903064, 0.030648, Iris-setosa
5.10, 3.80, 1.50, 0.30, 0.014919, 0.978068, 0.007012, Iris-setosa
5.40, 3.40, 1.70, 0.20, 0.021750, 0.968755, 0.009495, Iris-setosa
5.10, 3.70, 1.50, 0.40, 0.011010, 0.983901, 0.005089, Iris-setosa
4.60, 3.60, 1.00, 0.20, 0.027860, 0.958130, 0.014010, Iris-setosa
5.10, 3.30, 1.70, 0.50, 0.014213, 0.979779, 0.006007, Iris-setosa
4.80, 3.40, 1.90, 0.20, 0.022997, 0.967268, 0.009735, Iris-setosa
5.00, 3.00, 1.60, 0.20, 0.017525, 0.974904, 0.007571, Iris-setosa
5.00, 3.40, 1.60, 0.40, 0.003570, 0.994861, 0.001569, Iris-setosa
5.20, 3.50, 1.50, 0.20, 0.004740, 0.993092, 0.002167, Iris-setosa
5.20, 3.40, 1.40, 0.20, 0.004339, 0.993660, 0.002001, Iris-setosa
4.70, 3.20, 1.60, 0.20, 0.013699, 0.980240, 0.006061, Iris-setosa
4.80, 3.10, 1.60, 0.20, 0.014086, 0.979752, 0.006162, Iris-setosa
5.40, 3.40, 1.50, 0.40, 0.017758, 0.974274, 0.007968, Iris-setosa
5.20, 4.10, 1.50, 0.10, 0.042211, 0.936927, 0.020862, Iris-setosa
5.50, 4.20, 1.40, 0.20, 0.064662, 0.902385, 0.032952, Iris-setosa
4.90, 3.10, 1.50, 0.10, 0.011267, 0.983690, 0.005043, Iris-setosa
5.00, 3.20, 1.20, 0.20, 0.009920, 0.985406, 0.004673, Iris-setosa
5.50, 3.50, 1.30, 0.20, 0.024493, 0.963827, 0.011680, Iris-setosa
4.90, 3.10, 1.50, 0.10, 0.011267, 0.983690, 0.005043, Iris-setosa
4.40, 3.00, 1.30, 0.20, 0.040478, 0.940571, 0.018951, Iris-setosa
5.10, 3.40, 1.50, 0.20, 0.001141, 0.998342, 0.000517, Iris-setosa
5.00, 3.50, 1.30, 0.30, 0.003833, 0.994361, 0.001806, Iris-setosa
4.50, 2.30, 1.30, 0.30, 0.100899, 0.852730, 0.046370, Iris-setosa
4.40, 3.20, 1.30, 0.20, 0.031865, 0.953073, 0.015063, Iris-setosa
5.00, 3.50, 1.60, 0.60, 0.014672, 0.978871, 0.006457, Iris-setosa
5.10, 3.80, 1.90, 0.40, 0.038890, 0.944176, 0.016934, Iris-setosa
4.80, 3.00, 1.40, 0.30, 0.018493, 0.973202, 0.008305, Iris-setosa
5.10, 3.80, 1.60, 0.20, 0.016550, 0.975756, 0.007695, Iris-setosa
4.60, 3.20, 1.40, 0.20, 0.017275, 0.974771, 0.007954, Iris-setosa
5.30, 3.70, 1.50, 0.20, 0.016081, 0.976396, 0.007523, Iris-setosa
5.00, 3.30, 1.40, 0.20, 0.001810, 0.997361, 0.000829, Iris-setosa
7.00, 3.20, 4.70, 1.40, 0.454297, 0.044601, 0.501103, Iris-versicolor
6.40, 3.20, 4.50, 1.50, 0.764083, 0.029174, 0.206743, Iris-versicolor
6.90, 3.10, 4.90, 1.50, 0.368791, 0.031288, 0.599921, Iris-versicolor
5.50, 2.30, 4.00, 1.30, 0.869987, 0.049538, 0.080474, Iris-versicolor
6.50, 2.80, 4.60, 1.50, 0.758783, 0.024132, 0.217085, Iris-versicolor
5.70, 2.80, 4.50, 1.30, 0.973777, 0.005753, 0.020470, Iris-versicolor
6.30, 3.30, 4.70, 1.60, 0.673065, 0.029804, 0.297131, Iris-versicolor
4.90, 2.40, 3.30, 1.00, 0.581517, 0.286361, 0.132122, Iris-versicolor
6.60, 2.90, 4.60, 1.30, 0.721062, 0.031263, 0.247674, Iris-versicolor
5.20, 2.70, 3.90, 1.40, 0.830301, 0.074980, 0.094719, Iris-versicolor
5.00, 2.00, 3.50, 1.00, 0.635671, 0.219413, 0.144916, Iris-versicolor
5.90, 3.00, 4.20, 1.50, 0.962070, 0.009197, 0.028733, Iris-versicolor
6.00, 2.20, 4.00, 1.00, 0.843031, 0.055835, 0.101133, Iris-versicolor
6.10, 2.90, 4.70, 1.40, 0.899699, 0.012121, 0.088180, Iris-versicolor
5.60, 2.90, 3.60, 1.30, 0.815926, 0.091882, 0.092192, Iris-versicolor
6.70, 3.10, 4.40, 1.40, 0.689914, 0.041748, 0.268337, Iris-versicolor
5.60, 3.00, 4.50, 1.50, 0.933151, 0.014173, 0.052676, Iris-versicolor
5.80, 2.70, 4.10, 1.00, 0.925633, 0.025975, 0.048392, Iris-versicolor
6.20, 2.20, 4.50, 1.50, 0.835366, 0.027210, 0.137425, Iris-versicolor
5.60, 2.50, 3.90, 1.10, 0.877449, 0.051753, 0.070797, Iris-versicolor
5.90, 3.20, 4.80, 1.80, 0.721682, 0.027629, 0.250689, Iris-versicolor
6.10, 2.80, 4.00, 1.30, 0.934224, 0.019537, 0.046238, Iris-versicolor
6.30, 2.50, 4.90, 1.50, 0.705452, 0.024007, 0.270542, Iris-versicolor
6.10, 2.80, 4.70, 1.20, 0.902764, 0.013949, 0.083287, Iris-versicolor
6.40, 2.90, 4.30, 1.30, 0.875924, 0.022931, 0.101145, Iris-versicolor
6.60, 3.00, 4.40, 1.40, 0.754819, 0.033969, 0.211213, Iris-versicolor
6.80, 2.80, 4.80, 1.40, 0.523696, 0.033642, 0.442661, Iris-versicolor
6.70, 3.00, 5.00, 1.70, 0.306360, 0.021202, 0.672438, Iris-versicolor
6.00, 2.90, 4.50, 1.50, 0.968913, 0.004936, 0.026151, Iris-versicolor
5.70, 2.60, 3.50, 1.00, 0.766564, 0.128801, 0.104635, Iris-versicolor
5.50, 2.40, 3.80, 1.10, 0.831981, 0.078117, 0.089902, Iris-versicolor
5.50, 2.40, 3.70, 1.00, 0.795054, 0.104210, 0.100736, Iris-versicolor
5.80, 2.70, 3.90, 1.20, 0.918588, 0.031082, 0.050331, Iris-versicolor
6.00, 2.70, 5.10, 1.60, 0.656333, 0.024000, 0.319667, Iris-versicolor
5.40, 3.00, 4.50, 1.50, 0.891115, 0.026423, 0.082463, Iris-versicolor
6.00, 3.40, 4.50, 1.60, 0.797199, 0.032148, 0.170653, Iris-versicolor
6.70, 3.10, 4.70, 1.50, 0.555471, 0.033475, 0.411054, Iris-versicolor
6.30, 2.30, 4.40, 1.30, 0.857597, 0.026930, 0.115473, Iris-versicolor
5.60, 3.00, 4.10, 1.30, 0.928853, 0.024144, 0.047003, Iris-versicolor
5.50, 2.50, 4.00, 1.30, 0.899270, 0.038317, 0.062413, Iris-versicolor
5.50, 2.60, 4.40, 1.20, 0.931053, 0.019691, 0.049256, Iris-versicolor
6.10, 3.00, 4.60, 1.40, 0.915712, 0.011621, 0.072666, Iris-versicolor
5.80, 2.60, 4.00, 1.20, 0.935586, 0.022597, 0.041817, Iris-versicolor
5.00, 2.30, 3.30, 1.00, 0.597326, 0.270115, 0.132559, Iris-versicolor
5.60, 2.70, 4.20, 1.30, 0.958805, 0.012724, 0.028471, Iris-versicolor
5.70, 3.00, 4.20, 1.20, 0.945494, 0.016818, 0.037688, Iris-versicolor
5.70, 2.90, 4.20, 1.30, 0.967368, 0.009602, 0.023029, Iris-versicolor
6.20, 2.90, 4.30, 1.30, 0.943884, 0.011418, 0.044699, Iris-versicolor
5.10, 2.50, 3.00, 1.10, 0.518959, 0.356777, 0.124264, Iris-versicolor
5.70, 2.80, 4.10, 1.30, 0.960506, 0.012731, 0.026764, Iris-versicolor
6.30, 3.30, 6.00, 2.50, 0.120751, 0.019365, 0.859884, Iris-virginica
5.80, 2.70, 5.10, 1.90, 0.615576, 0.029332, 0.355092, Iris-virginica
7.10, 3.00, 5.90, 2.10, 0.038157, 0.006080, 0.955763, Iris-virginica
6.30, 2.90, 5.60, 1.80, 0.141950, 0.012535, 0.845515, Iris-virginica
6.50, 3.00, 5.80, 2.20, 0.037644, 0.004757, 0.957599, Iris-virginica
7.60, 3.00, 6.60, 2.10, 0.152683, 0.035478, 0.811839, Iris-virginica
4.90, 2.50, 4.50, 1.70, 0.759811, 0.073141, 0.167048, Iris-virginica
7.30, 2.90, 6.30, 1.80, 0.115149, 0.021913, 0.862938, Iris-virginica
6.70, 2.50, 5.80, 1.80, 0.117350, 0.014009, 0.868641, Iris-virginica
7.20, 3.60, 6.10, 2.50, 0.114602, 0.024419, 0.860980, Iris-virginica
6.50, 3.20, 5.10, 2.00, 0.209895, 0.016770, 0.773334, Iris-virginica
6.40, 2.70, 5.30, 1.90, 0.223141, 0.015771, 0.761088, Iris-virginica
6.80, 3.00, 5.50, 2.10, 0.010016, 0.001167, 0.988817, Iris-virginica
5.70, 2.50, 5.00, 2.00, 0.659924, 0.034415, 0.305661, Iris-virginica
5.80, 2.80, 5.10, 2.40, 0.460983, 0.038404, 0.500613, Iris-virginica
6.40, 3.20, 5.30, 2.30, 0.136071, 0.014068, 0.849862, Iris-virginica
6.50, 3.00, 5.50, 1.80, 0.079616, 0.007165, 0.913218, Iris-virginica
7.70, 3.80, 6.70, 2.20, 0.185831, 0.050589, 0.763579, Iris-virginica
7.70, 2.60, 6.90, 2.30, 0.193260, 0.049214, 0.757526, Iris-virginica
6.00, 2.20, 5.00, 1.50, 0.710669, 0.032252, 0.257079, Iris-virginica
6.90, 3.20, 5.70, 2.30, 0.025703, 0.003829, 0.970468, Iris-virginica
5.60, 2.80, 4.90, 2.00, 0.706947, 0.033678, 0.259374, Iris-virginica
7.70, 2.80, 6.70, 2.00, 0.174836, 0.041996, 0.783167, Iris-virginica
6.30, 2.70, 4.90, 1.80, 0.595782, 0.022825, 0.381393, Iris-virginica
6.70, 3.30, 5.70, 2.10, 0.021745, 0.002915, 0.975341, Iris-virginica
7.20, 3.20, 6.00, 1.80, 0.075176, 0.012914, 0.911910, Iris-virginica
6.20, 2.80, 4.80, 1.80, 0.707812, 0.020997, 0.271191, Iris-virginica
6.10, 3.00, 4.90, 1.80, 0.646945, 0.023106, 0.329950, Iris-virginica
6.40, 2.80, 5.60, 2.10, 0.083003, 0.008364, 0.908632, Iris-virginica
7.20, 3.00, 5.80, 1.60, 0.094759, 0.014456, 0.890785, Iris-virginica
7.40, 2.80, 6.10, 1.90, 0.107457, 0.019801, 0.872742, Iris-virginica
7.90, 3.80, 6.40, 2.00, 0.189008, 0.050904, 0.760088, Iris-virginica
6.40, 2.80, 5.60, 2.20, 0.084844, 0.008963, 0.906193, Iris-virginica
6.30, 2.80, 5.10, 1.50, 0.540241, 0.023414, 0.436345, Iris-virginica
6.10, 2.60, 5.60, 1.40, 0.392730, 0.031225, 0.576045, Iris-virginica
7.70, 3.00, 6.10, 2.30, 0.131784, 0.028675, 0.839541, Iris-virginica
6.30, 3.40, 5.60, 2.40, 0.128705, 0.017230, 0.854065, Iris-virginica
6.40, 3.10, 5.50, 1.80, 0.110073, 0.009789, 0.880139, Iris-virginica
6.00, 3.00, 4.80, 1.80, 0.749939, 0.021737, 0.228324, Iris-virginica
6.90, 3.10, 5.40, 2.10, 0.028961, 0.003491, 0.967548, Iris-virginica
6.70, 3.10, 5.60, 2.40, 0.037681, 0.005080, 0.957240, Iris-virginica
6.90, 3.10, 5.10, 2.30, 0.129488, 0.015408, 0.855104, Iris-virginica
5.80, 2.70, 5.10, 1.90, 0.615576, 0.029332, 0.355092, Iris-virginica
6.80, 3.20, 5.90, 2.30, 0.033739, 0.005252, 0.961009, Iris-virginica
6.70, 3.30, 5.70, 2.50, 0.063186, 0.009704, 0.927110, Iris-virginica
6.70, 3.00, 5.20, 2.30, 0.106385, 0.011268, 0.882348, Iris-virginica
6.30, 2.50, 5.00, 1.90, 0.507526, 0.025831, 0.466644, Iris-virginica
6.50, 3.00, 5.20, 2.00, 0.156430, 0.012120, 0.831450, Iris-virginica
6.20, 3.40, 5.40, 2.30, 0.189043, 0.021586, 0.789372, Iris-virginica
5.90, 3.00, 5.10, 1.80, 0.581802, 0.026941, 0.391258, Iris-virginica
