% Title: Title
%
% Centers:
% 	6.775022 3.052403 5.646794 2.053562 
% 	5.003561 3.403040 1.484995 0.251538 
% 	5.889120 2.761206 4.364138 1.397386 
%

@RELATION

@ATTRIBUTE Attribute0 	 REAL
@ATTRIBUTE Attribute1 	 REAL
@ATTRIBUTE Attribute2 	 REAL
@ATTRIBUTE Attribute3 	 REAL
@ATTRIBUTE MU 	 FUZZY {Zhluk0, Zhluk1, Zhluk2}
@ATTRIBUTE class 	 {Iris-setosa, Iris-versicolor, Iris-virginica}

@DATA
5.10, 3.50, 1.40, 0.20, 0.001163, 0.996336, 0.002501, Iris-setosa
4.90, 3.00, 1.40, 0.20, 0.007156, 0.976954, 0.015889, Iris-setosa
4.70, 3.20, 1.30, 0.20, 0.006261, 0.980310, 0.013429, Iris-setosa
4.60, 3.10, 1.50, 0.20, 0.009834, 0.968313, 0.021853, Iris-setosa
5.00, 3.60, 1.40, 0.20, 0.001942, 0.993927, 0.004131, Iris-setosa
5.40, 3.90, 1.70, 0.40, 0.021072, 0.933144, 0.045785, Iris-setosa
4.60, 3.40, 1.40, 0.30, 0.006506, 0.979488, 0.014006, Iris-setosa
5.00, 3.40, 1.50, 0.20, 0.000121, 0.999611, 0.000268, Iris-setosa
4.40, 2.90, 1.40, 0.20, 0.021533, 0.931558, 0.046908, Iris-setosa
4.90, 3.10, 1.50, 0.10, 0.005043, 0.983691, 0.011267, Iris-setosa
5.40, 3.70, 1.50, 0.20, 0.010466, 0.967215, 0.022319, Iris-setosa
4.80, 3.40, 1.60, 0.20, 0.002387, 0.992281, 0.005333, Iris-setosa
4.80, 3.00, 1.40, 0.10, 0.008832, 0.971748, 0.019421, Iris-setosa
4.30, 3.00, 1.10, 0.10, 0.024999, 0.923699, 0.051302, Iris-setosa
5.80, 4.00, 1.20, 0.20, 0.038098, 0.888399, 0.073503, Iris-setosa
5.70, 4.40, 1.50, 0.40, 0.055016, 0.839276, 0.105708, Iris-setosa
5.40, 3.90, 1.30, 0.40, 0.017960, 0.945518, 0.036521, Iris-setosa
5.10, 3.50, 1.40, 0.30, 0.001168, 0.996307, 0.002524, Iris-setosa
5.70, 3.80, 1.70, 0.30, 0.030648, 0.903065, 0.066287, Iris-setosa
5.10, 3.80, 1.50, 0.30, 0.007012, 0.978069, 0.014919, Iris-setosa
5.40, 3.40, 1.70, 0.20, 0.009495, 0.968756, 0.021749, Iris-setosa
5.10, 3.70, 1.50, 0.40, 0.005089, 0.983902, 0.011010, Iris-setosa
4.60, 3.60, 1.00, 0.20, 0.014010, 0.958130, 0.027860, Iris-setosa
5.10, 3.30, 1.70, 0.50, 0.006007, 0.979780, 0.014213, Iris-setosa
4.80, 3.40, 1.90, 0.20, 0.009735, 0.967269, 0.022996, Iris-setosa
5.00, 3.00, 1.60, 0.20, 0.007571, 0.974905, 0.017524, Iris-setosa
5.00, 3.40, 1.60, 0.40, 0.001569, 0.994861, 0.003570, Iris-setosa
5.20, 3.50, 1.50, 0.20, 0.002167, 0.993093, 0.004740, Iris-setosa
5.20, 3.40, 1.40, 0.20, 0.002001, 0.993660, 0.004339, Iris-setosa
4.70, 3.20, 1.60, 0.20, 0.006061, 0.980240, 0.013699, Iris-setosa
4.80, 3.10, 1.60, 0.20, 0.006162, 0.979752, 0.014086, Iris-setosa
5.40, 3.40, 1.50, 0.40, 0.007968, 0.974274, 0.017758, Iris-setosa
5.20, 4.10, 1.50, 0.10, 0.020862, 0.936928, 0.042210, Iris-setosa
5.50, 4.20, 1.40, 0.20, 0.032952, 0.902386, 0.064662, Iris-setosa
4.90, 3.10, 1.50, 0.10, 0.005043, 0.983691, 0.011267, Iris-setosa
5.00, 3.20, 1.20, 0.20, 0.004673, 0.985406, 0.009920, Iris-setosa
5.50, 3.50, 1.30, 0.20, 0.011680, 0.963827, 0.024493, Iris-setosa
4.90, 3.10, 1.50, 0.10, 0.005043, 0.983691, 0.011267, Iris-setosa
4.40, 3.00, 1.30, 0.20, 0.018951, 0.940572, 0.040477, Iris-setosa
5.10, 3.40, 1.50, 0.20, 0.000517, 0.998342, 0.001141, Iris-setosa
5.00, 3.50, 1.30, 0.30, 0.001806, 0.994361, 0.003833, Iris-setosa
4.50, 2.30, 1.30, 0.30, 0.046370, 0.852732, 0.100898, Iris-setosa
4.40, 3.20, 1.30, 0.20, 0.015063, 0.953073, 0.031864, Iris-setosa
5.00, 3.50, 1.60, 0.60, 0.006457, 0.978871, 0.014671, Iris-setosa
5.10, 3.80, 1.90, 0.40, 0.016934, 0.944177, 0.038890, Iris-setosa
4.80, 3.00, 1.40, 0.30, 0.008305, 0.973202, 0.018493, Iris-setosa
5.10, 3.80, 1.60, 0.20, 0.007695, 0.975756, 0.016549, Iris-setosa
4.60, 3.20, 1.40, 0.20, 0.007954, 0.974772, 0.017275, Iris-setosa
5.30, 3.70, 1.50, 0.20, 0.007523, 0.976397, 0.016081, Iris-setosa
5.00, 3.30, 1.40, 0.20, 0.000829, 0.997361, 0.001810, Iris-setosa
7.00, 3.20, 4.70, 1.40, 0.501090, 0.044601, 0.454309, Iris-versicolor
6.40, 3.20, 4.50, 1.50, 0.206730, 0.029174, 0.764096, Iris-versicolor
6.90, 3.10, 4.90, 1.50, 0.599905, 0.031288, 0.368807, Iris-versicolor
5.50, 2.30, 4.00, 1.30, 0.080477, 0.049541, 0.869983, Iris-versicolor
6.50, 2.80, 4.60, 1.50, 0.217069, 0.024131, 0.758799, Iris-versicolor
5.70, 2.80, 4.50, 1.30, 0.020470, 0.005753, 0.973777, Iris-versicolor
6.30, 3.30, 4.70, 1.60, 0.297113, 0.029803, 0.673084, Iris-versicolor
4.90, 2.40, 3.30, 1.00, 0.132122, 0.286367, 0.581511, Iris-versicolor
6.60, 2.90, 4.60, 1.30, 0.247661, 0.031263, 0.721076, Iris-versicolor
5.20, 2.70, 3.90, 1.40, 0.094721, 0.074983, 0.830296, Iris-versicolor
5.00, 2.00, 3.50, 1.00, 0.144916, 0.219418, 0.635666, Iris-versicolor
5.90, 3.00, 4.20, 1.50, 0.028733, 0.009197, 0.962070, Iris-versicolor
6.00, 2.20, 4.00, 1.00, 0.101134, 0.055837, 0.843028, Iris-versicolor
6.10, 2.90, 4.70, 1.40, 0.088169, 0.012120, 0.899711, Iris-versicolor
5.60, 2.90, 3.60, 1.30, 0.092194, 0.091886, 0.815920, Iris-versicolor
6.70, 3.10, 4.40, 1.40, 0.268326, 0.041748, 0.689926, Iris-versicolor
5.60, 3.00, 4.50, 1.50, 0.052674, 0.014173, 0.933153, Iris-versicolor
5.80, 2.70, 4.10, 1.00, 0.048395, 0.025977, 0.925628, Iris-versicolor
6.20, 2.20, 4.50, 1.50, 0.137419, 0.027209, 0.835372, Iris-versicolor
5.60, 2.50, 3.90, 1.10, 0.070800, 0.051757, 0.877443, Iris-versicolor
5.90, 3.20, 4.80, 1.80, 0.250673, 0.027628, 0.721699, Iris-versicolor
6.10, 2.80, 4.00, 1.30, 0.046239, 0.019538, 0.934222, Iris-versicolor
6.30, 2.50, 4.90, 1.50, 0.270524, 0.024006, 0.705470, Iris-versicolor
6.10, 2.80, 4.70, 1.20, 0.083279, 0.013948, 0.902772, Iris-versicolor
6.40, 2.90, 4.30, 1.30, 0.101139, 0.022930, 0.875930, Iris-versicolor
6.60, 3.00, 4.40, 1.40, 0.211202, 0.033968, 0.754830, Iris-versicolor
6.80, 2.80, 4.80, 1.40, 0.442644, 0.033642, 0.523714, Iris-versicolor
6.70, 3.00, 5.00, 1.70, 0.672417, 0.021203, 0.306380, Iris-versicolor
6.00, 2.90, 4.50, 1.50, 0.026146, 0.004935, 0.968919, Iris-versicolor
5.70, 2.60, 3.50, 1.00, 0.104637, 0.128806, 0.766557, Iris-versicolor
5.50, 2.40, 3.80, 1.10, 0.089904, 0.078121, 0.831974, Iris-versicolor
5.50, 2.40, 3.70, 1.00, 0.100738, 0.104214, 0.795048, Iris-versicolor
5.80, 2.70, 3.90, 1.20, 0.050333, 0.031084, 0.918582, Iris-versicolor
6.00, 2.70, 5.10, 1.60, 0.319646, 0.023999, 0.656354, Iris-versicolor
5.40, 3.00, 4.50, 1.50, 0.082461, 0.026423, 0.891116, Iris-versicolor
6.00, 3.40, 4.50, 1.60, 0.170644, 0.032147, 0.797209, Iris-versicolor
6.70, 3.10, 4.70, 1.50, 0.411036, 0.033475, 0.555489, Iris-versicolor
6.30, 2.30, 4.40, 1.30, 0.115469, 0.026929, 0.857601, Iris-versicolor
5.60, 3.00, 4.10, 1.30, 0.047006, 0.024146, 0.928849, Iris-versicolor
5.50, 2.50, 4.00, 1.30, 0.062416, 0.038320, 0.899265, Iris-versicolor
5.50, 2.60, 4.40, 1.20, 0.049257, 0.019692, 0.931051, Iris-versicolor
6.10, 3.00, 4.60, 1.40, 0.072658, 0.011620, 0.915722, Iris-versicolor
5.80, 2.60, 4.00, 1.20, 0.041820, 0.022599, 0.935581, Iris-versicolor
5.00, 2.30, 3.30, 1.00, 0.132560, 0.270121, 0.597319, Iris-versicolor
5.60, 2.70, 4.20, 1.30, 0.028474, 0.012726, 0.958800, Iris-versicolor
5.70, 3.00, 4.20, 1.20, 0.037690, 0.016819, 0.945491, Iris-versicolor
5.70, 2.90, 4.20, 1.30, 0.023032, 0.009603, 0.967365, Iris-versicolor
6.20, 2.90, 4.30, 1.30, 0.044696, 0.011417, 0.943887, Iris-versicolor
5.10, 2.50, 3.00, 1.10, 0.124264, 0.356783, 0.518952, Iris-versicolor
5.70, 2.80, 4.10, 1.30, 0.026766, 0.012732, 0.960502, Iris-versicolor
6.30, 3.30, 6.00, 2.50, 0.859883, 0.019365, 0.120752, Iris-virginica
5.80, 2.70, 5.10, 1.90, 0.355075, 0.029331, 0.615594, Iris-virginica
7.10, 3.00, 5.90, 2.10, 0.955767, 0.006079, 0.038154, Iris-virginica
6.30, 2.90, 5.60, 1.80, 0.845502, 0.012536, 0.141962, Iris-virginica
6.50, 3.00, 5.80, 2.20, 0.957598, 0.004757, 0.037645, Iris-virginica
7.60, 3.00, 6.60, 2.10, 0.811843, 0.035477, 0.152680, Iris-virginica
4.90, 2.50, 4.50, 1.70, 0.167047, 0.073142, 0.759811, Iris-virginica
7.30, 2.90, 6.30, 1.80, 0.862941, 0.021912, 0.115147, Iris-virginica
6.70, 2.50, 5.80, 1.80, 0.868637, 0.014009, 0.117354, Iris-virginica
7.20, 3.60, 6.10, 2.50, 0.860983, 0.024418, 0.114599, Iris-virginica
6.50, 3.20, 5.10, 2.00, 0.773316, 0.016771, 0.209913, Iris-virginica
6.40, 2.70, 5.30, 1.90, 0.761069, 0.015771, 0.223160, Iris-virginica
6.80, 3.00, 5.50, 2.10, 0.988815, 0.001167, 0.010018, Iris-virginica
5.70, 2.50, 5.00, 2.00, 0.305648, 0.034415, 0.659937, Iris-virginica
5.80, 2.80, 5.10, 2.40, 0.500599, 0.038404, 0.460998, Iris-virginica
6.40, 3.20, 5.30, 2.30, 0.849851, 0.014068, 0.136080, Iris-virginica
6.50, 3.00, 5.50, 1.80, 0.913207, 0.007166, 0.079627, Iris-virginica
7.70, 3.80, 6.70, 2.20, 0.763583, 0.050588, 0.185829, Iris-virginica
7.70, 2.60, 6.90, 2.30, 0.757529, 0.049213, 0.193259, Iris-virginica
6.00, 2.20, 5.00, 1.50, 0.257068, 0.032252, 0.710681, Iris-virginica
6.90, 3.20, 5.70, 2.30, 0.970470, 0.003829, 0.025701, Iris-virginica
5.60, 2.80, 4.90, 2.00, 0.259362, 0.033678, 0.706960, Iris-virginica
7.70, 2.80, 6.70, 2.00, 0.783170, 0.041995, 0.174834, Iris-virginica
6.30, 2.70, 4.90, 1.80, 0.381369, 0.022825, 0.595807, Iris-virginica
6.70, 3.30, 5.70, 2.10, 0.975341, 0.002914, 0.021745, Iris-virginica
7.20, 3.20, 6.00, 1.80, 0.911913, 0.012913, 0.075174, Iris-virginica
6.20, 2.80, 4.80, 1.80, 0.271169, 0.020996, 0.707835, Iris-virginica
6.10, 3.00, 4.90, 1.80, 0.329926, 0.023105, 0.646969, Iris-virginica
6.40, 2.80, 5.60, 2.10, 0.908624, 0.008365, 0.083011, Iris-virginica
7.20, 3.00, 5.80, 1.60, 0.890785, 0.014456, 0.094759, Iris-virginica
7.40, 2.80, 6.10, 1.90, 0.872745, 0.019800, 0.107455, Iris-virginica
7.90, 3.80, 6.40, 2.00, 0.760091, 0.050903, 0.189007, Iris-virginica
6.40, 2.80, 5.60, 2.20, 0.906186, 0.008964, 0.084851, Iris-virginica
6.30, 2.80, 5.10, 1.50, 0.436321, 0.023414, 0.540266, Iris-virginica
6.10, 2.60, 5.60, 1.40, 0.576030, 0.031225, 0.392744, Iris-virginica
7.70, 3.00, 6.10, 2.30, 0.839544, 0.028674, 0.131782, Iris-virginica
6.30, 3.40, 5.60, 2.40, 0.854060, 0.017230, 0.128710, Iris-virginica
6.40, 3.10, 5.50, 1.80, 0.880127, 0.009789, 0.110084, Iris-virginica
6.00, 3.00, 4.80, 1.80, 0.228306, 0.021737, 0.749958, Iris-virginica
6.90, 3.10, 5.40, 2.10, 0.967546, 0.003491, 0.028964, Iris-virginica
6.70, 3.10, 5.60, 2.40, 0.957239, 0.005080, 0.037681, Iris-virginica
6.90, 3.10, 5.10, 2.30, 0.855097, 0.015408, 0.129495, Iris-virginica
5.80, 2.70, 5.10, 1.90, 0.355075, 0.029331, 0.615594, Iris-virginica
6.80, 3.20, 5.90, 2.30, 0.961012, 0.005251, 0.033736, Iris-virginica
6.70, 3.30, 5.70, 2.50, 0.927111, 0.009704, 0.063186, Iris-virginica
6.70, 3.00, 5.20, 2.30, 0.882339, 0.011268, 0.106393, Iris-virginica
6.30, 2.50, 5.00, 1.90, 0.466622, 0.025831, 0.507548, Iris-virginica
6.50, 3.00, 5.20, 2.00, 0.831432, 0.012121, 0.156447, Iris-virginica
6.20, 3.40, 5.40, 2.30, 0.789362, 0.021586, 0.189052, Iris-virginica
5.90, 3.00, 5.10, 1.80, 0.391237, 0.026940, 0.581823, Iris-virginica
