% Title: Title
%
% Centers:
% 	5.003561 3.403040 1.484995 0.251538 
% 	5.889118 2.761206 4.364136 1.397385 
% 	6.775020 3.052402 5.646792 2.053561 
%

@RELATION

@ATTRIBUTE Attribute0 	 REAL
@ATTRIBUTE Attribute1 	 REAL
@ATTRIBUTE Attribute2 	 REAL
@ATTRIBUTE Attribute3 	 REAL
@ATTRIBUTE MU 	 FUZZY {Zhluk0, Zhluk1, Zhluk2}
@ATTRIBUTE class 	 {Iris-setosa, Iris-versicolor, Iris-virginica}

@DATA
5.10, 3.50, 1.40, 0.20, 0.996336, 0.002501, 0.001163, Iris-setosa
4.90, 3.00, 1.40, 0.20, 0.976954, 0.015889, 0.007156, Iris-setosa
4.70, 3.20, 1.30, 0.20, 0.980310, 0.013429, 0.006261, Iris-setosa
4.60, 3.10, 1.50, 0.20, 0.968313, 0.021854, 0.009834, Iris-setosa
5.00, 3.60, 1.40, 0.20, 0.993927, 0.004131, 0.001942, Iris-setosa
5.40, 3.90, 1.70, 0.40, 0.933143, 0.045785, 0.021072, Iris-setosa
4.60, 3.40, 1.40, 0.30, 0.979488, 0.014006, 0.006506, Iris-setosa
5.00, 3.40, 1.50, 0.20, 0.999611, 0.000268, 0.000121, Iris-setosa
4.40, 2.90, 1.40, 0.20, 0.931558, 0.046908, 0.021533, Iris-setosa
4.90, 3.10, 1.50, 0.10, 0.983691, 0.011267, 0.005043, Iris-setosa
5.40, 3.70, 1.50, 0.20, 0.967215, 0.022319, 0.010466, Iris-setosa
4.80, 3.40, 1.60, 0.20, 0.992281, 0.005333, 0.002387, Iris-setosa
4.80, 3.00, 1.40, 0.10, 0.971748, 0.019421, 0.008832, Iris-setosa
4.30, 3.00, 1.10, 0.10, 0.923699, 0.051302, 0.024999, Iris-setosa
5.80, 4.00, 1.20, 0.20, 0.888399, 0.073503, 0.038098, Iris-setosa
5.70, 4.40, 1.50, 0.40, 0.839276, 0.105708, 0.055016, Iris-setosa
5.40, 3.90, 1.30, 0.40, 0.945518, 0.036522, 0.017960, Iris-setosa
5.10, 3.50, 1.40, 0.30, 0.996307, 0.002524, 0.001168, Iris-setosa
5.70, 3.80, 1.70, 0.30, 0.903065, 0.066287, 0.030648, Iris-setosa
5.10, 3.80, 1.50, 0.30, 0.978069, 0.014919, 0.007012, Iris-setosa
5.40, 3.40, 1.70, 0.20, 0.968756, 0.021749, 0.009495, Iris-setosa
5.10, 3.70, 1.50, 0.40, 0.983902, 0.011010, 0.005089, Iris-setosa
4.60, 3.60, 1.00, 0.20, 0.958130, 0.027860, 0.014010, Iris-setosa
5.10, 3.30, 1.70, 0.50, 0.979780, 0.014213, 0.006007, Iris-setosa
4.80, 3.40, 1.90, 0.20, 0.967269, 0.022996, 0.009735, Iris-setosa
5.00, 3.00, 1.60, 0.20, 0.974905, 0.017524, 0.007571, Iris-setosa
5.00, 3.40, 1.60, 0.40, 0.994861, 0.003570, 0.001569, Iris-setosa
5.20, 3.50, 1.50, 0.20, 0.993093, 0.004740, 0.002167, Iris-setosa
5.20, 3.40, 1.40, 0.20, 0.993660, 0.004339, 0.002001, Iris-setosa
4.70, 3.20, 1.60, 0.20, 0.980240, 0.013699, 0.006061, Iris-setosa
4.80, 3.10, 1.60, 0.20, 0.979752, 0.014086, 0.006162, Iris-setosa
5.40, 3.40, 1.50, 0.40, 0.974274, 0.017758, 0.007968, Iris-setosa
5.20, 4.10, 1.50, 0.10, 0.936927, 0.042210, 0.020862, Iris-setosa
5.50, 4.20, 1.40, 0.20, 0.902386, 0.064662, 0.032952, Iris-setosa
4.90, 3.10, 1.50, 0.10, 0.983691, 0.011267, 0.005043, Iris-setosa
5.00, 3.20, 1.20, 0.20, 0.985406, 0.009920, 0.004673, Iris-setosa
5.50, 3.50, 1.30, 0.20, 0.963827, 0.024493, 0.011680, Iris-setosa
4.90, 3.10, 1.50, 0.10, 0.983691, 0.011267, 0.005043, Iris-setosa
4.40, 3.00, 1.30, 0.20, 0.940572, 0.040477, 0.018951, Iris-setosa
5.10, 3.40, 1.50, 0.20, 0.998342, 0.001141, 0.000517, Iris-setosa
5.00, 3.50, 1.30, 0.30, 0.994361, 0.003833, 0.001806, Iris-setosa
4.50, 2.30, 1.30, 0.30, 0.852732, 0.100898, 0.046370, Iris-setosa
4.40, 3.20, 1.30, 0.20, 0.953073, 0.031864, 0.015063, Iris-setosa
5.00, 3.50, 1.60, 0.60, 0.978871, 0.014671, 0.006457, Iris-setosa
5.10, 3.80, 1.90, 0.40, 0.944176, 0.038890, 0.016934, Iris-setosa
4.80, 3.00, 1.40, 0.30, 0.973202, 0.018493, 0.008305, Iris-setosa
5.10, 3.80, 1.60, 0.20, 0.975756, 0.016549, 0.007695, Iris-setosa
4.60, 3.20, 1.40, 0.20, 0.974771, 0.017275, 0.007954, Iris-setosa
5.30, 3.70, 1.50, 0.20, 0.976397, 0.016081, 0.007523, Iris-setosa
5.00, 3.30, 1.40, 0.20, 0.997361, 0.001810, 0.000829, Iris-setosa
7.00, 3.20, 4.70, 1.40, 0.044601, 0.454307, 0.501092, Iris-versicolor
6.40, 3.20, 4.50, 1.50, 0.029174, 0.764094, 0.206733, Iris-versicolor
6.90, 3.10, 4.90, 1.50, 0.031288, 0.368804, 0.599908, Iris-versicolor
5.50, 2.30, 4.00, 1.30, 0.049540, 0.869984, 0.080476, Iris-versicolor
6.50, 2.80, 4.60, 1.50, 0.024131, 0.758796, 0.217072, Iris-versicolor
5.70, 2.80, 4.50, 1.30, 0.005753, 0.973777, 0.020470, Iris-versicolor
6.30, 3.30, 4.70, 1.60, 0.029804, 0.673080, 0.297116, Iris-versicolor
4.90, 2.40, 3.30, 1.00, 0.286366, 0.581512, 0.132122, Iris-versicolor
6.60, 2.90, 4.60, 1.30, 0.031263, 0.721074, 0.247663, Iris-versicolor
5.20, 2.70, 3.90, 1.40, 0.074982, 0.830297, 0.094721, Iris-versicolor
5.00, 2.00, 3.50, 1.00, 0.219417, 0.635667, 0.144916, Iris-versicolor
5.90, 3.00, 4.20, 1.50, 0.009197, 0.962070, 0.028733, Iris-versicolor
6.00, 2.20, 4.00, 1.00, 0.055837, 0.843029, 0.101134, Iris-versicolor
6.10, 2.90, 4.70, 1.40, 0.012120, 0.899709, 0.088171, Iris-versicolor
5.60, 2.90, 3.60, 1.30, 0.091885, 0.815921, 0.092194, Iris-versicolor
6.70, 3.10, 4.40, 1.40, 0.041748, 0.689924, 0.268328, Iris-versicolor
5.60, 3.00, 4.50, 1.50, 0.014173, 0.933153, 0.052675, Iris-versicolor
5.80, 2.70, 4.10, 1.00, 0.025976, 0.925629, 0.048394, Iris-versicolor
6.20, 2.20, 4.50, 1.50, 0.027210, 0.835370, 0.137420, Iris-versicolor
5.60, 2.50, 3.90, 1.10, 0.051756, 0.877445, 0.070800, Iris-versicolor
5.90, 3.20, 4.80, 1.80, 0.027629, 0.721695, 0.250676, Iris-versicolor
6.10, 2.80, 4.00, 1.30, 0.019538, 0.934223, 0.046239, Iris-versicolor
6.30, 2.50, 4.90, 1.50, 0.024006, 0.705466, 0.270527, Iris-versicolor
6.10, 2.80, 4.70, 1.20, 0.013948, 0.902771, 0.083281, Iris-versicolor
6.40, 2.90, 4.30, 1.30, 0.022931, 0.875929, 0.101140, Iris-versicolor
6.60, 3.00, 4.40, 1.40, 0.033968, 0.754828, 0.211204, Iris-versicolor
6.80, 2.80, 4.80, 1.40, 0.033642, 0.523710, 0.442647, Iris-versicolor
6.70, 3.00, 5.00, 1.70, 0.021202, 0.306376, 0.672421, Iris-versicolor
6.00, 2.90, 4.50, 1.50, 0.004935, 0.968918, 0.026147, Iris-versicolor
5.70, 2.60, 3.50, 1.00, 0.128805, 0.766558, 0.104637, Iris-versicolor
5.50, 2.40, 3.80, 1.10, 0.078121, 0.831976, 0.089904, Iris-versicolor
5.50, 2.40, 3.70, 1.00, 0.104213, 0.795049, 0.100738, Iris-versicolor
5.80, 2.70, 3.90, 1.20, 0.031084, 0.918583, 0.050333, Iris-versicolor
6.00, 2.70, 5.10, 1.60, 0.023999, 0.656350, 0.319650, Iris-versicolor
5.40, 3.00, 4.50, 1.50, 0.026423, 0.891115, 0.082462, Iris-versicolor
6.00, 3.40, 4.50, 1.60, 0.032147, 0.797207, 0.170646, Iris-versicolor
6.70, 3.10, 4.70, 1.50, 0.033475, 0.555486, 0.411039, Iris-versicolor
6.30, 2.30, 4.40, 1.30, 0.026930, 0.857601, 0.115470, Iris-versicolor
5.60, 3.00, 4.10, 1.30, 0.024145, 0.928850, 0.047005, Iris-versicolor
5.50, 2.50, 4.00, 1.30, 0.038319, 0.899266, 0.062415, Iris-versicolor
5.50, 2.60, 4.40, 1.20, 0.019692, 0.931051, 0.049257, Iris-versicolor
6.10, 3.00, 4.60, 1.40, 0.011621, 0.915720, 0.072659, Iris-versicolor
5.80, 2.60, 4.00, 1.20, 0.022599, 0.935582, 0.041819, Iris-versicolor
5.00, 2.30, 3.30, 1.00, 0.270120, 0.597320, 0.132560, Iris-versicolor
5.60, 2.70, 4.20, 1.30, 0.012725, 0.958801, 0.028473, Iris-versicolor
5.70, 3.00, 4.20, 1.20, 0.016819, 0.945491, 0.037690, Iris-versicolor
5.70, 2.90, 4.20, 1.30, 0.009603, 0.967366, 0.023031, Iris-versicolor
6.20, 2.90, 4.30, 1.30, 0.011417, 0.943886, 0.044697, Iris-versicolor
5.10, 2.50, 3.00, 1.10, 0.356782, 0.518953, 0.124264, Iris-versicolor
5.70, 2.80, 4.10, 1.30, 0.012732, 0.960502, 0.026766, Iris-versicolor
6.30, 3.30, 6.00, 2.50, 0.019365, 0.120751, 0.859883, Iris-virginica
5.80, 2.70, 5.10, 1.90, 0.029331, 0.615590, 0.355078, Iris-virginica
7.10, 3.00, 5.90, 2.10, 0.006079, 0.038155, 0.955766, Iris-virginica
6.30, 2.90, 5.60, 1.80, 0.012536, 0.141960, 0.845505, Iris-virginica
6.50, 3.00, 5.80, 2.20, 0.004757, 0.037644, 0.957598, Iris-virginica
7.60, 3.00, 6.60, 2.10, 0.035477, 0.152681, 0.811842, Iris-virginica
4.90, 2.50, 4.50, 1.70, 0.073142, 0.759811, 0.167047, Iris-virginica
7.30, 2.90, 6.30, 1.80, 0.021912, 0.115147, 0.862940, Iris-virginica
6.70, 2.50, 5.80, 1.80, 0.014009, 0.117353, 0.868638, Iris-virginica
7.20, 3.60, 6.10, 2.50, 0.024418, 0.114600, 0.860983, Iris-virginica
6.50, 3.20, 5.10, 2.00, 0.016771, 0.209909, 0.773320, Iris-virginica
6.40, 2.70, 5.30, 1.90, 0.015771, 0.223156, 0.761072, Iris-virginica
6.80, 3.00, 5.50, 2.10, 0.001167, 0.010017, 0.988816, Iris-virginica
5.70, 2.50, 5.00, 2.00, 0.034415, 0.659935, 0.305650, Iris-virginica
5.80, 2.80, 5.10, 2.40, 0.038404, 0.460995, 0.500602, Iris-virginica
6.40, 3.20, 5.30, 2.30, 0.014068, 0.136079, 0.849853, Iris-virginica
6.50, 3.00, 5.50, 1.80, 0.007166, 0.079625, 0.913209, Iris-virginica
7.70, 3.80, 6.70, 2.20, 0.050588, 0.185830, 0.763582, Iris-virginica
7.70, 2.60, 6.90, 2.30, 0.049213, 0.193259, 0.757528, Iris-virginica
6.00, 2.20, 5.00, 1.50, 0.032252, 0.710678, 0.257070, Iris-virginica
6.90, 3.20, 5.70, 2.30, 0.003829, 0.025701, 0.970470, Iris-virginica
5.60, 2.80, 4.90, 2.00, 0.033678, 0.706957, 0.259365, Iris-virginica
7.70, 2.80, 6.70, 2.00, 0.041996, 0.174835, 0.783170, Iris-virginica
6.30, 2.70, 4.90, 1.80, 0.022825, 0.595802, 0.381373, Iris-virginica
6.70, 3.30, 5.70, 2.10, 0.002914, 0.021745, 0.975341, Iris-virginica
7.20, 3.20, 6.00, 1.80, 0.012913, 0.075174, 0.911912, Iris-virginica
6.20, 2.80, 4.80, 1.80, 0.020996, 0.707830, 0.271173, Iris-virginica
6.10, 3.00, 4.90, 1.80, 0.023105, 0.646964, 0.329931, Iris-virginica
6.40, 2.80, 5.60, 2.10, 0.008365, 0.083009, 0.908626, Iris-virginica
7.20, 3.00, 5.80, 1.60, 0.014456, 0.094759, 0.890785, Iris-virginica
7.40, 2.80, 6.10, 1.90, 0.019800, 0.107455, 0.872744, Iris-virginica
7.90, 3.80, 6.40, 2.00, 0.050903, 0.189007, 0.760090, Iris-virginica
6.40, 2.80, 5.60, 2.20, 0.008963, 0.084849, 0.906187, Iris-virginica
6.30, 2.80, 5.10, 1.50, 0.023414, 0.540261, 0.436325, Iris-virginica
6.10, 2.60, 5.60, 1.40, 0.031225, 0.392742, 0.576033, Iris-virginica
7.70, 3.00, 6.10, 2.30, 0.028674, 0.131782, 0.839544, Iris-virginica
6.30, 3.40, 5.60, 2.40, 0.017230, 0.128709, 0.854061, Iris-virginica
6.40, 3.10, 5.50, 1.80, 0.009789, 0.110082, 0.880129, Iris-virginica
6.00, 3.00, 4.80, 1.80, 0.021737, 0.749954, 0.228309, Iris-virginica
6.90, 3.10, 5.40, 2.10, 0.003491, 0.028963, 0.967546, Iris-virginica
6.70, 3.10, 5.60, 2.40, 0.005080, 0.037681, 0.957239, Iris-virginica
6.90, 3.10, 5.10, 2.30, 0.015408, 0.129494, 0.855098, Iris-virginica
5.80, 2.70, 5.10, 1.90, 0.029331, 0.615590, 0.355078, Iris-virginica
6.80, 3.20, 5.90, 2.30, 0.005252, 0.033737, 0.961011, Iris-virginica
6.70, 3.30, 5.70, 2.50, 0.009704, 0.063186, 0.927110, Iris-virginica
6.70, 3.00, 5.20, 2.30, 0.011268, 0.106391, 0.882340, Iris-virginica
6.30, 2.50, 5.00, 1.90, 0.025831, 0.507543, 0.466626, Iris-virginica
6.50, 3.00, 5.20, 2.00, 0.012121, 0.156444, 0.831435, Iris-virginica
6.20, 3.40, 5.40, 2.30, 0.021586, 0.189050, 0.789364, Iris-virginica
5.90, 3.00, 5.10, 1.80, 0.026940, 0.581819, 0.391241, Iris-virginica
