% Title: Title
%
% Centers:
% 	5.889091 2.761196 4.364096 1.397365 
% 	5.003561 3.403041 1.484993 0.251537 
% 	6.774987 3.052393 5.646751 2.053545 
%

@RELATION

@ATTRIBUTE Attribute0 	 REAL
@ATTRIBUTE Attribute1 	 REAL
@ATTRIBUTE Attribute2 	 REAL
@ATTRIBUTE Attribute3 	 REAL
@ATTRIBUTE MU 	 FUZZY {Zhluk0, Zhluk1, Zhluk2}
@ATTRIBUTE class 	 {Iris-setosa, Iris-versicolor, Iris-virginica}

@DATA
5.10, 3.50, 1.40, 0.20, 0.002501, 0.996336, 0.001163, Iris-setosa
4.90, 3.00, 1.40, 0.20, 0.015890, 0.976953, 0.007157, Iris-setosa
4.70, 3.20, 1.30, 0.20, 0.013429, 0.980309, 0.006261, Iris-setosa
4.60, 3.10, 1.50, 0.20, 0.021855, 0.968312, 0.009834, Iris-setosa
5.00, 3.60, 1.40, 0.20, 0.004131, 0.993927, 0.001942, Iris-setosa
5.40, 3.90, 1.70, 0.40, 0.045787, 0.933141, 0.021072, Iris-setosa
4.60, 3.40, 1.40, 0.30, 0.014006, 0.979487, 0.006506, Iris-setosa
5.00, 3.40, 1.50, 0.20, 0.000268, 0.999611, 0.000121, Iris-setosa
4.40, 2.90, 1.40, 0.20, 0.046910, 0.931555, 0.021534, Iris-setosa
4.90, 3.10, 1.50, 0.10, 0.011267, 0.983690, 0.005043, Iris-setosa
5.40, 3.70, 1.50, 0.20, 0.022320, 0.967214, 0.010466, Iris-setosa
4.80, 3.40, 1.60, 0.20, 0.005333, 0.992280, 0.002387, Iris-setosa
4.80, 3.00, 1.40, 0.10, 0.019422, 0.971746, 0.008832, Iris-setosa
4.30, 3.00, 1.10, 0.10, 0.051304, 0.923697, 0.025000, Iris-setosa
5.80, 4.00, 1.20, 0.20, 0.073505, 0.888396, 0.038098, Iris-setosa
5.70, 4.40, 1.50, 0.40, 0.105710, 0.839272, 0.055018, Iris-setosa
5.40, 3.90, 1.30, 0.40, 0.036523, 0.945516, 0.017961, Iris-setosa
5.10, 3.50, 1.40, 0.30, 0.002525, 0.996307, 0.001168, Iris-setosa
5.70, 3.80, 1.70, 0.30, 0.066290, 0.903061, 0.030649, Iris-setosa
5.10, 3.80, 1.50, 0.30, 0.014920, 0.978068, 0.007013, Iris-setosa
5.40, 3.40, 1.70, 0.20, 0.021750, 0.968754, 0.009495, Iris-setosa
5.10, 3.70, 1.50, 0.40, 0.011010, 0.983901, 0.005089, Iris-setosa
4.60, 3.60, 1.00, 0.20, 0.027860, 0.958129, 0.014011, Iris-setosa
5.10, 3.30, 1.70, 0.50, 0.014214, 0.979778, 0.006008, Iris-setosa
4.80, 3.40, 1.90, 0.20, 0.022998, 0.967267, 0.009735, Iris-setosa
5.00, 3.00, 1.60, 0.20, 0.017525, 0.974903, 0.007571, Iris-setosa
5.00, 3.40, 1.60, 0.40, 0.003571, 0.994861, 0.001569, Iris-setosa
5.20, 3.50, 1.50, 0.20, 0.004741, 0.993092, 0.002167, Iris-setosa
5.20, 3.40, 1.40, 0.20, 0.004339, 0.993660, 0.002001, Iris-setosa
4.70, 3.20, 1.60, 0.20, 0.013700, 0.980239, 0.006061, Iris-setosa
4.80, 3.10, 1.60, 0.20, 0.014087, 0.979751, 0.006163, Iris-setosa
5.40, 3.40, 1.50, 0.40, 0.017759, 0.974273, 0.007968, Iris-setosa
5.20, 4.10, 1.50, 0.10, 0.042212, 0.936926, 0.020863, Iris-setosa
5.50, 4.20, 1.40, 0.20, 0.064664, 0.902383, 0.032953, Iris-setosa
4.90, 3.10, 1.50, 0.10, 0.011267, 0.983690, 0.005043, Iris-setosa
5.00, 3.20, 1.20, 0.20, 0.009921, 0.985406, 0.004673, Iris-setosa
5.50, 3.50, 1.30, 0.20, 0.024494, 0.963826, 0.011681, Iris-setosa
4.90, 3.10, 1.50, 0.10, 0.011267, 0.983690, 0.005043, Iris-setosa
4.40, 3.00, 1.30, 0.20, 0.040479, 0.940570, 0.018952, Iris-setosa
5.10, 3.40, 1.50, 0.20, 0.001141, 0.998342, 0.000517, Iris-setosa
5.00, 3.50, 1.30, 0.30, 0.003833, 0.994361, 0.001806, Iris-setosa
4.50, 2.30, 1.30, 0.30, 0.100903, 0.852726, 0.046371, Iris-setosa
4.40, 3.20, 1.30, 0.20, 0.031865, 0.953072, 0.015063, Iris-setosa
5.00, 3.50, 1.60, 0.60, 0.014672, 0.978870, 0.006458, Iris-setosa
5.10, 3.80, 1.90, 0.40, 0.038892, 0.944174, 0.016934, Iris-setosa
4.80, 3.00, 1.40, 0.30, 0.018494, 0.973201, 0.008305, Iris-setosa
5.10, 3.80, 1.60, 0.20, 0.016550, 0.975755, 0.007695, Iris-setosa
4.60, 3.20, 1.40, 0.20, 0.017275, 0.974770, 0.007954, Iris-setosa
5.30, 3.70, 1.50, 0.20, 0.016081, 0.976396, 0.007523, Iris-setosa
5.00, 3.30, 1.40, 0.20, 0.001810, 0.997361, 0.000829, Iris-setosa
7.00, 3.20, 4.70, 1.40, 0.454263, 0.044600, 0.501137, Iris-versicolor
6.40, 3.20, 4.50, 1.50, 0.764046, 0.029177, 0.206778, Iris-versicolor
6.90, 3.10, 4.90, 1.50, 0.368750, 0.031287, 0.599963, Iris-versicolor
5.50, 2.30, 4.00, 1.30, 0.870000, 0.049531, 0.080468, Iris-versicolor
6.50, 2.80, 4.60, 1.50, 0.758739, 0.024134, 0.217127, Iris-versicolor
5.70, 2.80, 4.50, 1.30, 0.973777, 0.005752, 0.020471, Iris-versicolor
6.30, 3.30, 4.70, 1.60, 0.673016, 0.029806, 0.297178, Iris-versicolor
4.90, 2.40, 3.30, 1.00, 0.581534, 0.286345, 0.132120, Iris-versicolor
6.60, 2.90, 4.60, 1.30, 0.721024, 0.031265, 0.247711, Iris-versicolor
5.20, 2.70, 3.90, 1.40, 0.830315, 0.074971, 0.094713, Iris-versicolor
5.00, 2.00, 3.50, 1.00, 0.635686, 0.219401, 0.144914, Iris-versicolor
5.90, 3.00, 4.20, 1.50, 0.962069, 0.009197, 0.028734, Iris-versicolor
6.00, 2.20, 4.00, 1.00, 0.843040, 0.055830, 0.101130, Iris-versicolor
6.10, 2.90, 4.70, 1.40, 0.899666, 0.012124, 0.088210, Iris-versicolor
5.60, 2.90, 3.60, 1.30, 0.815942, 0.091871, 0.092186, Iris-versicolor
6.70, 3.10, 4.40, 1.40, 0.689883, 0.041750, 0.268367, Iris-versicolor
5.60, 3.00, 4.50, 1.50, 0.933145, 0.014173, 0.052681, Iris-versicolor
5.80, 2.70, 4.10, 1.00, 0.925645, 0.025970, 0.048385, Iris-versicolor
6.20, 2.20, 4.50, 1.50, 0.835349, 0.027211, 0.137440, Iris-versicolor
5.60, 2.50, 3.90, 1.10, 0.877466, 0.051745, 0.070789, Iris-versicolor
5.90, 3.20, 4.80, 1.80, 0.721637, 0.027631, 0.250732, Iris-versicolor
6.10, 2.80, 4.00, 1.30, 0.934230, 0.019535, 0.046236, Iris-versicolor
6.30, 2.50, 4.90, 1.50, 0.705402, 0.024008, 0.270589, Iris-versicolor
6.10, 2.80, 4.70, 1.20, 0.902741, 0.013951, 0.083308, Iris-versicolor
6.40, 2.90, 4.30, 1.30, 0.875908, 0.022933, 0.101159, Iris-versicolor
6.60, 3.00, 4.40, 1.40, 0.754788, 0.033971, 0.211242, Iris-versicolor
6.80, 2.80, 4.80, 1.40, 0.523650, 0.033643, 0.442707, Iris-versicolor
6.70, 3.00, 5.00, 1.70, 0.306305, 0.021201, 0.672494, Iris-versicolor
6.00, 2.90, 4.50, 1.50, 0.968897, 0.004938, 0.026165, Iris-versicolor
5.70, 2.60, 3.50, 1.00, 0.766582, 0.128788, 0.104630, Iris-versicolor
5.50, 2.40, 3.80, 1.10, 0.831998, 0.078107, 0.089895, Iris-versicolor
5.50, 2.40, 3.70, 1.00, 0.795072, 0.104198, 0.100730, Iris-versicolor
5.80, 2.70, 3.90, 1.20, 0.918602, 0.031075, 0.050323, Iris-versicolor
6.00, 2.70, 5.10, 1.60, 0.656277, 0.024001, 0.319721, Iris-versicolor
5.40, 3.00, 4.50, 1.50, 0.891112, 0.026422, 0.082466, Iris-versicolor
6.00, 3.40, 4.50, 1.60, 0.797173, 0.032150, 0.170677, Iris-versicolor
6.70, 3.10, 4.70, 1.50, 0.555422, 0.033476, 0.411102, Iris-versicolor
6.30, 2.30, 4.40, 1.30, 0.857586, 0.026930, 0.115484, Iris-versicolor
5.60, 3.00, 4.10, 1.30, 0.928863, 0.024139, 0.046998, Iris-versicolor
5.50, 2.50, 4.00, 1.30, 0.899285, 0.038310, 0.062405, Iris-versicolor
5.50, 2.60, 4.40, 1.20, 0.931061, 0.019688, 0.049251, Iris-versicolor
6.10, 3.00, 4.60, 1.40, 0.915686, 0.011624, 0.072690, Iris-versicolor
5.80, 2.60, 4.00, 1.20, 0.935599, 0.022591, 0.041809, Iris-versicolor
5.00, 2.30, 3.30, 1.00, 0.597343, 0.270100, 0.132557, Iris-versicolor
5.60, 2.70, 4.20, 1.30, 0.958816, 0.012720, 0.028464, Iris-versicolor
5.70, 3.00, 4.20, 1.20, 0.945502, 0.016815, 0.037683, Iris-versicolor
5.70, 2.90, 4.20, 1.30, 0.967377, 0.009599, 0.023024, Iris-versicolor
6.20, 2.90, 4.30, 1.30, 0.943875, 0.011419, 0.044706, Iris-versicolor
5.10, 2.50, 3.00, 1.10, 0.518976, 0.356761, 0.124264, Iris-versicolor
5.70, 2.80, 4.10, 1.30, 0.960518, 0.012726, 0.026756, Iris-versicolor
6.30, 3.30, 6.00, 2.50, 0.120748, 0.019366, 0.859886, Iris-virginica
5.80, 2.70, 5.10, 1.90, 0.615528, 0.029333, 0.355140, Iris-virginica
7.10, 3.00, 5.90, 2.10, 0.038166, 0.006081, 0.955753, Iris-virginica
6.30, 2.90, 5.60, 1.80, 0.141918, 0.012533, 0.845548, Iris-virginica
6.50, 3.00, 5.80, 2.20, 0.037640, 0.004757, 0.957602, Iris-virginica
7.60, 3.00, 6.60, 2.10, 0.152690, 0.035481, 0.811830, Iris-virginica
4.90, 2.50, 4.50, 1.70, 0.759811, 0.073138, 0.167051, Iris-virginica
7.30, 2.90, 6.30, 1.80, 0.115156, 0.021915, 0.862929, Iris-virginica
6.70, 2.50, 5.80, 1.80, 0.117340, 0.014009, 0.868652, Iris-virginica
7.20, 3.60, 6.10, 2.50, 0.114609, 0.024421, 0.860970, Iris-virginica
6.50, 3.20, 5.10, 2.00, 0.209849, 0.016768, 0.773383, Iris-virginica
6.40, 2.70, 5.30, 1.90, 0.223091, 0.015769, 0.761140, Iris-virginica
6.80, 3.00, 5.50, 2.10, 0.010011, 0.001166, 0.988823, Iris-virginica
5.70, 2.50, 5.00, 2.00, 0.659888, 0.034416, 0.305696, Iris-virginica
5.80, 2.80, 5.10, 2.40, 0.460946, 0.038403, 0.500651, Iris-virginica
6.40, 3.20, 5.30, 2.30, 0.136044, 0.014066, 0.849890, Iris-virginica
6.50, 3.00, 5.50, 1.80, 0.079589, 0.007164, 0.913247, Iris-virginica
7.70, 3.80, 6.70, 2.20, 0.185836, 0.050593, 0.763571, Iris-virginica
7.70, 2.60, 6.90, 2.30, 0.193265, 0.049217, 0.757518, Iris-virginica
6.00, 2.20, 5.00, 1.50, 0.710638, 0.032253, 0.257109, Iris-virginica
6.90, 3.20, 5.70, 2.30, 0.025708, 0.003830, 0.970462, Iris-virginica
5.60, 2.80, 4.90, 2.00, 0.706914, 0.033680, 0.259406, Iris-virginica
7.70, 2.80, 6.70, 2.00, 0.174842, 0.041999, 0.783159, Iris-virginica
6.30, 2.70, 4.90, 1.80, 0.595715, 0.022826, 0.381459, Iris-virginica
6.70, 3.30, 5.70, 2.10, 0.021745, 0.002915, 0.975340, Iris-virginica
7.20, 3.20, 6.00, 1.80, 0.075183, 0.012916, 0.911901, Iris-virginica
6.20, 2.80, 4.80, 1.80, 0.707751, 0.020999, 0.271250, Iris-virginica
6.10, 3.00, 4.90, 1.80, 0.646880, 0.023107, 0.330012, Iris-virginica
6.40, 2.80, 5.60, 2.10, 0.082984, 0.008363, 0.908653, Iris-virginica
7.20, 3.00, 5.80, 1.60, 0.094760, 0.014457, 0.890783, Iris-virginica
7.40, 2.80, 6.10, 1.90, 0.107463, 0.019803, 0.872733, Iris-virginica
7.90, 3.80, 6.40, 2.00, 0.189013, 0.050907, 0.760080, Iris-virginica
6.40, 2.80, 5.60, 2.20, 0.084826, 0.008962, 0.906212, Iris-virginica
6.30, 2.80, 5.10, 1.50, 0.540175, 0.023414, 0.436411, Iris-virginica
6.10, 2.60, 5.60, 1.40, 0.392692, 0.031224, 0.576084, Iris-virginica
7.70, 3.00, 6.10, 2.30, 0.131791, 0.028678, 0.839531, Iris-virginica
6.30, 3.40, 5.60, 2.40, 0.128693, 0.017229, 0.854078, Iris-virginica
6.40, 3.10, 5.50, 1.80, 0.110041, 0.009787, 0.880172, Iris-virginica
6.00, 3.00, 4.80, 1.80, 0.749887, 0.021740, 0.228374, Iris-virginica
6.90, 3.10, 5.40, 2.10, 0.028955, 0.003490, 0.967555, Iris-virginica
6.70, 3.10, 5.60, 2.40, 0.037679, 0.005080, 0.957241, Iris-virginica
6.90, 3.10, 5.10, 2.30, 0.129470, 0.015407, 0.855123, Iris-virginica
5.80, 2.70, 5.10, 1.90, 0.615528, 0.029333, 0.355140, Iris-virginica
6.80, 3.20, 5.90, 2.30, 0.033746, 0.005253, 0.961001, Iris-virginica
6.70, 3.30, 5.70, 2.50, 0.063187, 0.009705, 0.927108, Iris-virginica
6.70, 3.00, 5.20, 2.30, 0.106362, 0.011266, 0.882371, Iris-virginica
6.30, 2.50, 5.00, 1.90, 0.507467, 0.025831, 0.466702, Iris-virginica
6.50, 3.00, 5.20, 2.00, 0.156385, 0.012118, 0.831497, Iris-virginica
6.20, 3.40, 5.40, 2.30, 0.189018, 0.021584, 0.789398, Iris-virginica
5.90, 3.00, 5.10, 1.80, 0.581744, 0.026941, 0.391314, Iris-virginica
