% Title: Title
%
% Centers:
% 	5.003561 3.403041 1.484993 0.251537 
% 	5.889096 2.761197 4.364102 1.397368 
% 	6.774991 3.052394 5.646755 2.053547 
%

@RELATION

@ATTRIBUTE Attribute0 	 REAL
@ATTRIBUTE Attribute1 	 REAL
@ATTRIBUTE Attribute2 	 REAL
@ATTRIBUTE Attribute3 	 REAL
@ATTRIBUTE MU 	 FUZZY {Zhluk0, Zhluk1, Zhluk2}
@ATTRIBUTE class 	 {Iris-setosa, Iris-versicolor, Iris-virginica}

@DATA
5.10, 3.50, 1.40, 0.20, 0.996336, 0.002501, 0.001163, Iris-setosa
4.90, 3.00, 1.40, 0.20, 0.976953, 0.015890, 0.007157, Iris-setosa
4.70, 3.20, 1.30, 0.20, 0.980310, 0.013429, 0.006261, Iris-setosa
4.60, 3.10, 1.50, 0.20, 0.968312, 0.021854, 0.009834, Iris-setosa
5.00, 3.60, 1.40, 0.20, 0.993927, 0.004131, 0.001942, Iris-setosa
5.40, 3.90, 1.70, 0.40, 0.933141, 0.045786, 0.021072, Iris-setosa
4.60, 3.40, 1.40, 0.30, 0.979487, 0.014006, 0.006506, Iris-setosa
5.00, 3.40, 1.50, 0.20, 0.999611, 0.000268, 0.000121, Iris-setosa
4.40, 2.90, 1.40, 0.20, 0.931556, 0.046910, 0.021534, Iris-setosa
4.90, 3.10, 1.50, 0.10, 0.983690, 0.011267, 0.005043, Iris-setosa
5.40, 3.70, 1.50, 0.20, 0.967214, 0.022320, 0.010466, Iris-setosa
4.80, 3.40, 1.60, 0.20, 0.992280, 0.005333, 0.002387, Iris-setosa
4.80, 3.00, 1.40, 0.10, 0.971747, 0.019421, 0.008832, Iris-setosa
4.30, 3.00, 1.10, 0.10, 0.923697, 0.051303, 0.025000, Iris-setosa
5.80, 4.00, 1.20, 0.20, 0.888397, 0.073505, 0.038098, Iris-setosa
5.70, 4.40, 1.50, 0.40, 0.839272, 0.105710, 0.055018, Iris-setosa
5.40, 3.90, 1.30, 0.40, 0.945517, 0.036522, 0.017961, Iris-setosa
5.10, 3.50, 1.40, 0.30, 0.996307, 0.002525, 0.001168, Iris-setosa
5.70, 3.80, 1.70, 0.30, 0.903062, 0.066289, 0.030649, Iris-setosa
5.10, 3.80, 1.50, 0.30, 0.978068, 0.014920, 0.007012, Iris-setosa
5.40, 3.40, 1.70, 0.20, 0.968754, 0.021750, 0.009495, Iris-setosa
5.10, 3.70, 1.50, 0.40, 0.983901, 0.011010, 0.005089, Iris-setosa
4.60, 3.60, 1.00, 0.20, 0.958129, 0.027860, 0.014011, Iris-setosa
5.10, 3.30, 1.70, 0.50, 0.979778, 0.014214, 0.006008, Iris-setosa
4.80, 3.40, 1.90, 0.20, 0.967267, 0.022997, 0.009735, Iris-setosa
5.00, 3.00, 1.60, 0.20, 0.974904, 0.017525, 0.007571, Iris-setosa
5.00, 3.40, 1.60, 0.40, 0.994861, 0.003571, 0.001569, Iris-setosa
5.20, 3.50, 1.50, 0.20, 0.993092, 0.004741, 0.002167, Iris-setosa
5.20, 3.40, 1.40, 0.20, 0.993660, 0.004339, 0.002001, Iris-setosa
4.70, 3.20, 1.60, 0.20, 0.980239, 0.013700, 0.006061, Iris-setosa
4.80, 3.10, 1.60, 0.20, 0.979751, 0.014086, 0.006163, Iris-setosa
5.40, 3.40, 1.50, 0.40, 0.974273, 0.017759, 0.007968, Iris-setosa
5.20, 4.10, 1.50, 0.10, 0.936926, 0.042211, 0.020863, Iris-setosa
5.50, 4.20, 1.40, 0.20, 0.902384, 0.064663, 0.032953, Iris-setosa
4.90, 3.10, 1.50, 0.10, 0.983690, 0.011267, 0.005043, Iris-setosa
5.00, 3.20, 1.20, 0.20, 0.985406, 0.009921, 0.004673, Iris-setosa
5.50, 3.50, 1.30, 0.20, 0.963826, 0.024493, 0.011680, Iris-setosa
4.90, 3.10, 1.50, 0.10, 0.983690, 0.011267, 0.005043, Iris-setosa
4.40, 3.00, 1.30, 0.20, 0.940570, 0.040479, 0.018951, Iris-setosa
5.10, 3.40, 1.50, 0.20, 0.998342, 0.001141, 0.000517, Iris-setosa
5.00, 3.50, 1.30, 0.30, 0.994361, 0.003833, 0.001806, Iris-setosa
4.50, 2.30, 1.30, 0.30, 0.852727, 0.100902, 0.046371, Iris-setosa
4.40, 3.20, 1.30, 0.20, 0.953072, 0.031865, 0.015063, Iris-setosa
5.00, 3.50, 1.60, 0.60, 0.978870, 0.014672, 0.006457, Iris-setosa
5.10, 3.80, 1.90, 0.40, 0.944174, 0.038891, 0.016934, Iris-setosa
4.80, 3.00, 1.40, 0.30, 0.973201, 0.018494, 0.008305, Iris-setosa
5.10, 3.80, 1.60, 0.20, 0.975755, 0.016550, 0.007695, Iris-setosa
4.60, 3.20, 1.40, 0.20, 0.974771, 0.017275, 0.007954, Iris-setosa
5.30, 3.70, 1.50, 0.20, 0.976396, 0.016081, 0.007523, Iris-setosa
5.00, 3.30, 1.40, 0.20, 0.997361, 0.001810, 0.000829, Iris-setosa
7.00, 3.20, 4.70, 1.40, 0.044600, 0.454270, 0.501130, Iris-versicolor
6.40, 3.20, 4.50, 1.50, 0.029176, 0.764053, 0.206771, Iris-versicolor
6.90, 3.10, 4.90, 1.50, 0.031287, 0.368758, 0.599955, Iris-versicolor
5.50, 2.30, 4.00, 1.30, 0.049533, 0.869997, 0.080470, Iris-versicolor
6.50, 2.80, 4.60, 1.50, 0.024134, 0.758748, 0.217119, Iris-versicolor
5.70, 2.80, 4.50, 1.30, 0.005752, 0.973777, 0.020471, Iris-versicolor
6.30, 3.30, 4.70, 1.60, 0.029805, 0.673025, 0.297169, Iris-versicolor
4.90, 2.40, 3.30, 1.00, 0.286349, 0.581530, 0.132121, Iris-versicolor
6.60, 2.90, 4.60, 1.30, 0.031265, 0.721032, 0.247703, Iris-versicolor
5.20, 2.70, 3.90, 1.40, 0.074973, 0.830311, 0.094715, Iris-versicolor
5.00, 2.00, 3.50, 1.00, 0.219404, 0.635682, 0.144915, Iris-versicolor
5.90, 3.00, 4.20, 1.50, 0.009197, 0.962069, 0.028734, Iris-versicolor
6.00, 2.20, 4.00, 1.00, 0.055832, 0.843037, 0.101131, Iris-versicolor
6.10, 2.90, 4.70, 1.40, 0.012123, 0.899673, 0.088203, Iris-versicolor
5.60, 2.90, 3.60, 1.30, 0.091874, 0.815938, 0.092188, Iris-versicolor
6.70, 3.10, 4.40, 1.40, 0.041749, 0.689889, 0.268361, Iris-versicolor
5.60, 3.00, 4.50, 1.50, 0.014173, 0.933146, 0.052681, Iris-versicolor
5.80, 2.70, 4.10, 1.00, 0.025971, 0.925642, 0.048387, Iris-versicolor
6.20, 2.20, 4.50, 1.50, 0.027211, 0.835352, 0.137437, Iris-versicolor
5.60, 2.50, 3.90, 1.10, 0.051747, 0.877462, 0.070792, Iris-versicolor
5.90, 3.20, 4.80, 1.80, 0.027630, 0.721645, 0.250724, Iris-versicolor
6.10, 2.80, 4.00, 1.30, 0.019535, 0.934228, 0.046236, Iris-versicolor
6.30, 2.50, 4.90, 1.50, 0.024008, 0.705411, 0.270581, Iris-versicolor
6.10, 2.80, 4.70, 1.20, 0.013951, 0.902746, 0.083303, Iris-versicolor
6.40, 2.90, 4.30, 1.30, 0.022932, 0.875912, 0.101156, Iris-versicolor
6.60, 3.00, 4.40, 1.40, 0.033970, 0.754794, 0.211236, Iris-versicolor
6.80, 2.80, 4.80, 1.40, 0.033643, 0.523659, 0.442698, Iris-versicolor
6.70, 3.00, 5.00, 1.70, 0.021201, 0.306315, 0.672485, Iris-versicolor
6.00, 2.90, 4.50, 1.50, 0.004938, 0.968901, 0.026162, Iris-versicolor
5.70, 2.60, 3.50, 1.00, 0.128791, 0.766577, 0.104631, Iris-versicolor
5.50, 2.40, 3.80, 1.10, 0.078110, 0.831993, 0.089897, Iris-versicolor
5.50, 2.40, 3.70, 1.00, 0.104201, 0.795067, 0.100732, Iris-versicolor
5.80, 2.70, 3.90, 1.20, 0.031076, 0.918599, 0.050325, Iris-versicolor
6.00, 2.70, 5.10, 1.60, 0.024001, 0.656287, 0.319712, Iris-versicolor
5.40, 3.00, 4.50, 1.50, 0.026422, 0.891112, 0.082466, Iris-versicolor
6.00, 3.40, 4.50, 1.60, 0.032149, 0.797178, 0.170673, Iris-versicolor
6.70, 3.10, 4.70, 1.50, 0.033475, 0.555432, 0.411093, Iris-versicolor
6.30, 2.30, 4.40, 1.30, 0.026930, 0.857588, 0.115482, Iris-versicolor
5.60, 3.00, 4.10, 1.30, 0.024140, 0.928860, 0.046999, Iris-versicolor
5.50, 2.50, 4.00, 1.30, 0.038312, 0.899281, 0.062408, Iris-versicolor
5.50, 2.60, 4.40, 1.20, 0.019689, 0.931058, 0.049253, Iris-versicolor
6.10, 3.00, 4.60, 1.40, 0.011623, 0.915691, 0.072685, Iris-versicolor
5.80, 2.60, 4.00, 1.20, 0.022592, 0.935596, 0.041811, Iris-versicolor
5.00, 2.30, 3.30, 1.00, 0.270103, 0.597338, 0.132558, Iris-versicolor
5.60, 2.70, 4.20, 1.30, 0.012721, 0.958813, 0.028466, Iris-versicolor
5.70, 3.00, 4.20, 1.20, 0.016816, 0.945500, 0.037685, Iris-versicolor
5.70, 2.90, 4.20, 1.30, 0.009600, 0.967375, 0.023025, Iris-versicolor
6.20, 2.90, 4.30, 1.30, 0.011418, 0.943877, 0.044704, Iris-versicolor
5.10, 2.50, 3.00, 1.10, 0.356764, 0.518971, 0.124264, Iris-versicolor
5.70, 2.80, 4.10, 1.30, 0.012727, 0.960515, 0.026758, Iris-versicolor
6.30, 3.30, 6.00, 2.50, 0.019366, 0.120749, 0.859885, Iris-virginica
5.80, 2.70, 5.10, 1.90, 0.029332, 0.615536, 0.355132, Iris-virginica
7.10, 3.00, 5.90, 2.10, 0.006081, 0.038165, 0.955754, Iris-virginica
6.30, 2.90, 5.60, 1.80, 0.012534, 0.141923, 0.845543, Iris-virginica
6.50, 3.00, 5.80, 2.20, 0.004757, 0.037641, 0.957602, Iris-virginica
7.60, 3.00, 6.60, 2.10, 0.035480, 0.152690, 0.811830, Iris-virginica
4.90, 2.50, 4.50, 1.70, 0.073139, 0.759810, 0.167051, Iris-virginica
7.30, 2.90, 6.30, 1.80, 0.021915, 0.115156, 0.862929, Iris-virginica
6.70, 2.50, 5.80, 1.80, 0.014009, 0.117342, 0.868650, Iris-virginica
7.20, 3.60, 6.10, 2.50, 0.024421, 0.114608, 0.860971, Iris-virginica
6.50, 3.20, 5.10, 2.00, 0.016768, 0.209856, 0.773376, Iris-virginica
6.40, 2.70, 5.30, 1.90, 0.015769, 0.223099, 0.761132, Iris-virginica
6.80, 3.00, 5.50, 2.10, 0.001166, 0.010012, 0.988822, Iris-virginica
5.70, 2.50, 5.00, 2.00, 0.034416, 0.659894, 0.305691, Iris-virginica
5.80, 2.80, 5.10, 2.40, 0.038403, 0.460951, 0.500646, Iris-virginica
6.40, 3.20, 5.30, 2.30, 0.014066, 0.136047, 0.849886, Iris-virginica
6.50, 3.00, 5.50, 1.80, 0.007164, 0.079593, 0.913243, Iris-virginica
7.70, 3.80, 6.70, 2.20, 0.050592, 0.185837, 0.763571, Iris-virginica
7.70, 2.60, 6.90, 2.30, 0.049217, 0.193265, 0.757518, Iris-virginica
6.00, 2.20, 5.00, 1.50, 0.032253, 0.710643, 0.257104, Iris-virginica
6.90, 3.20, 5.70, 2.30, 0.003830, 0.025707, 0.970462, Iris-virginica
5.60, 2.80, 4.90, 2.00, 0.033679, 0.706919, 0.259402, Iris-virginica
7.70, 2.80, 6.70, 2.00, 0.041999, 0.174842, 0.783159, Iris-virginica
6.30, 2.70, 4.90, 1.80, 0.022826, 0.595727, 0.381448, Iris-virginica
6.70, 3.30, 5.70, 2.10, 0.002915, 0.021745, 0.975340, Iris-virginica
7.20, 3.20, 6.00, 1.80, 0.012916, 0.075183, 0.911901, Iris-virginica
6.20, 2.80, 4.80, 1.80, 0.020998, 0.707762, 0.271240, Iris-virginica
6.10, 3.00, 4.90, 1.80, 0.023107, 0.646892, 0.330001, Iris-virginica
6.40, 2.80, 5.60, 2.10, 0.008363, 0.082986, 0.908651, Iris-virginica
7.20, 3.00, 5.80, 1.60, 0.014457, 0.094761, 0.890782, Iris-virginica
7.40, 2.80, 6.10, 1.90, 0.019803, 0.107464, 0.872733, Iris-virginica
7.90, 3.80, 6.40, 2.00, 0.050907, 0.189013, 0.760080, Iris-virginica
6.40, 2.80, 5.60, 2.20, 0.008962, 0.084829, 0.906209, Iris-virginica
6.30, 2.80, 5.10, 1.50, 0.023414, 0.540187, 0.436399, Iris-virginica
6.10, 2.60, 5.60, 1.40, 0.031224, 0.392699, 0.576077, Iris-virginica
7.70, 3.00, 6.10, 2.30, 0.028678, 0.131791, 0.839531, Iris-virginica
6.30, 3.40, 5.60, 2.40, 0.017229, 0.128695, 0.854076, Iris-virginica
6.40, 3.10, 5.50, 1.80, 0.009787, 0.110046, 0.880167, Iris-virginica
6.00, 3.00, 4.80, 1.80, 0.021739, 0.749896, 0.228365, Iris-virginica
6.90, 3.10, 5.40, 2.10, 0.003490, 0.028956, 0.967554, Iris-virginica
6.70, 3.10, 5.60, 2.40, 0.005080, 0.037679, 0.957241, Iris-virginica
6.90, 3.10, 5.10, 2.30, 0.015407, 0.129473, 0.855120, Iris-virginica
5.80, 2.70, 5.10, 1.90, 0.029332, 0.615536, 0.355132, Iris-virginica
6.80, 3.20, 5.90, 2.30, 0.005253, 0.033745, 0.961002, Iris-virginica
6.70, 3.30, 5.70, 2.50, 0.009705, 0.063187, 0.927108, Iris-virginica
6.70, 3.00, 5.20, 2.30, 0.011267, 0.106366, 0.882368, Iris-virginica
6.30, 2.50, 5.00, 1.90, 0.025830, 0.507477, 0.466692, Iris-virginica
6.50, 3.00, 5.20, 2.00, 0.012118, 0.156391, 0.831490, Iris-virginica
6.20, 3.40, 5.40, 2.30, 0.021585, 0.189021, 0.789394, Iris-virginica
5.90, 3.00, 5.10, 1.80, 0.026941, 0.581754, 0.391305, Iris-virginica
