% Title: Title
%
% Centers:
% 	6.775027 3.052405 5.646804 2.053569 
% 	5.889139 2.761213 4.364161 1.397396 
% 	5.003561 3.403038 1.484997 0.251539 
%

@RELATION

@ATTRIBUTE Attribute0 	 REAL
@ATTRIBUTE Attribute1 	 REAL
@ATTRIBUTE Attribute2 	 REAL
@ATTRIBUTE Attribute3 	 REAL
@ATTRIBUTE MU 	 FUZZY {Zhluk0, Zhluk1, Zhluk2}
@ATTRIBUTE class 	 {Iris-setosa, Iris-versicolor, Iris-virginica}

@DATA
5.10, 3.50, 1.40, 0.20, 0.001163, 0.002501, 0.996336, Iris-setosa
4.90, 3.00, 1.40, 0.20, 0.007156, 0.015889, 0.976955, Iris-setosa
4.70, 3.20, 1.30, 0.20, 0.006261, 0.013428, 0.980311, Iris-setosa
4.60, 3.10, 1.50, 0.20, 0.009833, 0.021853, 0.968314, Iris-setosa
5.00, 3.60, 1.40, 0.20, 0.001942, 0.004131, 0.993927, Iris-setosa
5.40, 3.90, 1.70, 0.40, 0.021072, 0.045783, 0.933145, Iris-setosa
4.60, 3.40, 1.40, 0.30, 0.006506, 0.014005, 0.979488, Iris-setosa
5.00, 3.40, 1.50, 0.20, 0.000121, 0.000268, 0.999611, Iris-setosa
4.40, 2.90, 1.40, 0.20, 0.021533, 0.046906, 0.931560, Iris-setosa
4.90, 3.10, 1.50, 0.10, 0.005043, 0.011266, 0.983691, Iris-setosa
5.40, 3.70, 1.50, 0.20, 0.010466, 0.022319, 0.967216, Iris-setosa
4.80, 3.40, 1.60, 0.20, 0.002387, 0.005332, 0.992281, Iris-setosa
4.80, 3.00, 1.40, 0.10, 0.008832, 0.019420, 0.971748, Iris-setosa
4.30, 3.00, 1.10, 0.10, 0.024999, 0.051300, 0.923701, Iris-setosa
5.80, 4.00, 1.20, 0.20, 0.038098, 0.073502, 0.888400, Iris-setosa
5.70, 4.40, 1.50, 0.40, 0.055017, 0.105706, 0.839278, Iris-setosa
5.40, 3.90, 1.30, 0.40, 0.017961, 0.036521, 0.945519, Iris-setosa
5.10, 3.50, 1.40, 0.30, 0.001168, 0.002525, 0.996307, Iris-setosa
5.70, 3.80, 1.70, 0.30, 0.030648, 0.066285, 0.903067, Iris-setosa
5.10, 3.80, 1.50, 0.30, 0.007012, 0.014919, 0.978069, Iris-setosa
5.40, 3.40, 1.70, 0.20, 0.009495, 0.021748, 0.968757, Iris-setosa
5.10, 3.70, 1.50, 0.40, 0.005089, 0.011010, 0.983902, Iris-setosa
4.60, 3.60, 1.00, 0.20, 0.014011, 0.027859, 0.958130, Iris-setosa
5.10, 3.30, 1.70, 0.50, 0.006007, 0.014212, 0.979781, Iris-setosa
4.80, 3.40, 1.90, 0.20, 0.009735, 0.022995, 0.967270, Iris-setosa
5.00, 3.00, 1.60, 0.20, 0.007571, 0.017523, 0.974906, Iris-setosa
5.00, 3.40, 1.60, 0.40, 0.001569, 0.003570, 0.994861, Iris-setosa
5.20, 3.50, 1.50, 0.20, 0.002167, 0.004740, 0.993093, Iris-setosa
5.20, 3.40, 1.40, 0.20, 0.002001, 0.004339, 0.993660, Iris-setosa
4.70, 3.20, 1.60, 0.20, 0.006061, 0.013698, 0.980241, Iris-setosa
4.80, 3.10, 1.60, 0.20, 0.006162, 0.014085, 0.979753, Iris-setosa
5.40, 3.40, 1.50, 0.40, 0.007968, 0.017757, 0.974275, Iris-setosa
5.20, 4.10, 1.50, 0.10, 0.020862, 0.042210, 0.936928, Iris-setosa
5.50, 4.20, 1.40, 0.20, 0.032952, 0.064661, 0.902387, Iris-setosa
4.90, 3.10, 1.50, 0.10, 0.005043, 0.011266, 0.983691, Iris-setosa
5.00, 3.20, 1.20, 0.20, 0.004673, 0.009920, 0.985407, Iris-setosa
5.50, 3.50, 1.30, 0.20, 0.011680, 0.024492, 0.963828, Iris-setosa
4.90, 3.10, 1.50, 0.10, 0.005043, 0.011266, 0.983691, Iris-setosa
4.40, 3.00, 1.30, 0.20, 0.018951, 0.040476, 0.940573, Iris-setosa
5.10, 3.40, 1.50, 0.20, 0.000517, 0.001141, 0.998342, Iris-setosa
5.00, 3.50, 1.30, 0.30, 0.001806, 0.003833, 0.994361, Iris-setosa
4.50, 2.30, 1.30, 0.30, 0.046370, 0.100895, 0.852735, Iris-setosa
4.40, 3.20, 1.30, 0.20, 0.015063, 0.031863, 0.953074, Iris-setosa
5.00, 3.50, 1.60, 0.60, 0.006457, 0.014671, 0.978872, Iris-setosa
5.10, 3.80, 1.90, 0.40, 0.016934, 0.038888, 0.944178, Iris-setosa
4.80, 3.00, 1.40, 0.30, 0.008305, 0.018492, 0.973203, Iris-setosa
5.10, 3.80, 1.60, 0.20, 0.007695, 0.016549, 0.975756, Iris-setosa
4.60, 3.20, 1.40, 0.20, 0.007954, 0.017274, 0.974772, Iris-setosa
5.30, 3.70, 1.50, 0.20, 0.007523, 0.016081, 0.976397, Iris-setosa
5.00, 3.30, 1.40, 0.20, 0.000829, 0.001810, 0.997361, Iris-setosa
7.00, 3.20, 4.70, 1.40, 0.501065, 0.454336, 0.044599, Iris-versicolor
6.40, 3.20, 4.50, 1.50, 0.206705, 0.764125, 0.029170, Iris-versicolor
6.90, 3.10, 4.90, 1.50, 0.599877, 0.368836, 0.031287, Iris-versicolor
5.50, 2.30, 4.00, 1.30, 0.080489, 0.869964, 0.049548, Iris-versicolor
6.50, 2.80, 4.60, 1.50, 0.217038, 0.758834, 0.024128, Iris-versicolor
5.70, 2.80, 4.50, 1.30, 0.020472, 0.973775, 0.005753, Iris-versicolor
6.30, 3.30, 4.70, 1.60, 0.297082, 0.673117, 0.029801, Iris-versicolor
4.90, 2.40, 3.30, 1.00, 0.132129, 0.581489, 0.286382, Iris-versicolor
6.60, 2.90, 4.60, 1.30, 0.247633, 0.721107, 0.031260, Iris-versicolor
5.20, 2.70, 3.90, 1.40, 0.094733, 0.830275, 0.074993, Iris-versicolor
5.00, 2.00, 3.50, 1.00, 0.144924, 0.635645, 0.219431, Iris-versicolor
5.90, 3.00, 4.20, 1.50, 0.028733, 0.962069, 0.009198, Iris-versicolor
6.00, 2.20, 4.00, 1.00, 0.101142, 0.843016, 0.055842, Iris-versicolor
6.10, 2.90, 4.70, 1.40, 0.088145, 0.899739, 0.012117, Iris-versicolor
5.60, 2.90, 3.60, 1.30, 0.092204, 0.815900, 0.091896, Iris-versicolor
6.70, 3.10, 4.40, 1.40, 0.268304, 0.689951, 0.041745, Iris-versicolor
5.60, 3.00, 4.50, 1.50, 0.052675, 0.933153, 0.014173, Iris-versicolor
5.80, 2.70, 4.10, 1.00, 0.048404, 0.925614, 0.025982, Iris-versicolor
6.20, 2.20, 4.50, 1.50, 0.137412, 0.835380, 0.027208, Iris-versicolor
5.60, 2.50, 3.90, 1.10, 0.070812, 0.877423, 0.051765, Iris-versicolor
5.90, 3.20, 4.80, 1.80, 0.250650, 0.721724, 0.027626, Iris-versicolor
6.10, 2.80, 4.00, 1.30, 0.046243, 0.934217, 0.019540, Iris-versicolor
6.30, 2.50, 4.90, 1.50, 0.270494, 0.705502, 0.024004, Iris-versicolor
6.10, 2.80, 4.70, 1.20, 0.083263, 0.902792, 0.013945, Iris-versicolor
6.40, 2.90, 4.30, 1.30, 0.101127, 0.875945, 0.022928, Iris-versicolor
6.60, 3.00, 4.40, 1.40, 0.211180, 0.754855, 0.033965, Iris-versicolor
6.80, 2.80, 4.80, 1.40, 0.442613, 0.523747, 0.033641, Iris-versicolor
6.70, 3.00, 5.00, 1.70, 0.672388, 0.306410, 0.021202, Iris-versicolor
6.00, 2.90, 4.50, 1.50, 0.026133, 0.968934, 0.004933, Iris-versicolor
5.70, 2.60, 3.50, 1.00, 0.104646, 0.766535, 0.128818, Iris-versicolor
5.50, 2.40, 3.80, 1.10, 0.089916, 0.831952, 0.078132, Iris-versicolor
5.50, 2.40, 3.70, 1.00, 0.100749, 0.795025, 0.104226, Iris-versicolor
5.80, 2.70, 3.90, 1.20, 0.050344, 0.918566, 0.031091, Iris-versicolor
6.00, 2.70, 5.10, 1.60, 0.319618, 0.656385, 0.023997, Iris-versicolor
5.40, 3.00, 4.50, 1.50, 0.082465, 0.891110, 0.026425, Iris-versicolor
6.00, 3.40, 4.50, 1.60, 0.170630, 0.797226, 0.032144, Iris-versicolor
6.70, 3.10, 4.70, 1.50, 0.411003, 0.555524, 0.033473, Iris-versicolor
6.30, 2.30, 4.40, 1.30, 0.115464, 0.857608, 0.026928, Iris-versicolor
5.60, 3.00, 4.10, 1.30, 0.047014, 0.928835, 0.024150, Iris-versicolor
5.50, 2.50, 4.00, 1.30, 0.062428, 0.899245, 0.038327, Iris-versicolor
5.50, 2.60, 4.40, 1.20, 0.049266, 0.931038, 0.019696, Iris-versicolor
6.10, 3.00, 4.60, 1.40, 0.072637, 0.915746, 0.011617, Iris-versicolor
5.80, 2.60, 4.00, 1.20, 0.041830, 0.935565, 0.022604, Iris-versicolor
5.00, 2.30, 3.30, 1.00, 0.132567, 0.597297, 0.270136, Iris-versicolor
5.60, 2.70, 4.20, 1.30, 0.028484, 0.958786, 0.012730, Iris-versicolor
5.70, 3.00, 4.20, 1.20, 0.037697, 0.945481, 0.016822, Iris-versicolor
5.70, 2.90, 4.20, 1.30, 0.023039, 0.967355, 0.009606, Iris-versicolor
6.20, 2.90, 4.30, 1.30, 0.044689, 0.943896, 0.011416, Iris-versicolor
5.10, 2.50, 3.00, 1.10, 0.124269, 0.518931, 0.356799, Iris-versicolor
5.70, 2.80, 4.10, 1.30, 0.026776, 0.960488, 0.012737, Iris-versicolor
6.30, 3.30, 6.00, 2.50, 0.859881, 0.120754, 0.019365, Iris-virginica
5.80, 2.70, 5.10, 1.90, 0.355056, 0.615615, 0.029330, Iris-virginica
7.10, 3.00, 5.90, 2.10, 0.955764, 0.038157, 0.006079, Iris-virginica
6.30, 2.90, 5.60, 1.80, 0.845493, 0.141972, 0.012536, Iris-virginica
6.50, 3.00, 5.80, 2.20, 0.957598, 0.037645, 0.004757, Iris-virginica
7.60, 3.00, 6.60, 2.10, 0.811837, 0.152687, 0.035476, Iris-virginica
4.90, 2.50, 4.50, 1.70, 0.167055, 0.759799, 0.073146, Iris-virginica
7.30, 2.90, 6.30, 1.80, 0.862934, 0.115154, 0.021912, Iris-virginica
6.70, 2.50, 5.80, 1.80, 0.868629, 0.117362, 0.014009, Iris-virginica
7.20, 3.60, 6.10, 2.50, 0.860979, 0.114604, 0.024417, Iris-virginica
6.50, 3.20, 5.10, 2.00, 0.773299, 0.209930, 0.016771, Iris-virginica
6.40, 2.70, 5.30, 1.90, 0.761051, 0.223178, 0.015771, Iris-virginica
6.80, 3.00, 5.50, 2.10, 0.988814, 0.010019, 0.001167, Iris-virginica
5.70, 2.50, 5.00, 2.00, 0.305636, 0.659950, 0.034413, Iris-virginica
5.80, 2.80, 5.10, 2.40, 0.500588, 0.461010, 0.038402, Iris-virginica
6.40, 3.20, 5.30, 2.30, 0.849845, 0.136087, 0.014068, Iris-virginica
6.50, 3.00, 5.50, 1.80, 0.913200, 0.079634, 0.007166, Iris-virginica
7.70, 3.80, 6.70, 2.20, 0.763576, 0.185836, 0.050588, Iris-virginica
7.70, 2.60, 6.90, 2.30, 0.757522, 0.193265, 0.049213, Iris-virginica
6.00, 2.20, 5.00, 1.50, 0.257054, 0.710696, 0.032250, Iris-virginica
6.90, 3.20, 5.70, 2.30, 0.970470, 0.025701, 0.003829, Iris-virginica
5.60, 2.80, 4.90, 2.00, 0.259352, 0.706972, 0.033677, Iris-virginica
7.70, 2.80, 6.70, 2.00, 0.783163, 0.174841, 0.041995, Iris-virginica
6.30, 2.70, 4.90, 1.80, 0.381333, 0.595845, 0.022823, Iris-virginica
6.70, 3.30, 5.70, 2.10, 0.975340, 0.021745, 0.002914, Iris-virginica
7.20, 3.20, 6.00, 1.80, 0.911907, 0.075180, 0.012914, Iris-virginica
6.20, 2.80, 4.80, 1.80, 0.271134, 0.707873, 0.020993, Iris-virginica
6.10, 3.00, 4.90, 1.80, 0.329892, 0.647005, 0.023103, Iris-virginica
6.40, 2.80, 5.60, 2.10, 0.908621, 0.083015, 0.008365, Iris-virginica
7.20, 3.00, 5.80, 1.60, 0.890776, 0.094768, 0.014456, Iris-virginica
7.40, 2.80, 6.10, 1.90, 0.872738, 0.107462, 0.019800, Iris-virginica
7.90, 3.80, 6.40, 2.00, 0.760083, 0.189014, 0.050902, Iris-virginica
6.40, 2.80, 5.60, 2.20, 0.906183, 0.084854, 0.008963, Iris-virginica
6.30, 2.80, 5.10, 1.50, 0.436284, 0.540305, 0.023412, Iris-virginica
6.10, 2.60, 5.60, 1.40, 0.576012, 0.392764, 0.031224, Iris-virginica
7.70, 3.00, 6.10, 2.30, 0.839538, 0.131788, 0.028674, Iris-virginica
6.30, 3.40, 5.60, 2.40, 0.854057, 0.128714, 0.017230, Iris-virginica
6.40, 3.10, 5.50, 1.80, 0.880118, 0.110093, 0.009789, Iris-virginica
6.00, 3.00, 4.80, 1.80, 0.228277, 0.749990, 0.021734, Iris-virginica
6.90, 3.10, 5.40, 2.10, 0.967542, 0.028967, 0.003491, Iris-virginica
6.70, 3.10, 5.60, 2.40, 0.957239, 0.037682, 0.005079, Iris-virginica
6.90, 3.10, 5.10, 2.30, 0.855088, 0.129504, 0.015408, Iris-virginica
5.80, 2.70, 5.10, 1.90, 0.355056, 0.615615, 0.029330, Iris-virginica
6.80, 3.20, 5.90, 2.30, 0.961012, 0.033737, 0.005251, Iris-virginica
6.70, 3.30, 5.70, 2.50, 0.927110, 0.063187, 0.009703, Iris-virginica
6.70, 3.00, 5.20, 2.30, 0.882332, 0.106400, 0.011268, Iris-virginica
6.30, 2.50, 5.00, 1.90, 0.466594, 0.507576, 0.025829, Iris-virginica
6.50, 3.00, 5.20, 2.00, 0.831418, 0.156461, 0.012121, Iris-virginica
6.20, 3.40, 5.40, 2.30, 0.789355, 0.189059, 0.021586, Iris-virginica
5.90, 3.00, 5.10, 1.80, 0.391211, 0.581851, 0.026939, Iris-virginica
