% Title: Title
%
% Centers:
% 	6.775182 3.052450 5.646997 2.053643 
% 	5.889266 2.761259 4.364347 1.397492 
% 	5.003562 3.403032 1.485007 0.251544 
%

@RELATION

@ATTRIBUTE Attribute0 	 REAL
@ATTRIBUTE Attribute1 	 REAL
@ATTRIBUTE Attribute2 	 REAL
@ATTRIBUTE Attribute3 	 REAL
@ATTRIBUTE MU 	 FUZZY {Zhluk0, Zhluk1, Zhluk2}
@ATTRIBUTE class 	 {Iris-setosa, Iris-versicolor, Iris-virginica}

@DATA
5.10, 3.50, 1.40, 0.20, 0.001164, 0.002501, 0.996336, Iris-setosa
4.90, 3.00, 1.40, 0.20, 0.007155, 0.015885, 0.976960, Iris-setosa
4.70, 3.20, 1.30, 0.20, 0.006260, 0.013426, 0.980314, Iris-setosa
4.60, 3.10, 1.50, 0.20, 0.009832, 0.021848, 0.968321, Iris-setosa
5.00, 3.60, 1.40, 0.20, 0.001942, 0.004131, 0.993927, Iris-setosa
5.40, 3.90, 1.70, 0.40, 0.021069, 0.045775, 0.933156, Iris-setosa
4.60, 3.40, 1.40, 0.30, 0.006505, 0.014003, 0.979492, Iris-setosa
5.00, 3.40, 1.50, 0.20, 0.000121, 0.000268, 0.999611, Iris-setosa
4.40, 2.90, 1.40, 0.20, 0.021530, 0.046897, 0.931573, Iris-setosa
4.90, 3.10, 1.50, 0.10, 0.005042, 0.011263, 0.983695, Iris-setosa
5.40, 3.70, 1.50, 0.20, 0.010464, 0.022315, 0.967221, Iris-setosa
4.80, 3.40, 1.60, 0.20, 0.002386, 0.005331, 0.992283, Iris-setosa
4.80, 3.00, 1.40, 0.10, 0.008830, 0.019416, 0.971754, Iris-setosa
4.30, 3.00, 1.10, 0.10, 0.024996, 0.051292, 0.923712, Iris-setosa
5.80, 4.00, 1.20, 0.20, 0.038094, 0.073493, 0.888413, Iris-setosa
5.70, 4.40, 1.50, 0.40, 0.055011, 0.105693, 0.839296, Iris-setosa
5.40, 3.90, 1.30, 0.40, 0.017959, 0.036516, 0.945526, Iris-setosa
5.10, 3.50, 1.40, 0.30, 0.001168, 0.002524, 0.996308, Iris-setosa
5.70, 3.80, 1.70, 0.30, 0.030644, 0.066274, 0.903082, Iris-setosa
5.10, 3.80, 1.50, 0.30, 0.007012, 0.014917, 0.978072, Iris-setosa
5.40, 3.40, 1.70, 0.20, 0.009493, 0.021743, 0.968764, Iris-setosa
5.10, 3.70, 1.50, 0.40, 0.005088, 0.011008, 0.983904, Iris-setosa
4.60, 3.60, 1.00, 0.20, 0.014009, 0.027856, 0.958135, Iris-setosa
5.10, 3.30, 1.70, 0.50, 0.006006, 0.014208, 0.979787, Iris-setosa
4.80, 3.40, 1.90, 0.20, 0.009733, 0.022989, 0.967279, Iris-setosa
5.00, 3.00, 1.60, 0.20, 0.007569, 0.017518, 0.974912, Iris-setosa
5.00, 3.40, 1.60, 0.40, 0.001568, 0.003569, 0.994863, Iris-setosa
5.20, 3.50, 1.50, 0.20, 0.002167, 0.004739, 0.993094, Iris-setosa
5.20, 3.40, 1.40, 0.20, 0.002001, 0.004338, 0.993661, Iris-setosa
4.70, 3.20, 1.60, 0.20, 0.006060, 0.013695, 0.980245, Iris-setosa
4.80, 3.10, 1.60, 0.20, 0.006161, 0.014081, 0.979758, Iris-setosa
5.40, 3.40, 1.50, 0.40, 0.007967, 0.017753, 0.974280, Iris-setosa
5.20, 4.10, 1.50, 0.10, 0.020860, 0.042204, 0.936936, Iris-setosa
5.50, 4.20, 1.40, 0.20, 0.032949, 0.064652, 0.902399, Iris-setosa
4.90, 3.10, 1.50, 0.10, 0.005042, 0.011263, 0.983695, Iris-setosa
5.00, 3.20, 1.20, 0.20, 0.004673, 0.009919, 0.985409, Iris-setosa
5.50, 3.50, 1.30, 0.20, 0.011679, 0.024488, 0.963833, Iris-setosa
4.90, 3.10, 1.50, 0.10, 0.005042, 0.011263, 0.983695, Iris-setosa
4.40, 3.00, 1.30, 0.20, 0.018948, 0.040468, 0.940584, Iris-setosa
5.10, 3.40, 1.50, 0.20, 0.000517, 0.001141, 0.998343, Iris-setosa
5.00, 3.50, 1.30, 0.30, 0.001806, 0.003833, 0.994361, Iris-setosa
4.50, 2.30, 1.30, 0.30, 0.046364, 0.100875, 0.852761, Iris-setosa
4.40, 3.20, 1.30, 0.20, 0.015061, 0.031857, 0.953082, Iris-setosa
5.00, 3.50, 1.60, 0.60, 0.006456, 0.014667, 0.978877, Iris-setosa
5.10, 3.80, 1.90, 0.40, 0.016931, 0.038879, 0.944190, Iris-setosa
4.80, 3.00, 1.40, 0.30, 0.008303, 0.018488, 0.973209, Iris-setosa
5.10, 3.80, 1.60, 0.20, 0.007694, 0.016546, 0.975760, Iris-setosa
4.60, 3.20, 1.40, 0.20, 0.007953, 0.017271, 0.974777, Iris-setosa
5.30, 3.70, 1.50, 0.20, 0.007522, 0.016078, 0.976400, Iris-setosa
5.00, 3.30, 1.40, 0.20, 0.000829, 0.001810, 0.997361, Iris-setosa
7.00, 3.20, 4.70, 1.40, 0.500858, 0.454543, 0.044600, Iris-versicolor
6.40, 3.20, 4.50, 1.50, 0.206494, 0.764349, 0.029157, Iris-versicolor
6.90, 3.10, 4.90, 1.50, 0.599618, 0.369090, 0.031292, Iris-versicolor
5.50, 2.30, 4.00, 1.30, 0.080526, 0.869885, 0.049589, Iris-versicolor
6.50, 2.80, 4.60, 1.50, 0.216783, 0.759102, 0.024114, Iris-versicolor
5.70, 2.80, 4.50, 1.30, 0.020469, 0.973776, 0.005755, Iris-versicolor
6.30, 3.30, 4.70, 1.60, 0.296792, 0.673417, 0.029790, Iris-versicolor
4.90, 2.40, 3.30, 1.00, 0.132137, 0.581387, 0.286476, Iris-versicolor
6.60, 2.90, 4.60, 1.30, 0.247413, 0.721339, 0.031249, Iris-versicolor
5.20, 2.70, 3.90, 1.40, 0.094766, 0.830189, 0.075045, Iris-versicolor
5.00, 2.00, 3.50, 1.00, 0.144935, 0.635558, 0.219507, Iris-versicolor
5.90, 3.00, 4.20, 1.50, 0.028728, 0.962071, 0.009200, Iris-versicolor
6.00, 2.20, 4.00, 1.00, 0.101162, 0.842966, 0.055872, Iris-versicolor
6.10, 2.90, 4.70, 1.40, 0.087964, 0.899936, 0.012099, Iris-versicolor
5.60, 2.90, 3.60, 1.30, 0.092237, 0.815802, 0.091961, Iris-versicolor
6.70, 3.10, 4.40, 1.40, 0.268120, 0.690144, 0.041736, Iris-versicolor
5.60, 3.00, 4.50, 1.50, 0.052643, 0.933186, 0.014171, Iris-versicolor
5.80, 2.70, 4.10, 1.00, 0.048445, 0.925540, 0.026014, Iris-versicolor
6.20, 2.20, 4.50, 1.50, 0.137319, 0.835478, 0.027202, Iris-versicolor
5.60, 2.50, 3.90, 1.10, 0.070858, 0.877324, 0.051818, Iris-versicolor
5.90, 3.20, 4.80, 1.80, 0.250390, 0.721996, 0.027614, Iris-versicolor
6.10, 2.80, 4.00, 1.30, 0.046260, 0.934185, 0.019555, Iris-versicolor
6.30, 2.50, 4.90, 1.50, 0.270205, 0.705802, 0.023993, Iris-versicolor
6.10, 2.80, 4.70, 1.20, 0.083138, 0.902930, 0.013932, Iris-versicolor
6.40, 2.90, 4.30, 1.30, 0.101038, 0.876043, 0.022919, Iris-versicolor
6.60, 3.00, 4.40, 1.40, 0.211004, 0.755042, 0.033954, Iris-versicolor
6.80, 2.80, 4.80, 1.40, 0.442335, 0.524027, 0.033639, Iris-versicolor
6.70, 3.00, 5.00, 1.70, 0.672047, 0.306742, 0.021211, Iris-versicolor
6.00, 2.90, 4.50, 1.50, 0.026048, 0.969033, 0.004919, Iris-versicolor
5.70, 2.60, 3.50, 1.00, 0.104677, 0.766426, 0.128897, Iris-versicolor
5.50, 2.40, 3.80, 1.10, 0.089957, 0.831850, 0.078193, Iris-versicolor
5.50, 2.40, 3.70, 1.00, 0.100785, 0.794918, 0.104297, Iris-versicolor
5.80, 2.70, 3.90, 1.20, 0.050390, 0.918478, 0.031131, Iris-versicolor
6.00, 2.70, 5.10, 1.60, 0.319285, 0.656726, 0.023989, Iris-versicolor
5.40, 3.00, 4.50, 1.50, 0.082445, 0.891126, 0.026429, Iris-versicolor
6.00, 3.40, 4.50, 1.60, 0.170482, 0.797385, 0.032133, Iris-versicolor
6.70, 3.10, 4.70, 1.50, 0.410708, 0.555823, 0.033469, Iris-versicolor
6.30, 2.30, 4.40, 1.30, 0.115398, 0.857678, 0.026925, Iris-versicolor
5.60, 3.00, 4.10, 1.30, 0.047049, 0.928774, 0.024177, Iris-versicolor
5.50, 2.50, 4.00, 1.30, 0.062473, 0.899157, 0.038369, Iris-versicolor
5.50, 2.60, 4.40, 1.20, 0.049293, 0.930993, 0.019714, Iris-versicolor
6.10, 3.00, 4.60, 1.40, 0.072493, 0.915907, 0.011601, Iris-versicolor
5.80, 2.60, 4.00, 1.20, 0.041877, 0.935484, 0.022639, Iris-versicolor
5.00, 2.30, 3.30, 1.00, 0.132576, 0.597195, 0.270229, Iris-versicolor
5.60, 2.70, 4.20, 1.30, 0.028527, 0.958718, 0.012755, Iris-versicolor
5.70, 3.00, 4.20, 1.20, 0.037726, 0.945432, 0.016842, Iris-versicolor
5.70, 2.90, 4.20, 1.30, 0.023073, 0.967302, 0.009625, Iris-versicolor
6.20, 2.90, 4.30, 1.30, 0.044644, 0.943946, 0.011410, Iris-versicolor
5.10, 2.50, 3.00, 1.10, 0.124272, 0.518828, 0.356900, Iris-versicolor
5.70, 2.80, 4.10, 1.30, 0.026820, 0.960416, 0.012763, Iris-versicolor
6.30, 3.30, 6.00, 2.50, 0.859869, 0.120771, 0.019361, Iris-virginica
5.80, 2.70, 5.10, 1.90, 0.354768, 0.615907, 0.029325, Iris-virginica
7.10, 3.00, 5.90, 2.10, 0.955826, 0.038106, 0.006069, Iris-virginica
6.30, 2.90, 5.60, 1.80, 0.845289, 0.142165, 0.012546, Iris-virginica
6.50, 3.00, 5.80, 2.20, 0.957578, 0.037664, 0.004758, Iris-virginica
7.60, 3.00, 6.60, 2.10, 0.811897, 0.152645, 0.035458, Iris-virginica
4.90, 2.50, 4.50, 1.70, 0.167037, 0.759801, 0.073163, Iris-virginica
7.30, 2.90, 6.30, 1.80, 0.862988, 0.115114, 0.021898, Iris-virginica
6.70, 2.50, 5.80, 1.80, 0.868563, 0.117426, 0.014011, Iris-virginica
7.20, 3.60, 6.10, 2.50, 0.861039, 0.114560, 0.024401, Iris-virginica
6.50, 3.20, 5.10, 2.00, 0.773001, 0.210216, 0.016783, Iris-virginica
6.40, 2.70, 5.30, 1.90, 0.760733, 0.223484, 0.015783, Iris-virginica
6.80, 3.00, 5.50, 2.10, 0.988780, 0.010050, 0.001170, Iris-virginica
5.70, 2.50, 5.00, 2.00, 0.305424, 0.660168, 0.034408, Iris-virginica
5.80, 2.80, 5.10, 2.40, 0.500354, 0.461241, 0.038405, Iris-virginica
6.40, 3.20, 5.30, 2.30, 0.849672, 0.136250, 0.014078, Iris-virginica
6.50, 3.00, 5.50, 1.80, 0.913021, 0.079802, 0.007177, Iris-virginica
7.70, 3.80, 6.70, 2.20, 0.763629, 0.185803, 0.050568, Iris-virginica
7.70, 2.60, 6.90, 2.30, 0.757570, 0.193236, 0.049194, Iris-virginica
6.00, 2.20, 5.00, 1.50, 0.256872, 0.710885, 0.032244, Iris-virginica
6.90, 3.20, 5.70, 2.30, 0.970508, 0.025669, 0.003823, Iris-virginica
5.60, 2.80, 4.90, 2.00, 0.259156, 0.707175, 0.033669, Iris-virginica
7.70, 2.80, 6.70, 2.00, 0.783216, 0.174807, 0.041977, Iris-virginica
6.30, 2.70, 4.90, 1.80, 0.380931, 0.596252, 0.022817, Iris-virginica
6.70, 3.30, 5.70, 2.10, 0.975345, 0.021742, 0.002913, Iris-virginica
7.20, 3.20, 6.00, 1.80, 0.911961, 0.075138, 0.012902, Iris-virginica
6.20, 2.80, 4.80, 1.80, 0.270774, 0.708244, 0.020981, Iris-virginica
6.10, 3.00, 4.90, 1.80, 0.329510, 0.647396, 0.023094, Iris-virginica
6.40, 2.80, 5.60, 2.10, 0.908491, 0.083136, 0.008373, Iris-virginica
7.20, 3.00, 5.80, 1.60, 0.890788, 0.094762, 0.014450, Iris-virginica
7.40, 2.80, 6.10, 1.90, 0.872790, 0.107423, 0.019787, Iris-virginica
7.90, 3.80, 6.40, 2.00, 0.760132, 0.188985, 0.050883, Iris-virginica
6.40, 2.80, 5.60, 2.20, 0.906068, 0.084961, 0.008970, Iris-virginica
6.30, 2.80, 5.10, 1.50, 0.435884, 0.540707, 0.023409, Iris-virginica
6.10, 2.60, 5.60, 1.40, 0.575776, 0.392996, 0.031228, Iris-virginica
7.70, 3.00, 6.10, 2.30, 0.839598, 0.131745, 0.028657, Iris-virginica
6.30, 3.40, 5.60, 2.40, 0.853978, 0.128789, 0.017233, Iris-virginica
6.40, 3.10, 5.50, 1.80, 0.879916, 0.110284, 0.009801, Iris-virginica
6.00, 3.00, 4.80, 1.80, 0.227975, 0.750305, 0.021720, Iris-virginica
6.90, 3.10, 5.40, 2.10, 0.967502, 0.029004, 0.003494, Iris-virginica
6.70, 3.10, 5.60, 2.40, 0.957231, 0.037691, 0.005078, Iris-virginica
6.90, 3.10, 5.10, 2.30, 0.854970, 0.129615, 0.015414, Iris-virginica
5.80, 2.70, 5.10, 1.90, 0.354768, 0.615907, 0.029325, Iris-virginica
6.80, 3.20, 5.90, 2.30, 0.961061, 0.033696, 0.005243, Iris-virginica
6.70, 3.30, 5.70, 2.50, 0.927121, 0.063181, 0.009699, Iris-virginica
6.70, 3.00, 5.20, 2.30, 0.882187, 0.106536, 0.011277, Iris-virginica
6.30, 2.50, 5.00, 1.90, 0.466239, 0.507932, 0.025829, Iris-virginica
6.50, 3.00, 5.20, 2.00, 0.831128, 0.156738, 0.012135, Iris-virginica
6.20, 3.40, 5.40, 2.30, 0.789195, 0.189212, 0.021593, Iris-virginica
5.90, 3.00, 5.10, 1.80, 0.390866, 0.582200, 0.026934, Iris-virginica
