% Title: Title
%
% Centers:
% 	5.003561 3.403040 1.484993 0.251537 
% 	6.774984 3.052392 5.646749 2.053547 
% 	5.889099 2.761199 4.364104 1.397367 
%

@RELATION

@ATTRIBUTE Attribute0 	 REAL
@ATTRIBUTE Attribute1 	 REAL
@ATTRIBUTE Attribute2 	 REAL
@ATTRIBUTE Attribute3 	 REAL
@ATTRIBUTE MU 	 FUZZY {Zhluk0, Zhluk1, Zhluk2}
@ATTRIBUTE class 	 {Iris-setosa, Iris-versicolor, Iris-virginica}

@DATA
5.10, 3.50, 1.40, 0.20, 0.996336, 0.001163, 0.002501, Iris-setosa
4.90, 3.00, 1.40, 0.20, 0.976953, 0.007157, 0.015890, Iris-setosa
4.70, 3.20, 1.30, 0.20, 0.980310, 0.006261, 0.013429, Iris-setosa
4.60, 3.10, 1.50, 0.20, 0.968312, 0.009834, 0.021854, Iris-setosa
5.00, 3.60, 1.40, 0.20, 0.993927, 0.001942, 0.004131, Iris-setosa
5.40, 3.90, 1.70, 0.40, 0.933141, 0.021073, 0.045786, Iris-setosa
4.60, 3.40, 1.40, 0.30, 0.979487, 0.006506, 0.014006, Iris-setosa
5.00, 3.40, 1.50, 0.20, 0.999611, 0.000121, 0.000268, Iris-setosa
4.40, 2.90, 1.40, 0.20, 0.931556, 0.021534, 0.046910, Iris-setosa
4.90, 3.10, 1.50, 0.10, 0.983690, 0.005043, 0.011267, Iris-setosa
5.40, 3.70, 1.50, 0.20, 0.967214, 0.010466, 0.022320, Iris-setosa
4.80, 3.40, 1.60, 0.20, 0.992280, 0.002387, 0.005333, Iris-setosa
4.80, 3.00, 1.40, 0.10, 0.971747, 0.008832, 0.019421, Iris-setosa
4.30, 3.00, 1.10, 0.10, 0.923697, 0.025000, 0.051303, Iris-setosa
5.80, 4.00, 1.20, 0.20, 0.888396, 0.038099, 0.073505, Iris-setosa
5.70, 4.40, 1.50, 0.40, 0.839272, 0.055018, 0.105710, Iris-setosa
5.40, 3.90, 1.30, 0.40, 0.945517, 0.017961, 0.036522, Iris-setosa
5.10, 3.50, 1.40, 0.30, 0.996307, 0.001168, 0.002525, Iris-setosa
5.70, 3.80, 1.70, 0.30, 0.903062, 0.030649, 0.066289, Iris-setosa
5.10, 3.80, 1.50, 0.30, 0.978068, 0.007013, 0.014920, Iris-setosa
5.40, 3.40, 1.70, 0.20, 0.968754, 0.009495, 0.021750, Iris-setosa
5.10, 3.70, 1.50, 0.40, 0.983901, 0.005089, 0.011010, Iris-setosa
4.60, 3.60, 1.00, 0.20, 0.958129, 0.014011, 0.027860, Iris-setosa
5.10, 3.30, 1.70, 0.50, 0.979779, 0.006008, 0.014214, Iris-setosa
4.80, 3.40, 1.90, 0.20, 0.967267, 0.009735, 0.022997, Iris-setosa
5.00, 3.00, 1.60, 0.20, 0.974904, 0.007571, 0.017525, Iris-setosa
5.00, 3.40, 1.60, 0.40, 0.994861, 0.001569, 0.003571, Iris-setosa
5.20, 3.50, 1.50, 0.20, 0.993092, 0.002167, 0.004741, Iris-setosa
5.20, 3.40, 1.40, 0.20, 0.993660, 0.002001, 0.004339, Iris-setosa
4.70, 3.20, 1.60, 0.20, 0.980239, 0.006061, 0.013700, Iris-setosa
4.80, 3.10, 1.60, 0.20, 0.979751, 0.006163, 0.014086, Iris-setosa
5.40, 3.40, 1.50, 0.40, 0.974273, 0.007968, 0.017758, Iris-setosa
5.20, 4.10, 1.50, 0.10, 0.936926, 0.020863, 0.042211, Iris-setosa
5.50, 4.20, 1.40, 0.20, 0.902384, 0.032953, 0.064663, Iris-setosa
4.90, 3.10, 1.50, 0.10, 0.983690, 0.005043, 0.011267, Iris-setosa
5.00, 3.20, 1.20, 0.20, 0.985406, 0.004673, 0.009920, Iris-setosa
5.50, 3.50, 1.30, 0.20, 0.963826, 0.011681, 0.024493, Iris-setosa
4.90, 3.10, 1.50, 0.10, 0.983690, 0.005043, 0.011267, Iris-setosa
4.40, 3.00, 1.30, 0.20, 0.940570, 0.018952, 0.040478, Iris-setosa
5.10, 3.40, 1.50, 0.20, 0.998342, 0.000517, 0.001141, Iris-setosa
5.00, 3.50, 1.30, 0.30, 0.994361, 0.001806, 0.003833, Iris-setosa
4.50, 2.30, 1.30, 0.30, 0.852727, 0.046372, 0.100901, Iris-setosa
4.40, 3.20, 1.30, 0.20, 0.953072, 0.015063, 0.031865, Iris-setosa
5.00, 3.50, 1.60, 0.60, 0.978871, 0.006458, 0.014672, Iris-setosa
5.10, 3.80, 1.90, 0.40, 0.944174, 0.016935, 0.038891, Iris-setosa
4.80, 3.00, 1.40, 0.30, 0.973201, 0.008305, 0.018494, Iris-setosa
5.10, 3.80, 1.60, 0.20, 0.975755, 0.007695, 0.016550, Iris-setosa
4.60, 3.20, 1.40, 0.20, 0.974771, 0.007954, 0.017275, Iris-setosa
5.30, 3.70, 1.50, 0.20, 0.976396, 0.007523, 0.016081, Iris-setosa
5.00, 3.30, 1.40, 0.20, 0.997361, 0.000829, 0.001810, Iris-setosa
7.00, 3.20, 4.70, 1.40, 0.044599, 0.501129, 0.454272, Iris-versicolor
6.40, 3.20, 4.50, 1.50, 0.029175, 0.206770, 0.764055, Iris-versicolor
6.90, 3.10, 4.90, 1.50, 0.031286, 0.599955, 0.368758, Iris-versicolor
5.50, 2.30, 4.00, 1.30, 0.049535, 0.080474, 0.869991, Iris-versicolor
6.50, 2.80, 4.60, 1.50, 0.024133, 0.217117, 0.758750, Iris-versicolor
5.70, 2.80, 4.50, 1.30, 0.005753, 0.020472, 0.973775, Iris-versicolor
6.30, 3.30, 4.70, 1.60, 0.029804, 0.297170, 0.673026, Iris-versicolor
4.90, 2.40, 3.30, 1.00, 0.286352, 0.132124, 0.581524, Iris-versicolor
6.60, 2.90, 4.60, 1.30, 0.031264, 0.247702, 0.721035, Iris-versicolor
5.20, 2.70, 3.90, 1.40, 0.074975, 0.094720, 0.830305, Iris-versicolor
5.00, 2.00, 3.50, 1.00, 0.219406, 0.144918, 0.635676, Iris-versicolor
5.90, 3.00, 4.20, 1.50, 0.009197, 0.028734, 0.962069, Iris-versicolor
6.00, 2.20, 4.00, 1.00, 0.055832, 0.101134, 0.843034, Iris-versicolor
6.10, 2.90, 4.70, 1.40, 0.012123, 0.088201, 0.899676, Iris-versicolor
5.60, 2.90, 3.60, 1.30, 0.091876, 0.092191, 0.815933, Iris-versicolor
6.70, 3.10, 4.40, 1.40, 0.041748, 0.268360, 0.689891, Iris-versicolor
5.60, 3.00, 4.50, 1.50, 0.014173, 0.052683, 0.933144, Iris-versicolor
5.80, 2.70, 4.10, 1.00, 0.025971, 0.048390, 0.925639, Iris-versicolor
6.20, 2.20, 4.50, 1.50, 0.027210, 0.137439, 0.835351, Iris-versicolor
5.60, 2.50, 3.90, 1.10, 0.051748, 0.070795, 0.877456, Iris-versicolor
5.90, 3.20, 4.80, 1.80, 0.027630, 0.250728, 0.721643, Iris-versicolor
6.10, 2.80, 4.00, 1.30, 0.019535, 0.046237, 0.934227, Iris-versicolor
6.30, 2.50, 4.90, 1.50, 0.024007, 0.270582, 0.705411, Iris-versicolor
6.10, 2.80, 4.70, 1.20, 0.013950, 0.083302, 0.902748, Iris-versicolor
6.40, 2.90, 4.30, 1.30, 0.022931, 0.101155, 0.875914, Iris-versicolor
6.60, 3.00, 4.40, 1.40, 0.033969, 0.211234, 0.754797, Iris-versicolor
6.80, 2.80, 4.80, 1.40, 0.033642, 0.442698, 0.523660, Iris-versicolor
6.70, 3.00, 5.00, 1.70, 0.021200, 0.672489, 0.306311, Iris-versicolor
6.00, 2.90, 4.50, 1.50, 0.004937, 0.026160, 0.968903, Iris-versicolor
5.70, 2.60, 3.50, 1.00, 0.128793, 0.104635, 0.766572, Iris-versicolor
5.50, 2.40, 3.80, 1.10, 0.078112, 0.089901, 0.831987, Iris-versicolor
5.50, 2.40, 3.70, 1.00, 0.104203, 0.100736, 0.795061, Iris-versicolor
5.80, 2.70, 3.90, 1.20, 0.031078, 0.050328, 0.918595, Iris-versicolor
6.00, 2.70, 5.10, 1.60, 0.024000, 0.319716, 0.656284, Iris-versicolor
5.40, 3.00, 4.50, 1.50, 0.026423, 0.082469, 0.891108, Iris-versicolor
6.00, 3.40, 4.50, 1.60, 0.032148, 0.170674, 0.797178, Iris-versicolor
6.70, 3.10, 4.70, 1.50, 0.033474, 0.411093, 0.555433, Iris-versicolor
6.30, 2.30, 4.40, 1.30, 0.026930, 0.115483, 0.857587, Iris-versicolor
5.60, 3.00, 4.10, 1.30, 0.024141, 0.047002, 0.928857, Iris-versicolor
5.50, 2.50, 4.00, 1.30, 0.038313, 0.062411, 0.899275, Iris-versicolor
5.50, 2.60, 4.40, 1.20, 0.019690, 0.049256, 0.931054, Iris-versicolor
6.10, 3.00, 4.60, 1.40, 0.011623, 0.072683, 0.915695, Iris-versicolor
5.80, 2.60, 4.00, 1.20, 0.022593, 0.041814, 0.935593, Iris-versicolor
5.00, 2.30, 3.30, 1.00, 0.270106, 0.132562, 0.597332, Iris-versicolor
5.60, 2.70, 4.20, 1.30, 0.012722, 0.028469, 0.958809, Iris-versicolor
5.70, 3.00, 4.20, 1.20, 0.016816, 0.037687, 0.945497, Iris-versicolor
5.70, 2.90, 4.20, 1.30, 0.009600, 0.023027, 0.967372, Iris-versicolor
6.20, 2.90, 4.30, 1.30, 0.011418, 0.044703, 0.943879, Iris-versicolor
5.10, 2.50, 3.00, 1.10, 0.356767, 0.124267, 0.518966, Iris-versicolor
5.70, 2.80, 4.10, 1.30, 0.012728, 0.026760, 0.960511, Iris-versicolor
6.30, 3.30, 6.00, 2.50, 0.019366, 0.859885, 0.120749, Iris-virginica
5.80, 2.70, 5.10, 1.90, 0.029332, 0.355139, 0.615530, Iris-virginica
7.10, 3.00, 5.90, 2.10, 0.006082, 0.955748, 0.038170, Iris-virginica
6.30, 2.90, 5.60, 1.80, 0.012533, 0.845550, 0.141917, Iris-virginica
6.50, 3.00, 5.80, 2.20, 0.004757, 0.957603, 0.037640, Iris-virginica
7.60, 3.00, 6.60, 2.10, 0.035481, 0.811823, 0.152696, Iris-virginica
4.90, 2.50, 4.50, 1.70, 0.073140, 0.167057, 0.759803, Iris-virginica
7.30, 2.90, 6.30, 1.80, 0.021916, 0.862922, 0.115162, Iris-virginica
6.70, 2.50, 5.80, 1.80, 0.014009, 0.868649, 0.117342, Iris-virginica
7.20, 3.60, 6.10, 2.50, 0.024422, 0.860965, 0.114613, Iris-virginica
6.50, 3.20, 5.10, 2.00, 0.016768, 0.773384, 0.209848, Iris-virginica
6.40, 2.70, 5.30, 1.90, 0.015768, 0.761141, 0.223090, Iris-virginica
6.80, 3.00, 5.50, 2.10, 0.001166, 0.988824, 0.010010, Iris-virginica
5.70, 2.50, 5.00, 2.00, 0.034415, 0.305697, 0.659888, Iris-virginica
5.80, 2.80, 5.10, 2.40, 0.038402, 0.500654, 0.460944, Iris-virginica
6.40, 3.20, 5.30, 2.30, 0.014065, 0.849893, 0.136041, Iris-virginica
6.50, 3.00, 5.50, 1.80, 0.007163, 0.913250, 0.079587, Iris-virginica
7.70, 3.80, 6.70, 2.20, 0.050593, 0.763565, 0.185842, Iris-virginica
7.70, 2.60, 6.90, 2.30, 0.049218, 0.757512, 0.193270, Iris-virginica
6.00, 2.20, 5.00, 1.50, 0.032253, 0.257107, 0.710640, Iris-virginica
6.90, 3.20, 5.70, 2.30, 0.003831, 0.970460, 0.025710, Iris-virginica
5.60, 2.80, 4.90, 2.00, 0.033679, 0.259408, 0.706913, Iris-virginica
7.70, 2.80, 6.70, 2.00, 0.042000, 0.783152, 0.174848, Iris-virginica
6.30, 2.70, 4.90, 1.80, 0.022825, 0.381452, 0.595723, Iris-virginica
6.70, 3.30, 5.70, 2.10, 0.002915, 0.975339, 0.021746, Iris-virginica
7.20, 3.20, 6.00, 1.80, 0.012917, 0.911894, 0.075189, Iris-virginica
6.20, 2.80, 4.80, 1.80, 0.020997, 0.271242, 0.707761, Iris-virginica
6.10, 3.00, 4.90, 1.80, 0.023106, 0.330005, 0.646889, Iris-virginica
6.40, 2.80, 5.60, 2.10, 0.008362, 0.908657, 0.082981, Iris-virginica
7.20, 3.00, 5.80, 1.60, 0.014457, 0.890776, 0.094766, Iris-virginica
7.40, 2.80, 6.10, 1.90, 0.019804, 0.872727, 0.107470, Iris-virginica
7.90, 3.80, 6.40, 2.00, 0.050908, 0.760073, 0.189019, Iris-virginica
6.40, 2.80, 5.60, 2.20, 0.008961, 0.906215, 0.084824, Iris-virginica
6.30, 2.80, 5.10, 1.50, 0.023413, 0.436403, 0.540184, Iris-virginica
6.10, 2.60, 5.60, 1.40, 0.031224, 0.576081, 0.392695, Iris-virginica
7.70, 3.00, 6.10, 2.30, 0.028679, 0.839524, 0.131797, Iris-virginica
6.30, 3.40, 5.60, 2.40, 0.017229, 0.854079, 0.128692, Iris-virginica
6.40, 3.10, 5.50, 1.80, 0.009786, 0.880174, 0.110040, Iris-virginica
6.00, 3.00, 4.80, 1.80, 0.021738, 0.228367, 0.749895, Iris-virginica
6.90, 3.10, 5.40, 2.10, 0.003490, 0.967554, 0.028956, Iris-virginica
6.70, 3.10, 5.60, 2.40, 0.005080, 0.957241, 0.037679, Iris-virginica
6.90, 3.10, 5.10, 2.30, 0.015407, 0.855122, 0.129471, Iris-virginica
5.80, 2.70, 5.10, 1.90, 0.029332, 0.355139, 0.615530, Iris-virginica
6.80, 3.20, 5.90, 2.30, 0.005254, 0.960999, 0.033748, Iris-virginica
6.70, 3.30, 5.70, 2.50, 0.009705, 0.927107, 0.063188, Iris-virginica
6.70, 3.00, 5.20, 2.30, 0.011266, 0.882373, 0.106361, Iris-virginica
6.30, 2.50, 5.00, 1.90, 0.025830, 0.466699, 0.507472, Iris-virginica
6.50, 3.00, 5.20, 2.00, 0.012117, 0.831500, 0.156383, Iris-virginica
6.20, 3.40, 5.40, 2.30, 0.021584, 0.789400, 0.189016, Iris-virginica
5.90, 3.00, 5.10, 1.80, 0.026940, 0.391312, 0.581748, Iris-virginica
