% Title: Title
%
% Centers:
% 	6.774986 3.052392 5.646749 2.053545 
% 	5.889090 2.761196 4.364095 1.397364 
% 	5.003561 3.403041 1.484993 0.251537 
%

@RELATION

@ATTRIBUTE Attribute0 	 REAL
@ATTRIBUTE Attribute1 	 REAL
@ATTRIBUTE Attribute2 	 REAL
@ATTRIBUTE Attribute3 	 REAL
@ATTRIBUTE MU 	 FUZZY {Zhluk0, Zhluk1, Zhluk2}
@ATTRIBUTE class 	 {Iris-setosa, Iris-versicolor, Iris-virginica}

@DATA
5.10, 3.50, 1.40, 0.20, 0.001163, 0.002501, 0.996336, Iris-setosa
4.90, 3.00, 1.40, 0.20, 0.007157, 0.015890, 0.976953, Iris-setosa
4.70, 3.20, 1.30, 0.20, 0.006261, 0.013429, 0.980309, Iris-setosa
4.60, 3.10, 1.50, 0.20, 0.009834, 0.021855, 0.968311, Iris-setosa
5.00, 3.60, 1.40, 0.20, 0.001942, 0.004131, 0.993927, Iris-setosa
5.40, 3.90, 1.70, 0.40, 0.021073, 0.045787, 0.933141, Iris-setosa
4.60, 3.40, 1.40, 0.30, 0.006506, 0.014006, 0.979487, Iris-setosa
5.00, 3.40, 1.50, 0.20, 0.000121, 0.000268, 0.999611, Iris-setosa
4.40, 2.90, 1.40, 0.20, 0.021534, 0.046910, 0.931555, Iris-setosa
4.90, 3.10, 1.50, 0.10, 0.005043, 0.011267, 0.983690, Iris-setosa
5.40, 3.70, 1.50, 0.20, 0.010466, 0.022320, 0.967214, Iris-setosa
4.80, 3.40, 1.60, 0.20, 0.002387, 0.005333, 0.992280, Iris-setosa
4.80, 3.00, 1.40, 0.10, 0.008832, 0.019422, 0.971746, Iris-setosa
4.30, 3.00, 1.10, 0.10, 0.025000, 0.051304, 0.923697, Iris-setosa
5.80, 4.00, 1.20, 0.20, 0.038098, 0.073505, 0.888396, Iris-setosa
5.70, 4.40, 1.50, 0.40, 0.055018, 0.105711, 0.839272, Iris-setosa
5.40, 3.90, 1.30, 0.40, 0.017961, 0.036523, 0.945516, Iris-setosa
5.10, 3.50, 1.40, 0.30, 0.001168, 0.002525, 0.996307, Iris-setosa
5.70, 3.80, 1.70, 0.30, 0.030649, 0.066290, 0.903061, Iris-setosa
5.10, 3.80, 1.50, 0.30, 0.007013, 0.014920, 0.978068, Iris-setosa
5.40, 3.40, 1.70, 0.20, 0.009495, 0.021751, 0.968754, Iris-setosa
5.10, 3.70, 1.50, 0.40, 0.005089, 0.011010, 0.983901, Iris-setosa
4.60, 3.60, 1.00, 0.20, 0.014011, 0.027860, 0.958129, Iris-setosa
5.10, 3.30, 1.70, 0.50, 0.006008, 0.014214, 0.979778, Iris-setosa
4.80, 3.40, 1.90, 0.20, 0.009736, 0.022998, 0.967267, Iris-setosa
5.00, 3.00, 1.60, 0.20, 0.007571, 0.017525, 0.974903, Iris-setosa
5.00, 3.40, 1.60, 0.40, 0.001569, 0.003571, 0.994861, Iris-setosa
5.20, 3.50, 1.50, 0.20, 0.002167, 0.004741, 0.993092, Iris-setosa
5.20, 3.40, 1.40, 0.20, 0.002001, 0.004339, 0.993660, Iris-setosa
4.70, 3.20, 1.60, 0.20, 0.006061, 0.013700, 0.980239, Iris-setosa
4.80, 3.10, 1.60, 0.20, 0.006163, 0.014087, 0.979751, Iris-setosa
5.40, 3.40, 1.50, 0.40, 0.007968, 0.017759, 0.974273, Iris-setosa
5.20, 4.10, 1.50, 0.10, 0.020863, 0.042212, 0.936926, Iris-setosa
5.50, 4.20, 1.40, 0.20, 0.032953, 0.064664, 0.902383, Iris-setosa
4.90, 3.10, 1.50, 0.10, 0.005043, 0.011267, 0.983690, Iris-setosa
5.00, 3.20, 1.20, 0.20, 0.004673, 0.009921, 0.985406, Iris-setosa
5.50, 3.50, 1.30, 0.20, 0.011681, 0.024494, 0.963826, Iris-setosa
4.90, 3.10, 1.50, 0.10, 0.005043, 0.011267, 0.983690, Iris-setosa
4.40, 3.00, 1.30, 0.20, 0.018952, 0.040479, 0.940569, Iris-setosa
5.10, 3.40, 1.50, 0.20, 0.000517, 0.001141, 0.998342, Iris-setosa
5.00, 3.50, 1.30, 0.30, 0.001806, 0.003833, 0.994361, Iris-setosa
4.50, 2.30, 1.30, 0.30, 0.046371, 0.100903, 0.852726, Iris-setosa
4.40, 3.20, 1.30, 0.20, 0.015063, 0.031866, 0.953071, Iris-setosa
5.00, 3.50, 1.60, 0.60, 0.006458, 0.014672, 0.978870, Iris-setosa
5.10, 3.80, 1.90, 0.40, 0.016935, 0.038892, 0.944174, Iris-setosa
4.80, 3.00, 1.40, 0.30, 0.008305, 0.018494, 0.973201, Iris-setosa
5.10, 3.80, 1.60, 0.20, 0.007695, 0.016550, 0.975755, Iris-setosa
4.60, 3.20, 1.40, 0.20, 0.007954, 0.017276, 0.974770, Iris-setosa
5.30, 3.70, 1.50, 0.20, 0.007523, 0.016081, 0.976396, Iris-setosa
5.00, 3.30, 1.40, 0.20, 0.000829, 0.001810, 0.997361, Iris-setosa
7.00, 3.20, 4.70, 1.40, 0.501138, 0.454261, 0.044600, Iris-versicolor
6.40, 3.20, 4.50, 1.50, 0.206779, 0.764044, 0.029177, Iris-versicolor
6.90, 3.10, 4.90, 1.50, 0.599965, 0.368748, 0.031287, Iris-versicolor
5.50, 2.30, 4.00, 1.30, 0.080468, 0.870001, 0.049531, Iris-versicolor
6.50, 2.80, 4.60, 1.50, 0.217129, 0.758737, 0.024134, Iris-versicolor
5.70, 2.80, 4.50, 1.30, 0.020471, 0.973777, 0.005752, Iris-versicolor
6.30, 3.30, 4.70, 1.60, 0.297181, 0.673014, 0.029806, Iris-versicolor
4.90, 2.40, 3.30, 1.00, 0.132120, 0.581535, 0.286345, Iris-versicolor
6.60, 2.90, 4.60, 1.30, 0.247712, 0.721023, 0.031265, Iris-versicolor
5.20, 2.70, 3.90, 1.40, 0.094714, 0.830315, 0.074971, Iris-versicolor
5.00, 2.00, 3.50, 1.00, 0.144914, 0.635686, 0.219400, Iris-versicolor
5.90, 3.00, 4.20, 1.50, 0.028734, 0.962069, 0.009197, Iris-versicolor
6.00, 2.20, 4.00, 1.00, 0.101130, 0.843040, 0.055830, Iris-versicolor
6.10, 2.90, 4.70, 1.40, 0.088211, 0.899665, 0.012124, Iris-versicolor
5.60, 2.90, 3.60, 1.30, 0.092186, 0.815943, 0.091871, Iris-versicolor
6.70, 3.10, 4.40, 1.40, 0.268369, 0.689881, 0.041750, Iris-versicolor
5.60, 3.00, 4.50, 1.50, 0.052682, 0.933145, 0.014173, Iris-versicolor
5.80, 2.70, 4.10, 1.00, 0.048385, 0.925645, 0.025969, Iris-versicolor
6.20, 2.20, 4.50, 1.50, 0.137441, 0.835348, 0.027211, Iris-versicolor
5.60, 2.50, 3.90, 1.10, 0.070789, 0.877466, 0.051744, Iris-versicolor
5.90, 3.20, 4.80, 1.80, 0.250734, 0.721635, 0.027631, Iris-versicolor
6.10, 2.80, 4.00, 1.30, 0.046236, 0.934230, 0.019535, Iris-versicolor
6.30, 2.50, 4.90, 1.50, 0.270591, 0.705400, 0.024008, Iris-versicolor
6.10, 2.80, 4.70, 1.20, 0.083308, 0.902740, 0.013951, Iris-versicolor
6.40, 2.90, 4.30, 1.30, 0.101160, 0.875908, 0.022933, Iris-versicolor
6.60, 3.00, 4.40, 1.40, 0.211243, 0.754787, 0.033971, Iris-versicolor
6.80, 2.80, 4.80, 1.40, 0.442709, 0.523648, 0.033643, Iris-versicolor
6.70, 3.00, 5.00, 1.70, 0.672497, 0.306302, 0.021200, Iris-versicolor
6.00, 2.90, 4.50, 1.50, 0.026165, 0.968896, 0.004938, Iris-versicolor
5.70, 2.60, 3.50, 1.00, 0.104630, 0.766582, 0.128788, Iris-versicolor
5.50, 2.40, 3.80, 1.10, 0.089895, 0.831998, 0.078107, Iris-versicolor
5.50, 2.40, 3.70, 1.00, 0.100730, 0.795072, 0.104198, Iris-versicolor
5.80, 2.70, 3.90, 1.20, 0.050323, 0.918602, 0.031075, Iris-versicolor
6.00, 2.70, 5.10, 1.60, 0.319724, 0.656275, 0.024001, Iris-versicolor
5.40, 3.00, 4.50, 1.50, 0.082466, 0.891112, 0.026422, Iris-versicolor
6.00, 3.40, 4.50, 1.60, 0.170679, 0.797172, 0.032150, Iris-versicolor
6.70, 3.10, 4.70, 1.50, 0.411104, 0.555420, 0.033476, Iris-versicolor
6.30, 2.30, 4.40, 1.30, 0.115485, 0.857585, 0.026930, Iris-versicolor
5.60, 3.00, 4.10, 1.30, 0.046998, 0.928863, 0.024139, Iris-versicolor
5.50, 2.50, 4.00, 1.30, 0.062405, 0.899285, 0.038310, Iris-versicolor
5.50, 2.60, 4.40, 1.20, 0.049251, 0.931061, 0.019688, Iris-versicolor
6.10, 3.00, 4.60, 1.40, 0.072691, 0.915685, 0.011624, Iris-versicolor
5.80, 2.60, 4.00, 1.20, 0.041809, 0.935600, 0.022591, Iris-versicolor
5.00, 2.30, 3.30, 1.00, 0.132558, 0.597343, 0.270100, Iris-versicolor
5.60, 2.70, 4.20, 1.30, 0.028464, 0.958816, 0.012720, Iris-versicolor
5.70, 3.00, 4.20, 1.20, 0.037683, 0.945502, 0.016815, Iris-versicolor
5.70, 2.90, 4.20, 1.30, 0.023024, 0.967377, 0.009599, Iris-versicolor
6.20, 2.90, 4.30, 1.30, 0.044706, 0.943875, 0.011419, Iris-versicolor
5.10, 2.50, 3.00, 1.10, 0.124264, 0.518976, 0.356760, Iris-versicolor
5.70, 2.80, 4.10, 1.30, 0.026756, 0.960518, 0.012726, Iris-versicolor
6.30, 3.30, 6.00, 2.50, 0.859886, 0.120748, 0.019366, Iris-virginica
5.80, 2.70, 5.10, 1.90, 0.355142, 0.615525, 0.029332, Iris-virginica
7.10, 3.00, 5.90, 2.10, 0.955752, 0.038166, 0.006081, Iris-virginica
6.30, 2.90, 5.60, 1.80, 0.845550, 0.141917, 0.012533, Iris-virginica
6.50, 3.00, 5.80, 2.20, 0.957603, 0.037640, 0.004757, Iris-virginica
7.60, 3.00, 6.60, 2.10, 0.811829, 0.152690, 0.035481, Iris-virginica
4.90, 2.50, 4.50, 1.70, 0.167051, 0.759810, 0.073138, Iris-virginica
7.30, 2.90, 6.30, 1.80, 0.862928, 0.115156, 0.021915, Iris-virginica
6.70, 2.50, 5.80, 1.80, 0.868652, 0.117339, 0.014009, Iris-virginica
7.20, 3.60, 6.10, 2.50, 0.860969, 0.114609, 0.024421, Iris-virginica
6.50, 3.20, 5.10, 2.00, 0.773386, 0.209846, 0.016768, Iris-virginica
6.40, 2.70, 5.30, 1.90, 0.761143, 0.223088, 0.015769, Iris-virginica
6.80, 3.00, 5.50, 2.10, 0.988823, 0.010010, 0.001166, Iris-virginica
5.70, 2.50, 5.00, 2.00, 0.305698, 0.659886, 0.034416, Iris-virginica
5.80, 2.80, 5.10, 2.40, 0.500654, 0.460943, 0.038403, Iris-virginica
6.40, 3.20, 5.30, 2.30, 0.849892, 0.136042, 0.014066, Iris-virginica
6.50, 3.00, 5.50, 1.80, 0.913249, 0.079587, 0.007163, Iris-virginica
7.70, 3.80, 6.70, 2.20, 0.763570, 0.185837, 0.050593, Iris-virginica
7.70, 2.60, 6.90, 2.30, 0.757517, 0.193266, 0.049217, Iris-virginica
6.00, 2.20, 5.00, 1.50, 0.257110, 0.710636, 0.032253, Iris-virginica
6.90, 3.20, 5.70, 2.30, 0.970461, 0.025708, 0.003830, Iris-virginica
5.60, 2.80, 4.90, 2.00, 0.259408, 0.706912, 0.033680, Iris-virginica
7.70, 2.80, 6.70, 2.00, 0.783158, 0.174843, 0.042000, Iris-virginica
6.30, 2.70, 4.90, 1.80, 0.381463, 0.595712, 0.022826, Iris-virginica
6.70, 3.30, 5.70, 2.10, 0.975340, 0.021745, 0.002915, Iris-virginica
7.20, 3.20, 6.00, 1.80, 0.911900, 0.075184, 0.012916, Iris-virginica
6.20, 2.80, 4.80, 1.80, 0.271253, 0.707748, 0.020999, Iris-virginica
6.10, 3.00, 4.90, 1.80, 0.330015, 0.646877, 0.023107, Iris-virginica
6.40, 2.80, 5.60, 2.10, 0.908655, 0.082982, 0.008363, Iris-virginica
7.20, 3.00, 5.80, 1.60, 0.890782, 0.094761, 0.014457, Iris-virginica
7.40, 2.80, 6.10, 1.90, 0.872732, 0.107464, 0.019803, Iris-virginica
7.90, 3.80, 6.40, 2.00, 0.760079, 0.189014, 0.050907, Iris-virginica
6.40, 2.80, 5.60, 2.20, 0.906213, 0.084825, 0.008962, Iris-virginica
6.30, 2.80, 5.10, 1.50, 0.436414, 0.540172, 0.023414, Iris-virginica
6.10, 2.60, 5.60, 1.40, 0.576086, 0.392690, 0.031224, Iris-virginica
7.70, 3.00, 6.10, 2.30, 0.839530, 0.131792, 0.028678, Iris-virginica
6.30, 3.40, 5.60, 2.40, 0.854078, 0.128692, 0.017229, Iris-virginica
6.40, 3.10, 5.50, 1.80, 0.880174, 0.110040, 0.009787, Iris-virginica
6.00, 3.00, 4.80, 1.80, 0.228376, 0.749884, 0.021740, Iris-virginica
6.90, 3.10, 5.40, 2.10, 0.967555, 0.028955, 0.003490, Iris-virginica
6.70, 3.10, 5.60, 2.40, 0.957241, 0.037679, 0.005080, Iris-virginica
6.90, 3.10, 5.10, 2.30, 0.855124, 0.129469, 0.015407, Iris-virginica
5.80, 2.70, 5.10, 1.90, 0.355142, 0.615525, 0.029332, Iris-virginica
6.80, 3.20, 5.90, 2.30, 0.961000, 0.033746, 0.005253, Iris-virginica
6.70, 3.30, 5.70, 2.50, 0.927108, 0.063187, 0.009705, Iris-virginica
6.70, 3.00, 5.20, 2.30, 0.882373, 0.106361, 0.011266, Iris-virginica
6.30, 2.50, 5.00, 1.90, 0.466705, 0.507464, 0.025831, Iris-virginica
6.50, 3.00, 5.20, 2.00, 0.831500, 0.156382, 0.012118, Iris-virginica
6.20, 3.40, 5.40, 2.30, 0.789400, 0.189016, 0.021584, Iris-virginica
5.90, 3.00, 5.10, 1.80, 0.391317, 0.581741, 0.026941, Iris-virginica
