% Title: Title
%
% Centers++:
% 	5.892253 2.766607 4.374201 1.404531 
% 	6.778828 3.047709 5.648534 2.048101 
% 	5.005074 3.404151 1.485946 0.252025 
%

@RELATION

@ATTRIBUTE Attribute0 	 REAL
@ATTRIBUTE Attribute1 	 REAL
@ATTRIBUTE Attribute2 	 REAL
@ATTRIBUTE Attribute3 	 REAL
@ATTRIBUTE MU 	 FUZZY {Zhluk0, Zhluk1, Zhluk2}
@ATTRIBUTE class 	 {Iris-setosa, Iris-versicolor, Iris-virginica}

@DATA
5.10, 3.50, 1.40, 0.20, 0.002082, 0.000987, 0.996930, Iris-setosa
4.90, 3.00, 1.40, 0.20, 0.016932, 0.007802, 0.975266, Iris-setosa
4.70, 3.20, 1.30, 0.20, 0.014539, 0.006913, 0.978548, Iris-setosa
4.60, 3.10, 1.50, 0.20, 0.023249, 0.010685, 0.966066, Iris-setosa
5.00, 3.60, 1.40, 0.20, 0.003730, 0.001785, 0.994485, Iris-setosa
5.40, 3.90, 1.70, 0.40, 0.042593, 0.019917, 0.937490, Iris-setosa
4.60, 3.40, 1.40, 0.30, 0.014873, 0.007032, 0.978095, Iris-setosa
5.00, 3.40, 1.50, 0.20, 0.000333, 0.000154, 0.999513, Iris-setosa
4.40, 2.90, 1.40, 0.20, 0.048525, 0.022749, 0.928726, Iris-setosa
4.90, 3.10, 1.50, 0.10, 0.012170, 0.005574, 0.982256, Iris-setosa
5.40, 3.70, 1.50, 0.20, 0.020229, 0.009662, 0.970109, Iris-setosa
4.80, 3.40, 1.60, 0.20, 0.005816, 0.002655, 0.991529, Iris-setosa
4.80, 3.00, 1.40, 0.10, 0.020626, 0.009595, 0.969779, Iris-setosa
4.30, 3.00, 1.10, 0.10, 0.052689, 0.026161, 0.921150, Iris-setosa
5.80, 4.00, 1.20, 0.20, 0.070216, 0.036940, 0.892844, Iris-setosa
5.70, 4.40, 1.50, 0.40, 0.101678, 0.053463, 0.844859, Iris-setosa
5.40, 3.90, 1.30, 0.40, 0.034162, 0.017047, 0.948791, Iris-setosa
5.10, 3.50, 1.40, 0.30, 0.002060, 0.000971, 0.996969, Iris-setosa
5.70, 3.80, 1.70, 0.30, 0.062306, 0.029344, 0.908350, Iris-setosa
5.10, 3.80, 1.50, 0.30, 0.013509, 0.006452, 0.980039, Iris-setosa
5.40, 3.40, 1.70, 0.20, 0.019996, 0.008933, 0.971070, Iris-setosa
5.10, 3.70, 1.50, 0.40, 0.009802, 0.004606, 0.985591, Iris-setosa
4.60, 3.60, 1.00, 0.20, 0.028202, 0.014397, 0.957401, Iris-setosa
5.10, 3.30, 1.70, 0.50, 0.013692, 0.005913, 0.980394, Iris-setosa
4.80, 3.40, 1.90, 0.20, 0.022997, 0.009946, 0.967057, Iris-setosa
5.00, 3.00, 1.60, 0.20, 0.018241, 0.008078, 0.973681, Iris-setosa
5.00, 3.40, 1.60, 0.40, 0.003422, 0.001533, 0.995045, Iris-setosa
5.20, 3.50, 1.50, 0.20, 0.003901, 0.001819, 0.994280, Iris-setosa
5.20, 3.40, 1.40, 0.20, 0.003850, 0.001812, 0.994338, Iris-setosa
4.70, 3.20, 1.60, 0.20, 0.014796, 0.006687, 0.978517, Iris-setosa
4.80, 3.10, 1.60, 0.20, 0.015168, 0.006789, 0.978043, Iris-setosa
5.40, 3.40, 1.50, 0.40, 0.016240, 0.007440, 0.976319, Iris-setosa
5.20, 4.10, 1.50, 0.10, 0.039905, 0.020004, 0.940091, Iris-setosa
5.50, 4.20, 1.40, 0.20, 0.061509, 0.031756, 0.906734, Iris-setosa
4.90, 3.10, 1.50, 0.10, 0.012170, 0.005574, 0.982256, Iris-setosa
5.00, 3.20, 1.20, 0.20, 0.010428, 0.005014, 0.984558, Iris-setosa
5.50, 3.50, 1.30, 0.20, 0.022803, 0.011092, 0.966105, Iris-setosa
4.90, 3.10, 1.50, 0.10, 0.012170, 0.005574, 0.982256, Iris-setosa
4.40, 3.00, 1.30, 0.20, 0.042016, 0.020065, 0.937919, Iris-setosa
5.10, 3.40, 1.50, 0.20, 0.000903, 0.000417, 0.998680, Iris-setosa
5.00, 3.50, 1.30, 0.30, 0.003700, 0.001775, 0.994525, Iris-setosa
4.50, 2.30, 1.30, 0.30, 0.101938, 0.048004, 0.850058, Iris-setosa
4.40, 3.20, 1.30, 0.20, 0.033213, 0.015991, 0.950796, Iris-setosa
5.00, 3.50, 1.60, 0.60, 0.013990, 0.006267, 0.979743, Iris-setosa
5.10, 3.80, 1.90, 0.40, 0.036538, 0.016180, 0.947282, Iris-setosa
4.80, 3.00, 1.40, 0.30, 0.019715, 0.009051, 0.971234, Iris-setosa
5.10, 3.80, 1.60, 0.20, 0.015048, 0.007116, 0.977836, Iris-setosa
4.60, 3.20, 1.40, 0.20, 0.018531, 0.008702, 0.972767, Iris-setosa
5.30, 3.70, 1.50, 0.20, 0.014348, 0.006835, 0.978817, Iris-setosa
5.00, 3.30, 1.40, 0.20, 0.002157, 0.001008, 0.996834, Iris-setosa
7.00, 3.20, 4.70, 1.40, 0.453147, 0.502979, 0.043873, Iris-versicolor
6.40, 3.20, 4.50, 1.50, 0.772494, 0.199495, 0.028011, Iris-versicolor
6.90, 3.10, 4.90, 1.50, 0.366286, 0.603396, 0.030319, Iris-versicolor
5.50, 2.30, 4.00, 1.30, 0.858697, 0.088096, 0.053208, Iris-versicolor
6.50, 2.80, 4.60, 1.50, 0.758547, 0.218033, 0.023420, Iris-versicolor
5.70, 2.80, 4.50, 1.30, 0.974675, 0.019850, 0.005475, Iris-versicolor
6.30, 3.30, 4.70, 1.60, 0.690372, 0.281277, 0.028351, Iris-versicolor
4.90, 2.40, 3.30, 1.00, 0.572189, 0.136341, 0.291470, Iris-versicolor
6.60, 2.90, 4.60, 1.30, 0.716680, 0.252551, 0.030769, Iris-versicolor
5.20, 2.70, 3.90, 1.40, 0.824179, 0.098488, 0.077333, Iris-versicolor
5.00, 2.00, 3.50, 1.00, 0.624982, 0.150855, 0.224163, Iris-versicolor
5.90, 3.00, 4.20, 1.50, 0.963475, 0.027702, 0.008823, Iris-versicolor
6.00, 2.20, 4.00, 1.00, 0.826348, 0.112969, 0.060683, Iris-versicolor
6.10, 2.90, 4.70, 1.40, 0.908580, 0.080627, 0.010793, Iris-versicolor
5.60, 2.90, 3.60, 1.30, 0.806225, 0.097240, 0.096535, Iris-versicolor
6.70, 3.10, 4.40, 1.40, 0.688979, 0.269665, 0.041356, Iris-versicolor
5.60, 3.00, 4.50, 1.50, 0.940959, 0.046585, 0.012456, Iris-versicolor
5.80, 2.70, 4.10, 1.00, 0.913588, 0.056600, 0.029812, Iris-versicolor
6.20, 2.20, 4.50, 1.50, 0.825687, 0.146457, 0.027857, Iris-versicolor
5.60, 2.50, 3.90, 1.10, 0.864062, 0.079099, 0.056838, Iris-versicolor
5.90, 3.20, 4.80, 1.80, 0.745892, 0.228622, 0.025486, Iris-versicolor
6.10, 2.80, 4.00, 1.30, 0.924866, 0.053024, 0.022109, Iris-versicolor
6.30, 2.50, 4.90, 1.50, 0.700745, 0.276203, 0.023052, Iris-versicolor
6.10, 2.80, 4.70, 1.20, 0.903135, 0.083379, 0.013485, Iris-versicolor
6.40, 2.90, 4.30, 1.30, 0.871020, 0.105532, 0.023448, Iris-versicolor
6.60, 3.00, 4.40, 1.40, 0.753096, 0.213245, 0.033659, Iris-versicolor
6.80, 2.80, 4.80, 1.40, 0.514052, 0.453402, 0.032546, Iris-versicolor
6.70, 3.00, 5.00, 1.70, 0.305799, 0.673893, 0.020308, Iris-versicolor
6.00, 2.90, 4.50, 1.50, 0.976561, 0.019764, 0.003674, Iris-versicolor
5.70, 2.60, 3.50, 1.00, 0.751431, 0.112144, 0.136426, Iris-versicolor
5.50, 2.40, 3.80, 1.10, 0.818305, 0.097987, 0.083708, Iris-versicolor
5.50, 2.40, 3.70, 1.00, 0.780509, 0.108804, 0.110688, Iris-versicolor
5.80, 2.70, 3.90, 1.20, 0.906737, 0.057951, 0.035312, Iris-versicolor
6.00, 2.70, 5.10, 1.60, 0.664016, 0.313475, 0.022509, Iris-versicolor
5.40, 3.00, 4.50, 1.50, 0.897532, 0.077691, 0.024777, Iris-versicolor
6.00, 3.40, 4.50, 1.60, 0.812346, 0.157621, 0.030034, Iris-versicolor
6.70, 3.10, 4.70, 1.50, 0.558065, 0.409336, 0.032599, Iris-versicolor
6.30, 2.30, 4.40, 1.30, 0.844985, 0.126621, 0.028395, Iris-versicolor
5.60, 3.00, 4.10, 1.30, 0.925470, 0.049341, 0.025188, Iris-versicolor
5.50, 2.50, 4.00, 1.30, 0.889320, 0.068984, 0.041696, Iris-versicolor
5.50, 2.60, 4.40, 1.20, 0.925660, 0.053418, 0.020922, Iris-versicolor
6.10, 3.00, 4.60, 1.40, 0.924400, 0.065337, 0.010263, Iris-versicolor
5.80, 2.60, 4.00, 1.20, 0.923618, 0.049884, 0.026498, Iris-versicolor
5.00, 2.30, 3.30, 1.00, 0.587037, 0.137304, 0.275659, Iris-versicolor
5.60, 2.70, 4.20, 1.30, 0.952913, 0.032693, 0.014394, Iris-versicolor
5.70, 3.00, 4.20, 1.20, 0.941848, 0.040328, 0.017824, Iris-versicolor
5.70, 2.90, 4.20, 1.30, 0.963969, 0.025509, 0.010523, Iris-versicolor
6.20, 2.90, 4.30, 1.30, 0.940466, 0.047593, 0.011941, Iris-versicolor
5.10, 2.50, 3.00, 1.10, 0.509626, 0.127668, 0.362705, Iris-versicolor
5.70, 2.80, 4.10, 1.30, 0.954033, 0.031270, 0.014698, Iris-versicolor
6.30, 3.30, 6.00, 2.50, 0.136976, 0.841814, 0.021210, Iris-virginica
5.80, 2.70, 5.10, 1.90, 0.629652, 0.342553, 0.027795, Iris-virginica
7.10, 3.00, 5.90, 2.10, 0.038749, 0.955226, 0.006025, Iris-virginica
6.30, 2.90, 5.60, 1.80, 0.137223, 0.851201, 0.011576, Iris-virginica
6.50, 3.00, 5.80, 2.20, 0.043453, 0.951255, 0.005292, Iris-virginica
7.60, 3.00, 6.60, 2.10, 0.154092, 0.810650, 0.035258, Iris-virginica
4.90, 2.50, 4.50, 1.70, 0.760879, 0.166787, 0.072334, Iris-virginica
7.30, 2.90, 6.30, 1.80, 0.111716, 0.867395, 0.020888, Iris-virginica
6.70, 2.50, 5.80, 1.80, 0.101223, 0.886994, 0.011783, Iris-virginica
7.20, 3.60, 6.10, 2.50, 0.127235, 0.846272, 0.026493, Iris-virginica
6.50, 3.20, 5.10, 2.00, 0.228325, 0.754398, 0.017277, Iris-virginica
6.40, 2.70, 5.30, 1.90, 0.216203, 0.769228, 0.014569, Iris-virginica
6.80, 3.00, 5.50, 2.10, 0.011968, 0.986685, 0.001347, Iris-virginica
5.70, 2.50, 5.00, 2.00, 0.669830, 0.297284, 0.032886, Iris-virginica
5.80, 2.80, 5.10, 2.40, 0.479914, 0.482326, 0.037759, Iris-virginica
6.40, 3.20, 5.30, 2.30, 0.158445, 0.825957, 0.015599, Iris-virginica
6.50, 3.00, 5.50, 1.80, 0.074314, 0.919285, 0.006401, Iris-virginica
7.70, 3.80, 6.70, 2.20, 0.192707, 0.755642, 0.051652, Iris-virginica
7.70, 2.60, 6.90, 2.30, 0.193701, 0.757612, 0.048687, Iris-virginica
6.00, 2.20, 5.00, 1.50, 0.704031, 0.264547, 0.031422, Iris-virginica
6.90, 3.20, 5.70, 2.30, 0.036269, 0.958491, 0.005240, Iris-virginica
5.60, 2.80, 4.90, 2.00, 0.723790, 0.244485, 0.031725, Iris-virginica
7.70, 2.80, 6.70, 2.00, 0.174286, 0.784405, 0.041310, Iris-virginica
6.30, 2.70, 4.90, 1.80, 0.602988, 0.375425, 0.021587, Iris-virginica
6.70, 3.30, 5.70, 2.10, 0.032455, 0.963347, 0.004198, Iris-virginica
7.20, 3.20, 6.00, 1.80, 0.074923, 0.912482, 0.012595, Iris-virginica
6.20, 2.80, 4.80, 1.80, 0.722831, 0.257658, 0.019511, Iris-virginica
6.10, 3.00, 4.90, 1.80, 0.669199, 0.309270, 0.021531, Iris-virginica
6.40, 2.80, 5.60, 2.10, 0.082272, 0.909775, 0.007953, Iris-virginica
7.20, 3.00, 5.80, 1.60, 0.086906, 0.900094, 0.013000, Iris-virginica
7.40, 2.80, 6.10, 1.90, 0.103269, 0.878022, 0.018709, Iris-virginica
7.90, 3.80, 6.40, 2.00, 0.194953, 0.753271, 0.051776, Iris-virginica
6.40, 2.80, 5.60, 2.20, 0.087524, 0.903601, 0.008876, Iris-virginica
6.30, 2.80, 5.10, 1.50, 0.539168, 0.438781, 0.022052, Iris-virginica
6.10, 2.60, 5.60, 1.40, 0.382292, 0.588343, 0.029365, Iris-virginica
7.70, 3.00, 6.10, 2.30, 0.134754, 0.836388, 0.028858, Iris-virginica
6.30, 3.40, 5.60, 2.40, 0.151493, 0.829072, 0.019435, Iris-virginica
6.40, 3.10, 5.50, 1.80, 0.111556, 0.878989, 0.009455, Iris-virginica
6.00, 3.00, 4.80, 1.80, 0.772530, 0.207741, 0.019729, Iris-virginica
6.90, 3.10, 5.40, 2.10, 0.034744, 0.961205, 0.004051, Iris-virginica
6.70, 3.10, 5.60, 2.40, 0.050643, 0.942766, 0.006591, Iris-virginica
6.90, 3.10, 5.10, 2.30, 0.143618, 0.839856, 0.016526, Iris-virginica
5.80, 2.70, 5.10, 1.90, 0.629652, 0.342553, 0.027795, Iris-virginica
6.80, 3.20, 5.90, 2.30, 0.043452, 0.949988, 0.006560, Iris-virginica
6.70, 3.30, 5.70, 2.50, 0.080427, 0.907630, 0.011943, Iris-virginica
6.70, 3.00, 5.20, 2.30, 0.119527, 0.868304, 0.012169, Iris-virginica
6.30, 2.50, 5.00, 1.90, 0.507212, 0.468192, 0.024596, Iris-virginica
6.50, 3.00, 5.20, 2.00, 0.164282, 0.823632, 0.012086, Iris-virginica
6.20, 3.40, 5.40, 2.30, 0.215130, 0.761502, 0.023368, Iris-virginica
5.90, 3.00, 5.10, 1.80, 0.602608, 0.371914, 0.025478, Iris-virginica
