% Title: Title
%
% Centers:
% 	5.889124 2.761208 4.364138 1.397385 
% 	6.775008 3.052400 5.646781 2.053560 
% 	5.003561 3.403039 1.484996 0.251538 
%

@RELATION

@ATTRIBUTE Attribute0 	 REAL
@ATTRIBUTE Attribute1 	 REAL
@ATTRIBUTE Attribute2 	 REAL
@ATTRIBUTE Attribute3 	 REAL
@ATTRIBUTE MU 	 FUZZY {Zhluk0, Zhluk1, Zhluk2}
@ATTRIBUTE class 	 {Iris-setosa, Iris-versicolor, Iris-virginica}

@DATA
5.10, 3.50, 1.40, 0.20, 0.002501, 0.001163, 0.996336, Iris-setosa
4.90, 3.00, 1.40, 0.20, 0.015889, 0.007157, 0.976954, Iris-setosa
4.70, 3.20, 1.30, 0.20, 0.013429, 0.006261, 0.980310, Iris-setosa
4.60, 3.10, 1.50, 0.20, 0.021853, 0.009834, 0.968313, Iris-setosa
5.00, 3.60, 1.40, 0.20, 0.004131, 0.001942, 0.993927, Iris-setosa
5.40, 3.90, 1.70, 0.40, 0.045784, 0.021072, 0.933143, Iris-setosa
4.60, 3.40, 1.40, 0.30, 0.014006, 0.006506, 0.979488, Iris-setosa
5.00, 3.40, 1.50, 0.20, 0.000268, 0.000121, 0.999611, Iris-setosa
4.40, 2.90, 1.40, 0.20, 0.046908, 0.021534, 0.931559, Iris-setosa
4.90, 3.10, 1.50, 0.10, 0.011266, 0.005043, 0.983691, Iris-setosa
5.40, 3.70, 1.50, 0.20, 0.022319, 0.010466, 0.967215, Iris-setosa
4.80, 3.40, 1.60, 0.20, 0.005332, 0.002387, 0.992281, Iris-setosa
4.80, 3.00, 1.40, 0.10, 0.019420, 0.008832, 0.971748, Iris-setosa
4.30, 3.00, 1.10, 0.10, 0.051301, 0.024999, 0.923699, Iris-setosa
5.80, 4.00, 1.20, 0.20, 0.073503, 0.038098, 0.888399, Iris-setosa
5.70, 4.40, 1.50, 0.40, 0.105707, 0.055017, 0.839275, Iris-setosa
5.40, 3.90, 1.30, 0.40, 0.036521, 0.017961, 0.945518, Iris-setosa
5.10, 3.50, 1.40, 0.30, 0.002525, 0.001168, 0.996307, Iris-setosa
5.70, 3.80, 1.70, 0.30, 0.066287, 0.030649, 0.903065, Iris-setosa
5.10, 3.80, 1.50, 0.30, 0.014919, 0.007012, 0.978068, Iris-setosa
5.40, 3.40, 1.70, 0.20, 0.021749, 0.009495, 0.968756, Iris-setosa
5.10, 3.70, 1.50, 0.40, 0.011010, 0.005089, 0.983901, Iris-setosa
4.60, 3.60, 1.00, 0.20, 0.027860, 0.014011, 0.958130, Iris-setosa
5.10, 3.30, 1.70, 0.50, 0.014213, 0.006007, 0.979780, Iris-setosa
4.80, 3.40, 1.90, 0.20, 0.022996, 0.009735, 0.967269, Iris-setosa
5.00, 3.00, 1.60, 0.20, 0.017524, 0.007571, 0.974905, Iris-setosa
5.00, 3.40, 1.60, 0.40, 0.003570, 0.001569, 0.994861, Iris-setosa
5.20, 3.50, 1.50, 0.20, 0.004740, 0.002167, 0.993092, Iris-setosa
5.20, 3.40, 1.40, 0.20, 0.004339, 0.002001, 0.993660, Iris-setosa
4.70, 3.20, 1.60, 0.20, 0.013699, 0.006061, 0.980240, Iris-setosa
4.80, 3.10, 1.60, 0.20, 0.014085, 0.006162, 0.979752, Iris-setosa
5.40, 3.40, 1.50, 0.40, 0.017758, 0.007968, 0.974274, Iris-setosa
5.20, 4.10, 1.50, 0.10, 0.042210, 0.020863, 0.936927, Iris-setosa
5.50, 4.20, 1.40, 0.20, 0.064662, 0.032953, 0.902386, Iris-setosa
4.90, 3.10, 1.50, 0.10, 0.011266, 0.005043, 0.983691, Iris-setosa
5.00, 3.20, 1.20, 0.20, 0.009920, 0.004673, 0.985406, Iris-setosa
5.50, 3.50, 1.30, 0.20, 0.024493, 0.011680, 0.963827, Iris-setosa
4.90, 3.10, 1.50, 0.10, 0.011266, 0.005043, 0.983691, Iris-setosa
4.40, 3.00, 1.30, 0.20, 0.040477, 0.018951, 0.940572, Iris-setosa
5.10, 3.40, 1.50, 0.20, 0.001141, 0.000517, 0.998342, Iris-setosa
5.00, 3.50, 1.30, 0.30, 0.003833, 0.001806, 0.994361, Iris-setosa
4.50, 2.30, 1.30, 0.30, 0.100897, 0.046371, 0.852732, Iris-setosa
4.40, 3.20, 1.30, 0.20, 0.031864, 0.015063, 0.953073, Iris-setosa
5.00, 3.50, 1.60, 0.60, 0.014671, 0.006457, 0.978872, Iris-setosa
5.10, 3.80, 1.90, 0.40, 0.038889, 0.016934, 0.944177, Iris-setosa
4.80, 3.00, 1.40, 0.30, 0.018493, 0.008305, 0.973202, Iris-setosa
5.10, 3.80, 1.60, 0.20, 0.016549, 0.007695, 0.975756, Iris-setosa
4.60, 3.20, 1.40, 0.20, 0.017275, 0.007954, 0.974772, Iris-setosa
5.30, 3.70, 1.50, 0.20, 0.016081, 0.007523, 0.976396, Iris-setosa
5.00, 3.30, 1.40, 0.20, 0.001810, 0.000829, 0.997361, Iris-setosa
7.00, 3.20, 4.70, 1.40, 0.454311, 0.501090, 0.044599, Iris-versicolor
6.40, 3.20, 4.50, 1.50, 0.764098, 0.206730, 0.029172, Iris-versicolor
6.90, 3.10, 4.90, 1.50, 0.368805, 0.599908, 0.031287, Iris-versicolor
5.50, 2.30, 4.00, 1.30, 0.869973, 0.080484, 0.049543, Iris-versicolor
6.50, 2.80, 4.60, 1.50, 0.758801, 0.217069, 0.024130, Iris-versicolor
5.70, 2.80, 4.50, 1.30, 0.973775, 0.020472, 0.005753, Iris-versicolor
6.30, 3.30, 4.70, 1.60, 0.673081, 0.297117, 0.029802, Iris-versicolor
4.90, 2.40, 3.30, 1.00, 0.581502, 0.132128, 0.286371, Iris-versicolor
6.60, 2.90, 4.60, 1.30, 0.721079, 0.247660, 0.031261, Iris-versicolor
5.20, 2.70, 3.90, 1.40, 0.830285, 0.094729, 0.074986, Iris-versicolor
5.00, 2.00, 3.50, 1.00, 0.635656, 0.144922, 0.219421, Iris-versicolor
5.90, 3.00, 4.20, 1.50, 0.962069, 0.028734, 0.009197, Iris-versicolor
6.00, 2.20, 4.00, 1.00, 0.843022, 0.101139, 0.055838, Iris-versicolor
6.10, 2.90, 4.70, 1.40, 0.899715, 0.088167, 0.012119, Iris-versicolor
5.60, 2.90, 3.60, 1.30, 0.815912, 0.092200, 0.091889, Iris-versicolor
6.70, 3.10, 4.40, 1.40, 0.689928, 0.268326, 0.041746, Iris-versicolor
5.60, 3.00, 4.50, 1.50, 0.933149, 0.052678, 0.014173, Iris-versicolor
5.80, 2.70, 4.10, 1.00, 0.925623, 0.048399, 0.025978, Iris-versicolor
6.20, 2.20, 4.50, 1.50, 0.835368, 0.137423, 0.027209, Iris-versicolor
5.60, 2.50, 3.90, 1.10, 0.877435, 0.070806, 0.051759, Iris-versicolor
5.90, 3.20, 4.80, 1.80, 0.721691, 0.250682, 0.027627, Iris-versicolor
6.10, 2.80, 4.00, 1.30, 0.934221, 0.046241, 0.019538, Iris-versicolor
6.30, 2.50, 4.90, 1.50, 0.705465, 0.270530, 0.024005, Iris-versicolor
6.10, 2.80, 4.70, 1.20, 0.902775, 0.083278, 0.013947, Iris-versicolor
6.40, 2.90, 4.30, 1.30, 0.875933, 0.101138, 0.022929, Iris-versicolor
6.60, 3.00, 4.40, 1.40, 0.754832, 0.211201, 0.033966, Iris-versicolor
6.80, 2.80, 4.80, 1.40, 0.523712, 0.442647, 0.033641, Iris-versicolor
6.70, 3.00, 5.00, 1.70, 0.306369, 0.672430, 0.021201, Iris-versicolor
6.00, 2.90, 4.50, 1.50, 0.968922, 0.026143, 0.004934, Iris-versicolor
5.70, 2.60, 3.50, 1.00, 0.766549, 0.104642, 0.128809, Iris-versicolor
5.50, 2.40, 3.80, 1.10, 0.831965, 0.089911, 0.078124, Iris-versicolor
5.50, 2.40, 3.70, 1.00, 0.795038, 0.100744, 0.104217, Iris-versicolor
5.80, 2.70, 3.90, 1.20, 0.918576, 0.050338, 0.031086, Iris-versicolor
6.00, 2.70, 5.10, 1.60, 0.656344, 0.319658, 0.023998, Iris-versicolor
5.40, 3.00, 4.50, 1.50, 0.891108, 0.082468, 0.026424, Iris-versicolor
6.00, 3.40, 4.50, 1.60, 0.797207, 0.170648, 0.032146, Iris-versicolor
6.70, 3.10, 4.70, 1.50, 0.555488, 0.411039, 0.033473, Iris-versicolor
6.30, 2.30, 4.40, 1.30, 0.857600, 0.115472, 0.026929, Iris-versicolor
5.60, 3.00, 4.10, 1.30, 0.928843, 0.047010, 0.024147, Iris-versicolor
5.50, 2.50, 4.00, 1.30, 0.899256, 0.062422, 0.038322, Iris-versicolor
5.50, 2.60, 4.40, 1.20, 0.931044, 0.049263, 0.019694, Iris-versicolor
6.10, 3.00, 4.60, 1.40, 0.915726, 0.072655, 0.011619, Iris-versicolor
5.80, 2.60, 4.00, 1.20, 0.935575, 0.041824, 0.022600, Iris-versicolor
5.00, 2.30, 3.30, 1.00, 0.597310, 0.132565, 0.270125, Iris-versicolor
5.60, 2.70, 4.20, 1.30, 0.958794, 0.028479, 0.012727, Iris-versicolor
5.70, 3.00, 4.20, 1.20, 0.945487, 0.037693, 0.016820, Iris-versicolor
5.70, 2.90, 4.20, 1.30, 0.967361, 0.023035, 0.009604, Iris-versicolor
6.20, 2.90, 4.30, 1.30, 0.943890, 0.044694, 0.011416, Iris-versicolor
5.10, 2.50, 3.00, 1.10, 0.518944, 0.124269, 0.356787, Iris-versicolor
5.70, 2.80, 4.10, 1.30, 0.960496, 0.026770, 0.012733, Iris-versicolor
6.30, 3.30, 6.00, 2.50, 0.120752, 0.859883, 0.019365, Iris-virginica
5.80, 2.70, 5.10, 1.90, 0.615579, 0.355090, 0.029330, Iris-virginica
7.10, 3.00, 5.90, 2.10, 0.038163, 0.955756, 0.006080, Iris-virginica
6.30, 2.90, 5.60, 1.80, 0.141948, 0.845517, 0.012534, Iris-virginica
6.50, 3.00, 5.80, 2.20, 0.037642, 0.957601, 0.004757, Iris-virginica
7.60, 3.00, 6.60, 2.10, 0.152692, 0.811830, 0.035479, Iris-virginica
4.90, 2.50, 4.50, 1.70, 0.759799, 0.167057, 0.073144, Iris-virginica
7.30, 2.90, 6.30, 1.80, 0.115158, 0.862928, 0.021914, Iris-virginica
6.70, 2.50, 5.80, 1.80, 0.117354, 0.868637, 0.014009, Iris-virginica
7.20, 3.60, 6.10, 2.50, 0.114609, 0.860972, 0.024419, Iris-virginica
6.50, 3.20, 5.10, 2.00, 0.209896, 0.773335, 0.016769, Iris-virginica
6.40, 2.70, 5.30, 1.90, 0.223141, 0.761089, 0.015770, Iris-virginica
6.80, 3.00, 5.50, 2.10, 0.010015, 0.988818, 0.001167, Iris-virginica
5.70, 2.50, 5.00, 2.00, 0.659924, 0.305662, 0.034414, Iris-virginica
5.80, 2.80, 5.10, 2.40, 0.460982, 0.500616, 0.038402, Iris-virginica
6.40, 3.20, 5.30, 2.30, 0.136067, 0.849866, 0.014067, Iris-virginica
6.50, 3.00, 5.50, 1.80, 0.079614, 0.913221, 0.007165, Iris-virginica
7.70, 3.80, 6.70, 2.20, 0.185839, 0.763570, 0.050590, Iris-virginica
7.70, 2.60, 6.90, 2.30, 0.193268, 0.757517, 0.049215, Iris-virginica
6.00, 2.20, 5.00, 1.50, 0.710673, 0.257076, 0.032251, Iris-virginica
6.90, 3.20, 5.70, 2.30, 0.025705, 0.970465, 0.003830, Iris-virginica
5.60, 2.80, 4.90, 2.00, 0.706947, 0.259375, 0.033677, Iris-virginica
7.70, 2.80, 6.70, 2.00, 0.174845, 0.783157, 0.041997, Iris-virginica
6.30, 2.70, 4.90, 1.80, 0.595795, 0.381381, 0.022823, Iris-virginica
6.70, 3.30, 5.70, 2.10, 0.021746, 0.975340, 0.002915, Iris-virginica
7.20, 3.20, 6.00, 1.80, 0.075185, 0.911900, 0.012915, Iris-virginica
6.20, 2.80, 4.80, 1.80, 0.707828, 0.271177, 0.020995, Iris-virginica
6.10, 3.00, 4.90, 1.80, 0.646958, 0.329938, 0.023104, Iris-virginica
6.40, 2.80, 5.60, 2.10, 0.083000, 0.908636, 0.008364, Iris-virginica
7.20, 3.00, 5.80, 1.60, 0.094769, 0.890775, 0.014457, Iris-virginica
7.40, 2.80, 6.10, 1.90, 0.107466, 0.872732, 0.019802, Iris-virginica
7.90, 3.80, 6.40, 2.00, 0.189017, 0.760078, 0.050905, Iris-virginica
6.40, 2.80, 5.60, 2.20, 0.084841, 0.906197, 0.008962, Iris-virginica
6.30, 2.80, 5.10, 1.50, 0.540256, 0.436332, 0.023412, Iris-virginica
6.10, 2.60, 5.60, 1.40, 0.392736, 0.576041, 0.031224, Iris-virginica
7.70, 3.00, 6.10, 2.30, 0.131793, 0.839531, 0.028676, Iris-virginica
6.30, 3.40, 5.60, 2.40, 0.128705, 0.854066, 0.017229, Iris-virginica
6.40, 3.10, 5.50, 1.80, 0.110070, 0.880142, 0.009788, Iris-virginica
6.00, 3.00, 4.80, 1.80, 0.749951, 0.228313, 0.021735, Iris-virginica
6.90, 3.10, 5.40, 2.10, 0.028962, 0.967547, 0.003491, Iris-virginica
6.70, 3.10, 5.60, 2.40, 0.037680, 0.957240, 0.005079, Iris-virginica
6.90, 3.10, 5.10, 2.30, 0.129491, 0.855102, 0.015407, Iris-virginica
5.80, 2.70, 5.10, 1.90, 0.615579, 0.355090, 0.029330, Iris-virginica
6.80, 3.20, 5.90, 2.30, 0.033742, 0.961006, 0.005252, Iris-virginica
6.70, 3.30, 5.70, 2.50, 0.063188, 0.927108, 0.009704, Iris-virginica
6.70, 3.00, 5.20, 2.30, 0.106383, 0.882349, 0.011267, Iris-virginica
6.30, 2.50, 5.00, 1.90, 0.507533, 0.466637, 0.025829, Iris-virginica
6.50, 3.00, 5.20, 2.00, 0.156427, 0.831453, 0.012119, Iris-virginica
6.20, 3.40, 5.40, 2.30, 0.189041, 0.789374, 0.021585, Iris-virginica
5.90, 3.00, 5.10, 1.80, 0.581808, 0.391252, 0.026939, Iris-virginica
