% Title: Title
%
% Centers:
% 	6.775025 3.052404 5.646797 2.053563 
% 	5.003561 3.403039 1.484995 0.251538 
% 	5.889122 2.761207 4.364141 1.397388 
%

@RELATION

@ATTRIBUTE Attribute0 	 REAL
@ATTRIBUTE Attribute1 	 REAL
@ATTRIBUTE Attribute2 	 REAL
@ATTRIBUTE Attribute3 	 REAL
@ATTRIBUTE MU 	 FUZZY {Zhluk0, Zhluk1, Zhluk2}
@ATTRIBUTE class 	 {Iris-setosa, Iris-versicolor, Iris-virginica}

@DATA
5.10, 3.50, 1.40, 0.20, 0.001163, 0.996336, 0.002501, Iris-setosa
4.90, 3.00, 1.40, 0.20, 0.007156, 0.976954, 0.015889, Iris-setosa
4.70, 3.20, 1.30, 0.20, 0.006261, 0.980310, 0.013429, Iris-setosa
4.60, 3.10, 1.50, 0.20, 0.009834, 0.968313, 0.021853, Iris-setosa
5.00, 3.60, 1.40, 0.20, 0.001942, 0.993927, 0.004131, Iris-setosa
5.40, 3.90, 1.70, 0.40, 0.021072, 0.933144, 0.045785, Iris-setosa
4.60, 3.40, 1.40, 0.30, 0.006506, 0.979488, 0.014006, Iris-setosa
5.00, 3.40, 1.50, 0.20, 0.000121, 0.999611, 0.000268, Iris-setosa
4.40, 2.90, 1.40, 0.20, 0.021533, 0.931559, 0.046908, Iris-setosa
4.90, 3.10, 1.50, 0.10, 0.005043, 0.983691, 0.011267, Iris-setosa
5.40, 3.70, 1.50, 0.20, 0.010466, 0.967215, 0.022319, Iris-setosa
4.80, 3.40, 1.60, 0.20, 0.002387, 0.992281, 0.005332, Iris-setosa
4.80, 3.00, 1.40, 0.10, 0.008832, 0.971748, 0.019421, Iris-setosa
4.30, 3.00, 1.10, 0.10, 0.024999, 0.923699, 0.051302, Iris-setosa
5.80, 4.00, 1.20, 0.20, 0.038097, 0.888400, 0.073503, Iris-setosa
5.70, 4.40, 1.50, 0.40, 0.055016, 0.839276, 0.105707, Iris-setosa
5.40, 3.90, 1.30, 0.40, 0.017960, 0.945518, 0.036521, Iris-setosa
5.10, 3.50, 1.40, 0.30, 0.001168, 0.996307, 0.002524, Iris-setosa
5.70, 3.80, 1.70, 0.30, 0.030648, 0.903065, 0.066287, Iris-setosa
5.10, 3.80, 1.50, 0.30, 0.007012, 0.978069, 0.014919, Iris-setosa
5.40, 3.40, 1.70, 0.20, 0.009495, 0.968756, 0.021749, Iris-setosa
5.10, 3.70, 1.50, 0.40, 0.005089, 0.983902, 0.011010, Iris-setosa
4.60, 3.60, 1.00, 0.20, 0.014010, 0.958130, 0.027859, Iris-setosa
5.10, 3.30, 1.70, 0.50, 0.006007, 0.979780, 0.014213, Iris-setosa
4.80, 3.40, 1.90, 0.20, 0.009735, 0.967269, 0.022996, Iris-setosa
5.00, 3.00, 1.60, 0.20, 0.007571, 0.974905, 0.017524, Iris-setosa
5.00, 3.40, 1.60, 0.40, 0.001569, 0.994861, 0.003570, Iris-setosa
5.20, 3.50, 1.50, 0.20, 0.002167, 0.993093, 0.004740, Iris-setosa
5.20, 3.40, 1.40, 0.20, 0.002001, 0.993660, 0.004339, Iris-setosa
4.70, 3.20, 1.60, 0.20, 0.006061, 0.980240, 0.013699, Iris-setosa
4.80, 3.10, 1.60, 0.20, 0.006162, 0.979752, 0.014086, Iris-setosa
5.40, 3.40, 1.50, 0.40, 0.007968, 0.974274, 0.017758, Iris-setosa
5.20, 4.10, 1.50, 0.10, 0.020862, 0.936928, 0.042210, Iris-setosa
5.50, 4.20, 1.40, 0.20, 0.032952, 0.902386, 0.064662, Iris-setosa
4.90, 3.10, 1.50, 0.10, 0.005043, 0.983691, 0.011267, Iris-setosa
5.00, 3.20, 1.20, 0.20, 0.004673, 0.985406, 0.009920, Iris-setosa
5.50, 3.50, 1.30, 0.20, 0.011680, 0.963827, 0.024493, Iris-setosa
4.90, 3.10, 1.50, 0.10, 0.005043, 0.983691, 0.011267, Iris-setosa
4.40, 3.00, 1.30, 0.20, 0.018951, 0.940572, 0.040477, Iris-setosa
5.10, 3.40, 1.50, 0.20, 0.000517, 0.998342, 0.001141, Iris-setosa
5.00, 3.50, 1.30, 0.30, 0.001806, 0.994361, 0.003833, Iris-setosa
4.50, 2.30, 1.30, 0.30, 0.046370, 0.852732, 0.100898, Iris-setosa
4.40, 3.20, 1.30, 0.20, 0.015063, 0.953073, 0.031864, Iris-setosa
5.00, 3.50, 1.60, 0.60, 0.006457, 0.978872, 0.014671, Iris-setosa
5.10, 3.80, 1.90, 0.40, 0.016934, 0.944177, 0.038889, Iris-setosa
4.80, 3.00, 1.40, 0.30, 0.008305, 0.973202, 0.018493, Iris-setosa
5.10, 3.80, 1.60, 0.20, 0.007695, 0.975756, 0.016549, Iris-setosa
4.60, 3.20, 1.40, 0.20, 0.007954, 0.974772, 0.017275, Iris-setosa
5.30, 3.70, 1.50, 0.20, 0.007523, 0.976397, 0.016081, Iris-setosa
5.00, 3.30, 1.40, 0.20, 0.000829, 0.997361, 0.001810, Iris-setosa
7.00, 3.20, 4.70, 1.40, 0.501086, 0.044601, 0.454313, Iris-versicolor
6.40, 3.20, 4.50, 1.50, 0.206726, 0.029173, 0.764100, Iris-versicolor
6.90, 3.10, 4.90, 1.50, 0.599900, 0.031288, 0.368812, Iris-versicolor
5.50, 2.30, 4.00, 1.30, 0.080477, 0.049541, 0.869981, Iris-versicolor
6.50, 2.80, 4.60, 1.50, 0.217065, 0.024131, 0.758804, Iris-versicolor
5.70, 2.80, 4.50, 1.30, 0.020470, 0.005753, 0.973777, Iris-versicolor
6.30, 3.30, 4.70, 1.60, 0.297108, 0.029803, 0.673089, Iris-versicolor
4.90, 2.40, 3.30, 1.00, 0.132122, 0.286368, 0.581509, Iris-versicolor
6.60, 2.90, 4.60, 1.30, 0.247657, 0.031263, 0.721081, Iris-versicolor
5.20, 2.70, 3.90, 1.40, 0.094722, 0.074984, 0.830294, Iris-versicolor
5.00, 2.00, 3.50, 1.00, 0.144917, 0.219419, 0.635664, Iris-versicolor
5.90, 3.00, 4.20, 1.50, 0.028733, 0.009197, 0.962070, Iris-versicolor
6.00, 2.20, 4.00, 1.00, 0.101135, 0.055838, 0.843027, Iris-versicolor
6.10, 2.90, 4.70, 1.40, 0.088166, 0.012120, 0.899715, Iris-versicolor
5.60, 2.90, 3.60, 1.30, 0.092195, 0.091887, 0.815918, Iris-versicolor
6.70, 3.10, 4.40, 1.40, 0.268323, 0.041748, 0.689930, Iris-versicolor
5.60, 3.00, 4.50, 1.50, 0.052674, 0.014173, 0.933154, Iris-versicolor
5.80, 2.70, 4.10, 1.00, 0.048396, 0.025977, 0.925627, Iris-versicolor
6.20, 2.20, 4.50, 1.50, 0.137417, 0.027209, 0.835373, Iris-versicolor
5.60, 2.50, 3.90, 1.10, 0.070801, 0.051757, 0.877442, Iris-versicolor
5.90, 3.20, 4.80, 1.80, 0.250668, 0.027628, 0.721703, Iris-versicolor
6.10, 2.80, 4.00, 1.30, 0.046240, 0.019538, 0.934222, Iris-versicolor
6.30, 2.50, 4.90, 1.50, 0.270519, 0.024006, 0.705475, Iris-versicolor
6.10, 2.80, 4.70, 1.20, 0.083277, 0.013948, 0.902775, Iris-versicolor
6.40, 2.90, 4.30, 1.30, 0.101138, 0.022930, 0.875932, Iris-versicolor
6.60, 3.00, 4.40, 1.40, 0.211199, 0.033968, 0.754833, Iris-versicolor
6.80, 2.80, 4.80, 1.40, 0.442639, 0.033642, 0.523719, Iris-versicolor
6.70, 3.00, 5.00, 1.70, 0.672411, 0.021203, 0.306386, Iris-versicolor
6.00, 2.90, 4.50, 1.50, 0.026144, 0.004935, 0.968921, Iris-versicolor
5.70, 2.60, 3.50, 1.00, 0.104637, 0.128808, 0.766555, Iris-versicolor
5.50, 2.40, 3.80, 1.10, 0.089905, 0.078122, 0.831973, Iris-versicolor
5.50, 2.40, 3.70, 1.00, 0.100739, 0.104215, 0.795046, Iris-versicolor
5.80, 2.70, 3.90, 1.20, 0.050334, 0.031085, 0.918581, Iris-versicolor
6.00, 2.70, 5.10, 1.60, 0.319640, 0.023999, 0.656360, Iris-versicolor
5.40, 3.00, 4.50, 1.50, 0.082461, 0.026423, 0.891116, Iris-versicolor
6.00, 3.40, 4.50, 1.60, 0.170641, 0.032147, 0.797212, Iris-versicolor
6.70, 3.10, 4.70, 1.50, 0.411030, 0.033475, 0.555495, Iris-versicolor
6.30, 2.30, 4.40, 1.30, 0.115468, 0.026929, 0.857603, Iris-versicolor
5.60, 3.00, 4.10, 1.30, 0.047006, 0.024146, 0.928848, Iris-versicolor
5.50, 2.50, 4.00, 1.30, 0.062417, 0.038320, 0.899263, Iris-versicolor
5.50, 2.60, 4.40, 1.20, 0.049258, 0.019693, 0.931050, Iris-versicolor
6.10, 3.00, 4.60, 1.40, 0.072655, 0.011620, 0.915725, Iris-versicolor
5.80, 2.60, 4.00, 1.20, 0.041821, 0.022600, 0.935580, Iris-versicolor
5.00, 2.30, 3.30, 1.00, 0.132560, 0.270123, 0.597317, Iris-versicolor
5.60, 2.70, 4.20, 1.30, 0.028475, 0.012726, 0.958799, Iris-versicolor
5.70, 3.00, 4.20, 1.20, 0.037690, 0.016820, 0.945490, Iris-versicolor
5.70, 2.90, 4.20, 1.30, 0.023032, 0.009604, 0.967364, Iris-versicolor
6.20, 2.90, 4.30, 1.30, 0.044695, 0.011417, 0.943888, Iris-versicolor
5.10, 2.50, 3.00, 1.10, 0.124264, 0.356785, 0.518950, Iris-versicolor
5.70, 2.80, 4.10, 1.30, 0.026767, 0.012733, 0.960500, Iris-versicolor
6.30, 3.30, 6.00, 2.50, 0.859883, 0.019365, 0.120752, Iris-virginica
5.80, 2.70, 5.10, 1.90, 0.355070, 0.029331, 0.615599, Iris-virginica
7.10, 3.00, 5.90, 2.10, 0.955768, 0.006079, 0.038153, Iris-virginica
6.30, 2.90, 5.60, 1.80, 0.845499, 0.012536, 0.141965, Iris-virginica
6.50, 3.00, 5.80, 2.20, 0.957597, 0.004757, 0.037645, Iris-virginica
7.60, 3.00, 6.60, 2.10, 0.811844, 0.035476, 0.152680, Iris-virginica
4.90, 2.50, 4.50, 1.70, 0.167047, 0.073142, 0.759811, Iris-virginica
7.30, 2.90, 6.30, 1.80, 0.862942, 0.021912, 0.115146, Iris-virginica
6.70, 2.50, 5.80, 1.80, 0.868636, 0.014009, 0.117355, Iris-virginica
7.20, 3.60, 6.10, 2.50, 0.860984, 0.024417, 0.114598, Iris-virginica
6.50, 3.20, 5.10, 2.00, 0.773311, 0.016771, 0.209918, Iris-virginica
6.40, 2.70, 5.30, 1.90, 0.761063, 0.015772, 0.223165, Iris-virginica
6.80, 3.00, 5.50, 2.10, 0.988815, 0.001167, 0.010018, Iris-virginica
5.70, 2.50, 5.00, 2.00, 0.305644, 0.034415, 0.659941, Iris-virginica
5.80, 2.80, 5.10, 2.40, 0.500595, 0.038404, 0.461002, Iris-virginica
6.40, 3.20, 5.30, 2.30, 0.849848, 0.014068, 0.136083, Iris-virginica
6.50, 3.00, 5.50, 1.80, 0.913204, 0.007166, 0.079630, Iris-virginica
7.70, 3.80, 6.70, 2.20, 0.763584, 0.050588, 0.185829, Iris-virginica
7.70, 2.60, 6.90, 2.30, 0.757529, 0.049213, 0.193258, Iris-virginica
6.00, 2.20, 5.00, 1.50, 0.257064, 0.032252, 0.710684, Iris-virginica
6.90, 3.20, 5.70, 2.30, 0.970471, 0.003829, 0.025700, Iris-virginica
5.60, 2.80, 4.90, 2.00, 0.259359, 0.033678, 0.706963, Iris-virginica
7.70, 2.80, 6.70, 2.00, 0.783171, 0.041995, 0.174834, Iris-virginica
6.30, 2.70, 4.90, 1.80, 0.381362, 0.022825, 0.595814, Iris-virginica
6.70, 3.30, 5.70, 2.10, 0.975341, 0.002914, 0.021745, Iris-virginica
7.20, 3.20, 6.00, 1.80, 0.911914, 0.012913, 0.075173, Iris-virginica
6.20, 2.80, 4.80, 1.80, 0.271163, 0.020996, 0.707842, Iris-virginica
6.10, 3.00, 4.90, 1.80, 0.329919, 0.023105, 0.646976, Iris-virginica
6.40, 2.80, 5.60, 2.10, 0.908622, 0.008365, 0.083013, Iris-virginica
7.20, 3.00, 5.80, 1.60, 0.890786, 0.014455, 0.094759, Iris-virginica
7.40, 2.80, 6.10, 1.90, 0.872746, 0.019800, 0.107454, Iris-virginica
7.90, 3.80, 6.40, 2.00, 0.760092, 0.050902, 0.189006, Iris-virginica
6.40, 2.80, 5.60, 2.20, 0.906184, 0.008964, 0.084853, Iris-virginica
6.30, 2.80, 5.10, 1.50, 0.436314, 0.023414, 0.540273, Iris-virginica
6.10, 2.60, 5.60, 1.40, 0.576026, 0.031225, 0.392749, Iris-virginica
7.70, 3.00, 6.10, 2.30, 0.839545, 0.028674, 0.131781, Iris-virginica
6.30, 3.40, 5.60, 2.40, 0.854059, 0.017230, 0.128711, Iris-virginica
6.40, 3.10, 5.50, 1.80, 0.880123, 0.009789, 0.110088, Iris-virginica
6.00, 3.00, 4.80, 1.80, 0.228300, 0.021736, 0.749964, Iris-virginica
6.90, 3.10, 5.40, 2.10, 0.967545, 0.003491, 0.028964, Iris-virginica
6.70, 3.10, 5.60, 2.40, 0.957239, 0.005080, 0.037681, Iris-virginica
6.90, 3.10, 5.10, 2.30, 0.855095, 0.015408, 0.129497, Iris-virginica
5.80, 2.70, 5.10, 1.90, 0.355070, 0.029331, 0.615599, Iris-virginica
6.80, 3.20, 5.90, 2.30, 0.961013, 0.005251, 0.033736, Iris-virginica
6.70, 3.30, 5.70, 2.50, 0.927111, 0.009704, 0.063186, Iris-virginica
6.70, 3.00, 5.20, 2.30, 0.882336, 0.011269, 0.106395, Iris-virginica
6.30, 2.50, 5.00, 1.90, 0.466615, 0.025831, 0.507554, Iris-virginica
6.50, 3.00, 5.20, 2.00, 0.831427, 0.012121, 0.156452, Iris-virginica
6.20, 3.40, 5.40, 2.30, 0.789359, 0.021586, 0.189055, Iris-virginica
5.90, 3.00, 5.10, 1.80, 0.391230, 0.026940, 0.581829, Iris-virginica
