% Title: Title
%
% Centers:
% 	6.775023 3.052403 5.646795 2.053562 
% 	5.003561 3.403039 1.484995 0.251538 
% 	5.889121 2.761206 4.364139 1.397387 
%

@RELATION

@ATTRIBUTE Attribute0 	 REAL
@ATTRIBUTE Attribute1 	 REAL
@ATTRIBUTE Attribute2 	 REAL
@ATTRIBUTE Attribute3 	 REAL
@ATTRIBUTE MU 	 FUZZY {Zhluk0, Zhluk1, Zhluk2}
@ATTRIBUTE class 	 {Iris-setosa, Iris-versicolor, Iris-virginica}

@DATA
5.10, 3.50, 1.40, 0.20, 0.001163, 0.996336, 0.002501, Iris-setosa
4.90, 3.00, 1.40, 0.20, 0.007156, 0.976954, 0.015889, Iris-setosa
4.70, 3.20, 1.30, 0.20, 0.006261, 0.980310, 0.013429, Iris-setosa
4.60, 3.10, 1.50, 0.20, 0.009834, 0.968313, 0.021853, Iris-setosa
5.00, 3.60, 1.40, 0.20, 0.001942, 0.993927, 0.004131, Iris-setosa
5.40, 3.90, 1.70, 0.40, 0.021072, 0.933144, 0.045785, Iris-setosa
4.60, 3.40, 1.40, 0.30, 0.006506, 0.979488, 0.014006, Iris-setosa
5.00, 3.40, 1.50, 0.20, 0.000121, 0.999611, 0.000268, Iris-setosa
4.40, 2.90, 1.40, 0.20, 0.021533, 0.931558, 0.046908, Iris-setosa
4.90, 3.10, 1.50, 0.10, 0.005043, 0.983691, 0.011267, Iris-setosa
5.40, 3.70, 1.50, 0.20, 0.010466, 0.967215, 0.022319, Iris-setosa
4.80, 3.40, 1.60, 0.20, 0.002387, 0.992281, 0.005332, Iris-setosa
4.80, 3.00, 1.40, 0.10, 0.008832, 0.971748, 0.019421, Iris-setosa
4.30, 3.00, 1.10, 0.10, 0.024999, 0.923699, 0.051302, Iris-setosa
5.80, 4.00, 1.20, 0.20, 0.038098, 0.888399, 0.073503, Iris-setosa
5.70, 4.40, 1.50, 0.40, 0.055016, 0.839276, 0.105708, Iris-setosa
5.40, 3.90, 1.30, 0.40, 0.017960, 0.945518, 0.036521, Iris-setosa
5.10, 3.50, 1.40, 0.30, 0.001168, 0.996307, 0.002524, Iris-setosa
5.70, 3.80, 1.70, 0.30, 0.030648, 0.903065, 0.066287, Iris-setosa
5.10, 3.80, 1.50, 0.30, 0.007012, 0.978069, 0.014919, Iris-setosa
5.40, 3.40, 1.70, 0.20, 0.009495, 0.968756, 0.021749, Iris-setosa
5.10, 3.70, 1.50, 0.40, 0.005089, 0.983902, 0.011010, Iris-setosa
4.60, 3.60, 1.00, 0.20, 0.014010, 0.958130, 0.027860, Iris-setosa
5.10, 3.30, 1.70, 0.50, 0.006007, 0.979780, 0.014213, Iris-setosa
4.80, 3.40, 1.90, 0.20, 0.009735, 0.967269, 0.022996, Iris-setosa
5.00, 3.00, 1.60, 0.20, 0.007571, 0.974905, 0.017524, Iris-setosa
5.00, 3.40, 1.60, 0.40, 0.001569, 0.994861, 0.003570, Iris-setosa
5.20, 3.50, 1.50, 0.20, 0.002167, 0.993093, 0.004740, Iris-setosa
5.20, 3.40, 1.40, 0.20, 0.002001, 0.993660, 0.004339, Iris-setosa
4.70, 3.20, 1.60, 0.20, 0.006061, 0.980240, 0.013699, Iris-setosa
4.80, 3.10, 1.60, 0.20, 0.006162, 0.979752, 0.014086, Iris-setosa
5.40, 3.40, 1.50, 0.40, 0.007968, 0.974274, 0.017758, Iris-setosa
5.20, 4.10, 1.50, 0.10, 0.020862, 0.936928, 0.042210, Iris-setosa
5.50, 4.20, 1.40, 0.20, 0.032952, 0.902386, 0.064662, Iris-setosa
4.90, 3.10, 1.50, 0.10, 0.005043, 0.983691, 0.011267, Iris-setosa
5.00, 3.20, 1.20, 0.20, 0.004673, 0.985406, 0.009920, Iris-setosa
5.50, 3.50, 1.30, 0.20, 0.011680, 0.963827, 0.024493, Iris-setosa
4.90, 3.10, 1.50, 0.10, 0.005043, 0.983691, 0.011267, Iris-setosa
4.40, 3.00, 1.30, 0.20, 0.018951, 0.940572, 0.040477, Iris-setosa
5.10, 3.40, 1.50, 0.20, 0.000517, 0.998342, 0.001141, Iris-setosa
5.00, 3.50, 1.30, 0.30, 0.001806, 0.994361, 0.003833, Iris-setosa
4.50, 2.30, 1.30, 0.30, 0.046370, 0.852732, 0.100898, Iris-setosa
4.40, 3.20, 1.30, 0.20, 0.015063, 0.953073, 0.031864, Iris-setosa
5.00, 3.50, 1.60, 0.60, 0.006457, 0.978871, 0.014671, Iris-setosa
5.10, 3.80, 1.90, 0.40, 0.016934, 0.944177, 0.038890, Iris-setosa
4.80, 3.00, 1.40, 0.30, 0.008305, 0.973202, 0.018493, Iris-setosa
5.10, 3.80, 1.60, 0.20, 0.007695, 0.975756, 0.016549, Iris-setosa
4.60, 3.20, 1.40, 0.20, 0.007954, 0.974772, 0.017275, Iris-setosa
5.30, 3.70, 1.50, 0.20, 0.007523, 0.976397, 0.016081, Iris-setosa
5.00, 3.30, 1.40, 0.20, 0.000829, 0.997361, 0.001810, Iris-setosa
7.00, 3.20, 4.70, 1.40, 0.501088, 0.044601, 0.454311, Iris-versicolor
6.40, 3.20, 4.50, 1.50, 0.206729, 0.029174, 0.764098, Iris-versicolor
6.90, 3.10, 4.90, 1.50, 0.599903, 0.031288, 0.368809, Iris-versicolor
5.50, 2.30, 4.00, 1.30, 0.080477, 0.049541, 0.869982, Iris-versicolor
6.50, 2.80, 4.60, 1.50, 0.217067, 0.024131, 0.758801, Iris-versicolor
5.70, 2.80, 4.50, 1.30, 0.020470, 0.005753, 0.973777, Iris-versicolor
6.30, 3.30, 4.70, 1.60, 0.297111, 0.029803, 0.673086, Iris-versicolor
4.90, 2.40, 3.30, 1.00, 0.132122, 0.286367, 0.581510, Iris-versicolor
6.60, 2.90, 4.60, 1.30, 0.247659, 0.031263, 0.721078, Iris-versicolor
5.20, 2.70, 3.90, 1.40, 0.094721, 0.074983, 0.830295, Iris-versicolor
5.00, 2.00, 3.50, 1.00, 0.144916, 0.219419, 0.635665, Iris-versicolor
5.90, 3.00, 4.20, 1.50, 0.028733, 0.009197, 0.962070, Iris-versicolor
6.00, 2.20, 4.00, 1.00, 0.101135, 0.055838, 0.843028, Iris-versicolor
6.10, 2.90, 4.70, 1.40, 0.088168, 0.012120, 0.899713, Iris-versicolor
5.60, 2.90, 3.60, 1.30, 0.092194, 0.091886, 0.815919, Iris-versicolor
6.70, 3.10, 4.40, 1.40, 0.268325, 0.041748, 0.689928, Iris-versicolor
5.60, 3.00, 4.50, 1.50, 0.052674, 0.014173, 0.933153, Iris-versicolor
5.80, 2.70, 4.10, 1.00, 0.048395, 0.025977, 0.925628, Iris-versicolor
6.20, 2.20, 4.50, 1.50, 0.137418, 0.027209, 0.835372, Iris-versicolor
5.60, 2.50, 3.90, 1.10, 0.070800, 0.051757, 0.877443, Iris-versicolor
5.90, 3.20, 4.80, 1.80, 0.250671, 0.027628, 0.721700, Iris-versicolor
6.10, 2.80, 4.00, 1.30, 0.046240, 0.019538, 0.934222, Iris-versicolor
6.30, 2.50, 4.90, 1.50, 0.270522, 0.024006, 0.705472, Iris-versicolor
6.10, 2.80, 4.70, 1.20, 0.083279, 0.013948, 0.902773, Iris-versicolor
6.40, 2.90, 4.30, 1.30, 0.101139, 0.022930, 0.875931, Iris-versicolor
6.60, 3.00, 4.40, 1.40, 0.211201, 0.033968, 0.754831, Iris-versicolor
6.80, 2.80, 4.80, 1.40, 0.442642, 0.033642, 0.523716, Iris-versicolor
6.70, 3.00, 5.00, 1.70, 0.672415, 0.021203, 0.306382, Iris-versicolor
6.00, 2.90, 4.50, 1.50, 0.026145, 0.004935, 0.968920, Iris-versicolor
5.70, 2.60, 3.50, 1.00, 0.104637, 0.128807, 0.766556, Iris-versicolor
5.50, 2.40, 3.80, 1.10, 0.089905, 0.078122, 0.831974, Iris-versicolor
5.50, 2.40, 3.70, 1.00, 0.100739, 0.104215, 0.795047, Iris-versicolor
5.80, 2.70, 3.90, 1.20, 0.050334, 0.031084, 0.918582, Iris-versicolor
6.00, 2.70, 5.10, 1.60, 0.319644, 0.023999, 0.656357, Iris-versicolor
5.40, 3.00, 4.50, 1.50, 0.082461, 0.026423, 0.891116, Iris-versicolor
6.00, 3.40, 4.50, 1.60, 0.170643, 0.032147, 0.797210, Iris-versicolor
6.70, 3.10, 4.70, 1.50, 0.411034, 0.033475, 0.555492, Iris-versicolor
6.30, 2.30, 4.40, 1.30, 0.115469, 0.026929, 0.857602, Iris-versicolor
5.60, 3.00, 4.10, 1.30, 0.047006, 0.024146, 0.928848, Iris-versicolor
5.50, 2.50, 4.00, 1.30, 0.062416, 0.038320, 0.899264, Iris-versicolor
5.50, 2.60, 4.40, 1.20, 0.049257, 0.019692, 0.931050, Iris-versicolor
6.10, 3.00, 4.60, 1.40, 0.072656, 0.011620, 0.915723, Iris-versicolor
5.80, 2.60, 4.00, 1.20, 0.041820, 0.022599, 0.935580, Iris-versicolor
5.00, 2.30, 3.30, 1.00, 0.132560, 0.270122, 0.597318, Iris-versicolor
5.60, 2.70, 4.20, 1.30, 0.028474, 0.012726, 0.958800, Iris-versicolor
5.70, 3.00, 4.20, 1.20, 0.037690, 0.016819, 0.945490, Iris-versicolor
5.70, 2.90, 4.20, 1.30, 0.023032, 0.009603, 0.967365, Iris-versicolor
6.20, 2.90, 4.30, 1.30, 0.044696, 0.011417, 0.943887, Iris-versicolor
5.10, 2.50, 3.00, 1.10, 0.124264, 0.356784, 0.518951, Iris-versicolor
5.70, 2.80, 4.10, 1.30, 0.026767, 0.012732, 0.960501, Iris-versicolor
6.30, 3.30, 6.00, 2.50, 0.859883, 0.019365, 0.120752, Iris-virginica
5.80, 2.70, 5.10, 1.90, 0.355073, 0.029331, 0.615596, Iris-virginica
7.10, 3.00, 5.90, 2.10, 0.955767, 0.006079, 0.038154, Iris-virginica
6.30, 2.90, 5.60, 1.80, 0.845501, 0.012536, 0.141963, Iris-virginica
6.50, 3.00, 5.80, 2.20, 0.957598, 0.004757, 0.037645, Iris-virginica
7.60, 3.00, 6.60, 2.10, 0.811844, 0.035476, 0.152680, Iris-virginica
4.90, 2.50, 4.50, 1.70, 0.167047, 0.073142, 0.759811, Iris-virginica
7.30, 2.90, 6.30, 1.80, 0.862941, 0.021912, 0.115147, Iris-virginica
6.70, 2.50, 5.80, 1.80, 0.868636, 0.014009, 0.117354, Iris-virginica
7.20, 3.60, 6.10, 2.50, 0.860984, 0.024417, 0.114599, Iris-virginica
6.50, 3.20, 5.10, 2.00, 0.773314, 0.016771, 0.209915, Iris-virginica
6.40, 2.70, 5.30, 1.90, 0.761066, 0.015772, 0.223162, Iris-virginica
6.80, 3.00, 5.50, 2.10, 0.988815, 0.001167, 0.010018, Iris-virginica
5.70, 2.50, 5.00, 2.00, 0.305646, 0.034415, 0.659939, Iris-virginica
5.80, 2.80, 5.10, 2.40, 0.500597, 0.038404, 0.460999, Iris-virginica
6.40, 3.20, 5.30, 2.30, 0.849850, 0.014068, 0.136082, Iris-virginica
6.50, 3.00, 5.50, 1.80, 0.913206, 0.007166, 0.079628, Iris-virginica
7.70, 3.80, 6.70, 2.20, 0.763583, 0.050588, 0.185829, Iris-virginica
7.70, 2.60, 6.90, 2.30, 0.757529, 0.049213, 0.193258, Iris-virginica
6.00, 2.20, 5.00, 1.50, 0.257066, 0.032252, 0.710682, Iris-virginica
6.90, 3.20, 5.70, 2.30, 0.970471, 0.003829, 0.025700, Iris-virginica
5.60, 2.80, 4.90, 2.00, 0.259361, 0.033678, 0.706961, Iris-virginica
7.70, 2.80, 6.70, 2.00, 0.783171, 0.041995, 0.174834, Iris-virginica
6.30, 2.70, 4.90, 1.80, 0.381366, 0.022825, 0.595809, Iris-virginica
6.70, 3.30, 5.70, 2.10, 0.975341, 0.002914, 0.021745, Iris-virginica
7.20, 3.20, 6.00, 1.80, 0.911913, 0.012913, 0.075174, Iris-virginica
6.20, 2.80, 4.80, 1.80, 0.271167, 0.020996, 0.707837, Iris-virginica
6.10, 3.00, 4.90, 1.80, 0.329924, 0.023105, 0.646971, Iris-virginica
6.40, 2.80, 5.60, 2.10, 0.908623, 0.008365, 0.083012, Iris-virginica
7.20, 3.00, 5.80, 1.60, 0.890785, 0.014455, 0.094759, Iris-virginica
7.40, 2.80, 6.10, 1.90, 0.872745, 0.019800, 0.107455, Iris-virginica
7.90, 3.80, 6.40, 2.00, 0.760091, 0.050902, 0.189006, Iris-virginica
6.40, 2.80, 5.60, 2.20, 0.906185, 0.008964, 0.084851, Iris-virginica
6.30, 2.80, 5.10, 1.50, 0.436318, 0.023414, 0.540269, Iris-virginica
6.10, 2.60, 5.60, 1.40, 0.576029, 0.031225, 0.392746, Iris-virginica
7.70, 3.00, 6.10, 2.30, 0.839545, 0.028674, 0.131781, Iris-virginica
6.30, 3.40, 5.60, 2.40, 0.854059, 0.017230, 0.128710, Iris-virginica
6.40, 3.10, 5.50, 1.80, 0.880125, 0.009789, 0.110086, Iris-virginica
6.00, 3.00, 4.80, 1.80, 0.228303, 0.021736, 0.749960, Iris-virginica
6.90, 3.10, 5.40, 2.10, 0.967545, 0.003491, 0.028964, Iris-virginica
6.70, 3.10, 5.60, 2.40, 0.957239, 0.005080, 0.037681, Iris-virginica
6.90, 3.10, 5.10, 2.30, 0.855096, 0.015408, 0.129496, Iris-virginica
5.80, 2.70, 5.10, 1.90, 0.355073, 0.029331, 0.615596, Iris-virginica
6.80, 3.20, 5.90, 2.30, 0.961012, 0.005251, 0.033736, Iris-virginica
6.70, 3.30, 5.70, 2.50, 0.927111, 0.009704, 0.063186, Iris-virginica
6.70, 3.00, 5.20, 2.30, 0.882338, 0.011268, 0.106394, Iris-virginica
6.30, 2.50, 5.00, 1.90, 0.466619, 0.025831, 0.507550, Iris-virginica
6.50, 3.00, 5.20, 2.00, 0.831430, 0.012121, 0.156449, Iris-virginica
6.20, 3.40, 5.40, 2.30, 0.789361, 0.021586, 0.189053, Iris-virginica
5.90, 3.00, 5.10, 1.80, 0.391234, 0.026940, 0.581825, Iris-virginica
