% Title: Title
%
% Centers:
% 	6.775013 3.052400 5.646782 2.053558 
% 	5.003561 3.403040 1.484994 0.251538 
% 	5.889112 2.761203 4.364127 1.397380 
%

@RELATION

@ATTRIBUTE Attribute0 	 REAL
@ATTRIBUTE Attribute1 	 REAL
@ATTRIBUTE Attribute2 	 REAL
@ATTRIBUTE Attribute3 	 REAL
@ATTRIBUTE MU 	 FUZZY {Zhluk0, Zhluk1, Zhluk2}
@ATTRIBUTE class 	 {Iris-setosa, Iris-versicolor, Iris-virginica}

@DATA
5.10, 3.50, 1.40, 0.20, 0.001163, 0.996336, 0.002501, Iris-setosa
4.90, 3.00, 1.40, 0.20, 0.007156, 0.976954, 0.015889, Iris-setosa
4.70, 3.20, 1.30, 0.20, 0.006261, 0.980310, 0.013429, Iris-setosa
4.60, 3.10, 1.50, 0.20, 0.009834, 0.968313, 0.021854, Iris-setosa
5.00, 3.60, 1.40, 0.20, 0.001942, 0.993927, 0.004131, Iris-setosa
5.40, 3.90, 1.70, 0.40, 0.021072, 0.933143, 0.045785, Iris-setosa
4.60, 3.40, 1.40, 0.30, 0.006506, 0.979488, 0.014006, Iris-setosa
5.00, 3.40, 1.50, 0.20, 0.000121, 0.999611, 0.000268, Iris-setosa
4.40, 2.90, 1.40, 0.20, 0.021534, 0.931558, 0.046909, Iris-setosa
4.90, 3.10, 1.50, 0.10, 0.005043, 0.983690, 0.011267, Iris-setosa
5.40, 3.70, 1.50, 0.20, 0.010466, 0.967215, 0.022319, Iris-setosa
4.80, 3.40, 1.60, 0.20, 0.002387, 0.992280, 0.005333, Iris-setosa
4.80, 3.00, 1.40, 0.10, 0.008832, 0.971747, 0.019421, Iris-setosa
4.30, 3.00, 1.10, 0.10, 0.024999, 0.923699, 0.051302, Iris-setosa
5.80, 4.00, 1.20, 0.20, 0.038098, 0.888398, 0.073504, Iris-setosa
5.70, 4.40, 1.50, 0.40, 0.055017, 0.839275, 0.105708, Iris-setosa
5.40, 3.90, 1.30, 0.40, 0.017961, 0.945518, 0.036522, Iris-setosa
5.10, 3.50, 1.40, 0.30, 0.001168, 0.996307, 0.002525, Iris-setosa
5.70, 3.80, 1.70, 0.30, 0.030648, 0.903064, 0.066288, Iris-setosa
5.10, 3.80, 1.50, 0.30, 0.007012, 0.978068, 0.014919, Iris-setosa
5.40, 3.40, 1.70, 0.20, 0.009495, 0.968755, 0.021750, Iris-setosa
5.10, 3.70, 1.50, 0.40, 0.005089, 0.983901, 0.011010, Iris-setosa
4.60, 3.60, 1.00, 0.20, 0.014010, 0.958130, 0.027860, Iris-setosa
5.10, 3.30, 1.70, 0.50, 0.006007, 0.979779, 0.014213, Iris-setosa
4.80, 3.40, 1.90, 0.20, 0.009735, 0.967268, 0.022997, Iris-setosa
5.00, 3.00, 1.60, 0.20, 0.007571, 0.974904, 0.017525, Iris-setosa
5.00, 3.40, 1.60, 0.40, 0.001569, 0.994861, 0.003570, Iris-setosa
5.20, 3.50, 1.50, 0.20, 0.002167, 0.993092, 0.004740, Iris-setosa
5.20, 3.40, 1.40, 0.20, 0.002001, 0.993660, 0.004339, Iris-setosa
4.70, 3.20, 1.60, 0.20, 0.006061, 0.980240, 0.013699, Iris-setosa
4.80, 3.10, 1.60, 0.20, 0.006162, 0.979752, 0.014086, Iris-setosa
5.40, 3.40, 1.50, 0.40, 0.007968, 0.974274, 0.017758, Iris-setosa
5.20, 4.10, 1.50, 0.10, 0.020862, 0.936927, 0.042211, Iris-setosa
5.50, 4.20, 1.40, 0.20, 0.032952, 0.902385, 0.064662, Iris-setosa
4.90, 3.10, 1.50, 0.10, 0.005043, 0.983690, 0.011267, Iris-setosa
5.00, 3.20, 1.20, 0.20, 0.004673, 0.985406, 0.009920, Iris-setosa
5.50, 3.50, 1.30, 0.20, 0.011680, 0.963827, 0.024493, Iris-setosa
4.90, 3.10, 1.50, 0.10, 0.005043, 0.983690, 0.011267, Iris-setosa
4.40, 3.00, 1.30, 0.20, 0.018951, 0.940571, 0.040478, Iris-setosa
5.10, 3.40, 1.50, 0.20, 0.000517, 0.998342, 0.001141, Iris-setosa
5.00, 3.50, 1.30, 0.30, 0.001806, 0.994361, 0.003833, Iris-setosa
4.50, 2.30, 1.30, 0.30, 0.046370, 0.852730, 0.100899, Iris-setosa
4.40, 3.20, 1.30, 0.20, 0.015063, 0.953073, 0.031865, Iris-setosa
5.00, 3.50, 1.60, 0.60, 0.006457, 0.978871, 0.014672, Iris-setosa
5.10, 3.80, 1.90, 0.40, 0.016934, 0.944176, 0.038890, Iris-setosa
4.80, 3.00, 1.40, 0.30, 0.008305, 0.973202, 0.018493, Iris-setosa
5.10, 3.80, 1.60, 0.20, 0.007695, 0.975756, 0.016550, Iris-setosa
4.60, 3.20, 1.40, 0.20, 0.007954, 0.974771, 0.017275, Iris-setosa
5.30, 3.70, 1.50, 0.20, 0.007523, 0.976396, 0.016081, Iris-setosa
5.00, 3.30, 1.40, 0.20, 0.000829, 0.997361, 0.001810, Iris-setosa
7.00, 3.20, 4.70, 1.40, 0.501102, 0.044601, 0.454297, Iris-versicolor
6.40, 3.20, 4.50, 1.50, 0.206743, 0.029174, 0.764083, Iris-versicolor
6.90, 3.10, 4.90, 1.50, 0.599920, 0.031288, 0.368792, Iris-versicolor
5.50, 2.30, 4.00, 1.30, 0.080475, 0.049538, 0.869987, Iris-versicolor
6.50, 2.80, 4.60, 1.50, 0.217085, 0.024132, 0.758783, Iris-versicolor
5.70, 2.80, 4.50, 1.30, 0.020470, 0.005753, 0.973777, Iris-versicolor
6.30, 3.30, 4.70, 1.60, 0.297130, 0.029804, 0.673066, Iris-versicolor
4.90, 2.40, 3.30, 1.00, 0.132122, 0.286361, 0.581517, Iris-versicolor
6.60, 2.90, 4.60, 1.30, 0.247674, 0.031263, 0.721063, Iris-versicolor
5.20, 2.70, 3.90, 1.40, 0.094719, 0.074980, 0.830301, Iris-versicolor
5.00, 2.00, 3.50, 1.00, 0.144916, 0.219413, 0.635671, Iris-versicolor
5.90, 3.00, 4.20, 1.50, 0.028733, 0.009197, 0.962070, Iris-versicolor
6.00, 2.20, 4.00, 1.00, 0.101133, 0.055835, 0.843031, Iris-versicolor
6.10, 2.90, 4.70, 1.40, 0.088180, 0.012121, 0.899699, Iris-versicolor
5.60, 2.90, 3.60, 1.30, 0.092192, 0.091882, 0.815926, Iris-versicolor
6.70, 3.10, 4.40, 1.40, 0.268337, 0.041748, 0.689915, Iris-versicolor
5.60, 3.00, 4.50, 1.50, 0.052676, 0.014173, 0.933151, Iris-versicolor
5.80, 2.70, 4.10, 1.00, 0.048392, 0.025975, 0.925633, Iris-versicolor
6.20, 2.20, 4.50, 1.50, 0.137425, 0.027210, 0.835366, Iris-versicolor
5.60, 2.50, 3.90, 1.10, 0.070797, 0.051753, 0.877449, Iris-versicolor
5.90, 3.20, 4.80, 1.80, 0.250689, 0.027629, 0.721682, Iris-versicolor
6.10, 2.80, 4.00, 1.30, 0.046238, 0.019537, 0.934224, Iris-versicolor
6.30, 2.50, 4.90, 1.50, 0.270541, 0.024007, 0.705452, Iris-versicolor
6.10, 2.80, 4.70, 1.20, 0.083287, 0.013949, 0.902764, Iris-versicolor
6.40, 2.90, 4.30, 1.30, 0.101145, 0.022931, 0.875924, Iris-versicolor
6.60, 3.00, 4.40, 1.40, 0.211212, 0.033969, 0.754819, Iris-versicolor
6.80, 2.80, 4.80, 1.40, 0.442661, 0.033642, 0.523697, Iris-versicolor
6.70, 3.00, 5.00, 1.70, 0.672438, 0.021202, 0.306360, Iris-versicolor
6.00, 2.90, 4.50, 1.50, 0.026151, 0.004936, 0.968913, Iris-versicolor
5.70, 2.60, 3.50, 1.00, 0.104635, 0.128801, 0.766564, Iris-versicolor
5.50, 2.40, 3.80, 1.10, 0.089902, 0.078118, 0.831981, Iris-versicolor
5.50, 2.40, 3.70, 1.00, 0.100736, 0.104210, 0.795054, Iris-versicolor
5.80, 2.70, 3.90, 1.20, 0.050331, 0.031082, 0.918588, Iris-versicolor
6.00, 2.70, 5.10, 1.60, 0.319666, 0.024000, 0.656334, Iris-versicolor
5.40, 3.00, 4.50, 1.50, 0.082462, 0.026423, 0.891115, Iris-versicolor
6.00, 3.40, 4.50, 1.60, 0.170653, 0.032148, 0.797199, Iris-versicolor
6.70, 3.10, 4.70, 1.50, 0.411053, 0.033475, 0.555472, Iris-versicolor
6.30, 2.30, 4.40, 1.30, 0.115473, 0.026930, 0.857597, Iris-versicolor
5.60, 3.00, 4.10, 1.30, 0.047004, 0.024144, 0.928853, Iris-versicolor
5.50, 2.50, 4.00, 1.30, 0.062413, 0.038317, 0.899270, Iris-versicolor
5.50, 2.60, 4.40, 1.20, 0.049256, 0.019691, 0.931053, Iris-versicolor
6.10, 3.00, 4.60, 1.40, 0.072666, 0.011621, 0.915712, Iris-versicolor
5.80, 2.60, 4.00, 1.20, 0.041817, 0.022597, 0.935586, Iris-versicolor
5.00, 2.30, 3.30, 1.00, 0.132559, 0.270115, 0.597325, Iris-versicolor
5.60, 2.70, 4.20, 1.30, 0.028471, 0.012724, 0.958804, Iris-versicolor
5.70, 3.00, 4.20, 1.20, 0.037688, 0.016818, 0.945494, Iris-versicolor
5.70, 2.90, 4.20, 1.30, 0.023029, 0.009602, 0.967368, Iris-versicolor
6.20, 2.90, 4.30, 1.30, 0.044699, 0.011418, 0.943884, Iris-versicolor
5.10, 2.50, 3.00, 1.10, 0.124264, 0.356777, 0.518958, Iris-versicolor
5.70, 2.80, 4.10, 1.30, 0.026764, 0.012731, 0.960506, Iris-versicolor
6.30, 3.30, 6.00, 2.50, 0.859884, 0.019365, 0.120751, Iris-virginica
5.80, 2.70, 5.10, 1.90, 0.355092, 0.029332, 0.615576, Iris-virginica
7.10, 3.00, 5.90, 2.10, 0.955763, 0.006080, 0.038157, Iris-virginica
6.30, 2.90, 5.60, 1.80, 0.845514, 0.012535, 0.141950, Iris-virginica
6.50, 3.00, 5.80, 2.20, 0.957599, 0.004757, 0.037644, Iris-virginica
7.60, 3.00, 6.60, 2.10, 0.811840, 0.035478, 0.152683, Iris-virginica
4.90, 2.50, 4.50, 1.70, 0.167048, 0.073141, 0.759811, Iris-virginica
7.30, 2.90, 6.30, 1.80, 0.862938, 0.021913, 0.115149, Iris-virginica
6.70, 2.50, 5.80, 1.80, 0.868641, 0.014009, 0.117350, Iris-virginica
7.20, 3.60, 6.10, 2.50, 0.860980, 0.024419, 0.114602, Iris-virginica
6.50, 3.20, 5.10, 2.00, 0.773334, 0.016770, 0.209896, Iris-virginica
6.40, 2.70, 5.30, 1.90, 0.761087, 0.015771, 0.223142, Iris-virginica
6.80, 3.00, 5.50, 2.10, 0.988817, 0.001167, 0.010016, Iris-virginica
5.70, 2.50, 5.00, 2.00, 0.305661, 0.034415, 0.659924, Iris-virginica
5.80, 2.80, 5.10, 2.40, 0.500613, 0.038404, 0.460984, Iris-virginica
6.40, 3.20, 5.30, 2.30, 0.849862, 0.014068, 0.136071, Iris-virginica
6.50, 3.00, 5.50, 1.80, 0.913218, 0.007165, 0.079617, Iris-virginica
7.70, 3.80, 6.70, 2.20, 0.763580, 0.050589, 0.185831, Iris-virginica
7.70, 2.60, 6.90, 2.30, 0.757526, 0.049214, 0.193260, Iris-virginica
6.00, 2.20, 5.00, 1.50, 0.257078, 0.032252, 0.710669, Iris-virginica
6.90, 3.20, 5.70, 2.30, 0.970468, 0.003829, 0.025703, Iris-virginica
5.60, 2.80, 4.90, 2.00, 0.259374, 0.033678, 0.706948, Iris-virginica
7.70, 2.80, 6.70, 2.00, 0.783167, 0.041996, 0.174836, Iris-virginica
6.30, 2.70, 4.90, 1.80, 0.381393, 0.022825, 0.595782, Iris-virginica
6.70, 3.30, 5.70, 2.10, 0.975341, 0.002915, 0.021745, Iris-virginica
7.20, 3.20, 6.00, 1.80, 0.911910, 0.012914, 0.075176, Iris-virginica
6.20, 2.80, 4.80, 1.80, 0.271191, 0.020997, 0.707813, Iris-virginica
6.10, 3.00, 4.90, 1.80, 0.329949, 0.023106, 0.646945, Iris-virginica
6.40, 2.80, 5.60, 2.10, 0.908632, 0.008364, 0.083004, Iris-virginica
7.20, 3.00, 5.80, 1.60, 0.890785, 0.014456, 0.094759, Iris-virginica
7.40, 2.80, 6.10, 1.90, 0.872742, 0.019801, 0.107457, Iris-virginica
7.90, 3.80, 6.40, 2.00, 0.760088, 0.050904, 0.189008, Iris-virginica
6.40, 2.80, 5.60, 2.20, 0.906193, 0.008963, 0.084844, Iris-virginica
6.30, 2.80, 5.10, 1.50, 0.436345, 0.023414, 0.540242, Iris-virginica
6.10, 2.60, 5.60, 1.40, 0.576045, 0.031225, 0.392731, Iris-virginica
7.70, 3.00, 6.10, 2.30, 0.839541, 0.028675, 0.131784, Iris-virginica
6.30, 3.40, 5.60, 2.40, 0.854065, 0.017230, 0.128705, Iris-virginica
6.40, 3.10, 5.50, 1.80, 0.880139, 0.009789, 0.110073, Iris-virginica
6.00, 3.00, 4.80, 1.80, 0.228324, 0.021737, 0.749939, Iris-virginica
6.90, 3.10, 5.40, 2.10, 0.967548, 0.003491, 0.028961, Iris-virginica
6.70, 3.10, 5.60, 2.40, 0.957240, 0.005080, 0.037681, Iris-virginica
6.90, 3.10, 5.10, 2.30, 0.855104, 0.015408, 0.129488, Iris-virginica
5.80, 2.70, 5.10, 1.90, 0.355092, 0.029332, 0.615576, Iris-virginica
6.80, 3.20, 5.90, 2.30, 0.961009, 0.005252, 0.033739, Iris-virginica
6.70, 3.30, 5.70, 2.50, 0.927110, 0.009704, 0.063186, Iris-virginica
6.70, 3.00, 5.20, 2.30, 0.882347, 0.011268, 0.106385, Iris-virginica
6.30, 2.50, 5.00, 1.90, 0.466643, 0.025831, 0.507526, Iris-virginica
6.50, 3.00, 5.20, 2.00, 0.831449, 0.012120, 0.156431, Iris-virginica
6.20, 3.40, 5.40, 2.30, 0.789371, 0.021586, 0.189043, Iris-virginica
5.90, 3.00, 5.10, 1.80, 0.391257, 0.026941, 0.581802, Iris-virginica
