% Title: Title
%
% Centers:
% 	5.003561 3.403040 1.484993 0.251537 
% 	5.889099 2.761199 4.364107 1.397370 
% 	6.774995 3.052395 5.646761 2.053549 
%

@RELATION

@ATTRIBUTE Attribute0 	 REAL
@ATTRIBUTE Attribute1 	 REAL
@ATTRIBUTE Attribute2 	 REAL
@ATTRIBUTE Attribute3 	 REAL
@ATTRIBUTE MU 	 FUZZY {Zhluk0, Zhluk1, Zhluk2}
@ATTRIBUTE class 	 {Iris-setosa, Iris-versicolor, Iris-virginica}

@DATA
5.10, 3.50, 1.40, 0.20, 0.996336, 0.002501, 0.001163, Iris-setosa
4.90, 3.00, 1.40, 0.20, 0.976954, 0.015890, 0.007157, Iris-setosa
4.70, 3.20, 1.30, 0.20, 0.980310, 0.013429, 0.006261, Iris-setosa
4.60, 3.10, 1.50, 0.20, 0.968312, 0.021854, 0.009834, Iris-setosa
5.00, 3.60, 1.40, 0.20, 0.993927, 0.004131, 0.001942, Iris-setosa
5.40, 3.90, 1.70, 0.40, 0.933142, 0.045786, 0.021072, Iris-setosa
4.60, 3.40, 1.40, 0.30, 0.979487, 0.014006, 0.006506, Iris-setosa
5.00, 3.40, 1.50, 0.20, 0.999611, 0.000268, 0.000121, Iris-setosa
4.40, 2.90, 1.40, 0.20, 0.931556, 0.046910, 0.021534, Iris-setosa
4.90, 3.10, 1.50, 0.10, 0.983690, 0.011267, 0.005043, Iris-setosa
5.40, 3.70, 1.50, 0.20, 0.967214, 0.022320, 0.010466, Iris-setosa
4.80, 3.40, 1.60, 0.20, 0.992280, 0.005333, 0.002387, Iris-setosa
4.80, 3.00, 1.40, 0.10, 0.971747, 0.019421, 0.008832, Iris-setosa
4.30, 3.00, 1.10, 0.10, 0.923697, 0.051303, 0.024999, Iris-setosa
5.80, 4.00, 1.20, 0.20, 0.888397, 0.073505, 0.038098, Iris-setosa
5.70, 4.40, 1.50, 0.40, 0.839273, 0.105710, 0.055017, Iris-setosa
5.40, 3.90, 1.30, 0.40, 0.945517, 0.036522, 0.017961, Iris-setosa
5.10, 3.50, 1.40, 0.30, 0.996307, 0.002525, 0.001168, Iris-setosa
5.70, 3.80, 1.70, 0.30, 0.903062, 0.066289, 0.030649, Iris-setosa
5.10, 3.80, 1.50, 0.30, 0.978068, 0.014919, 0.007012, Iris-setosa
5.40, 3.40, 1.70, 0.20, 0.968755, 0.021750, 0.009495, Iris-setosa
5.10, 3.70, 1.50, 0.40, 0.983901, 0.011010, 0.005089, Iris-setosa
4.60, 3.60, 1.00, 0.20, 0.958129, 0.027860, 0.014011, Iris-setosa
5.10, 3.30, 1.70, 0.50, 0.979779, 0.014214, 0.006008, Iris-setosa
4.80, 3.40, 1.90, 0.20, 0.967267, 0.022997, 0.009735, Iris-setosa
5.00, 3.00, 1.60, 0.20, 0.974904, 0.017525, 0.007571, Iris-setosa
5.00, 3.40, 1.60, 0.40, 0.994861, 0.003571, 0.001569, Iris-setosa
5.20, 3.50, 1.50, 0.20, 0.993092, 0.004740, 0.002167, Iris-setosa
5.20, 3.40, 1.40, 0.20, 0.993660, 0.004339, 0.002001, Iris-setosa
4.70, 3.20, 1.60, 0.20, 0.980239, 0.013700, 0.006061, Iris-setosa
4.80, 3.10, 1.60, 0.20, 0.979751, 0.014086, 0.006162, Iris-setosa
5.40, 3.40, 1.50, 0.40, 0.974273, 0.017758, 0.007968, Iris-setosa
5.20, 4.10, 1.50, 0.10, 0.936926, 0.042211, 0.020863, Iris-setosa
5.50, 4.20, 1.40, 0.20, 0.902384, 0.064663, 0.032953, Iris-setosa
4.90, 3.10, 1.50, 0.10, 0.983690, 0.011267, 0.005043, Iris-setosa
5.00, 3.20, 1.20, 0.20, 0.985406, 0.009920, 0.004673, Iris-setosa
5.50, 3.50, 1.30, 0.20, 0.963826, 0.024493, 0.011680, Iris-setosa
4.90, 3.10, 1.50, 0.10, 0.983690, 0.011267, 0.005043, Iris-setosa
4.40, 3.00, 1.30, 0.20, 0.940570, 0.040478, 0.018951, Iris-setosa
5.10, 3.40, 1.50, 0.20, 0.998342, 0.001141, 0.000517, Iris-setosa
5.00, 3.50, 1.30, 0.30, 0.994361, 0.003833, 0.001806, Iris-setosa
4.50, 2.30, 1.30, 0.30, 0.852728, 0.100901, 0.046371, Iris-setosa
4.40, 3.20, 1.30, 0.20, 0.953072, 0.031865, 0.015063, Iris-setosa
5.00, 3.50, 1.60, 0.60, 0.978871, 0.014672, 0.006457, Iris-setosa
5.10, 3.80, 1.90, 0.40, 0.944175, 0.038891, 0.016934, Iris-setosa
4.80, 3.00, 1.40, 0.30, 0.973201, 0.018494, 0.008305, Iris-setosa
5.10, 3.80, 1.60, 0.20, 0.975755, 0.016550, 0.007695, Iris-setosa
4.60, 3.20, 1.40, 0.20, 0.974771, 0.017275, 0.007954, Iris-setosa
5.30, 3.70, 1.50, 0.20, 0.976396, 0.016081, 0.007523, Iris-setosa
5.00, 3.30, 1.40, 0.20, 0.997361, 0.001810, 0.000829, Iris-setosa
7.00, 3.20, 4.70, 1.40, 0.044600, 0.454275, 0.501125, Iris-versicolor
6.40, 3.20, 4.50, 1.50, 0.029176, 0.764059, 0.206765, Iris-versicolor
6.90, 3.10, 4.90, 1.50, 0.031287, 0.368765, 0.599948, Iris-versicolor
5.50, 2.30, 4.00, 1.30, 0.049534, 0.869995, 0.080471, Iris-versicolor
6.50, 2.80, 4.60, 1.50, 0.024133, 0.758755, 0.217112, Iris-versicolor
5.70, 2.80, 4.50, 1.30, 0.005752, 0.973777, 0.020471, Iris-versicolor
6.30, 3.30, 4.70, 1.60, 0.029805, 0.673033, 0.297162, Iris-versicolor
4.90, 2.40, 3.30, 1.00, 0.286351, 0.581527, 0.132121, Iris-versicolor
6.60, 2.90, 4.60, 1.30, 0.031264, 0.721038, 0.247697, Iris-versicolor
5.20, 2.70, 3.90, 1.40, 0.074975, 0.830309, 0.094716, Iris-versicolor
5.00, 2.00, 3.50, 1.00, 0.219406, 0.635679, 0.144915, Iris-versicolor
5.90, 3.00, 4.20, 1.50, 0.009197, 0.962069, 0.028734, Iris-versicolor
6.00, 2.20, 4.00, 1.00, 0.055832, 0.843036, 0.101132, Iris-versicolor
6.10, 2.90, 4.70, 1.40, 0.012123, 0.899678, 0.088199, Iris-versicolor
5.60, 2.90, 3.60, 1.30, 0.091876, 0.815936, 0.092189, Iris-versicolor
6.70, 3.10, 4.40, 1.40, 0.041749, 0.689894, 0.268357, Iris-versicolor
5.60, 3.00, 4.50, 1.50, 0.014173, 0.933147, 0.052680, Iris-versicolor
5.80, 2.70, 4.10, 1.00, 0.025972, 0.925640, 0.048388, Iris-versicolor
6.20, 2.20, 4.50, 1.50, 0.027210, 0.835355, 0.137435, Iris-versicolor
5.60, 2.50, 3.90, 1.10, 0.051748, 0.877459, 0.070793, Iris-versicolor
5.90, 3.20, 4.80, 1.80, 0.027630, 0.721653, 0.250717, Iris-versicolor
6.10, 2.80, 4.00, 1.30, 0.019536, 0.934228, 0.046237, Iris-versicolor
6.30, 2.50, 4.90, 1.50, 0.024008, 0.705420, 0.270573, Iris-versicolor
6.10, 2.80, 4.70, 1.20, 0.013950, 0.902750, 0.083300, Iris-versicolor
6.40, 2.90, 4.30, 1.30, 0.022932, 0.875914, 0.101154, Iris-versicolor
6.60, 3.00, 4.40, 1.40, 0.033970, 0.754799, 0.211231, Iris-versicolor
6.80, 2.80, 4.80, 1.40, 0.033643, 0.523667, 0.442691, Iris-versicolor
6.70, 3.00, 5.00, 1.70, 0.021201, 0.306324, 0.672475, Iris-versicolor
6.00, 2.90, 4.50, 1.50, 0.004937, 0.968903, 0.026160, Iris-versicolor
5.70, 2.60, 3.50, 1.00, 0.128793, 0.766574, 0.104632, Iris-versicolor
5.50, 2.40, 3.80, 1.10, 0.078111, 0.831991, 0.089898, Iris-versicolor
5.50, 2.40, 3.70, 1.00, 0.104203, 0.795065, 0.100733, Iris-versicolor
5.80, 2.70, 3.90, 1.20, 0.031078, 0.918596, 0.050326, Iris-versicolor
6.00, 2.70, 5.10, 1.60, 0.024001, 0.656296, 0.319703, Iris-versicolor
5.40, 3.00, 4.50, 1.50, 0.026422, 0.891112, 0.082465, Iris-versicolor
6.00, 3.40, 4.50, 1.60, 0.032149, 0.797182, 0.170669, Iris-versicolor
6.70, 3.10, 4.70, 1.50, 0.033475, 0.555440, 0.411085, Iris-versicolor
6.30, 2.30, 4.40, 1.30, 0.026930, 0.857590, 0.115480, Iris-versicolor
5.60, 3.00, 4.10, 1.30, 0.024141, 0.928859, 0.047000, Iris-versicolor
5.50, 2.50, 4.00, 1.30, 0.038313, 0.899278, 0.062409, Iris-versicolor
5.50, 2.60, 4.40, 1.20, 0.019689, 0.931057, 0.049253, Iris-versicolor
6.10, 3.00, 4.60, 1.40, 0.011623, 0.915696, 0.072681, Iris-versicolor
5.80, 2.60, 4.00, 1.20, 0.022593, 0.935594, 0.041813, Iris-versicolor
5.00, 2.30, 3.30, 1.00, 0.270106, 0.597335, 0.132559, Iris-versicolor
5.60, 2.70, 4.20, 1.30, 0.012722, 0.958811, 0.028467, Iris-versicolor
5.70, 3.00, 4.20, 1.20, 0.016816, 0.945498, 0.037685, Iris-versicolor
5.70, 2.90, 4.20, 1.30, 0.009600, 0.967374, 0.023026, Iris-versicolor
6.20, 2.90, 4.30, 1.30, 0.011418, 0.943879, 0.044703, Iris-versicolor
5.10, 2.50, 3.00, 1.10, 0.356767, 0.518969, 0.124264, Iris-versicolor
5.70, 2.80, 4.10, 1.30, 0.012728, 0.960513, 0.026759, Iris-versicolor
6.30, 3.30, 6.00, 2.50, 0.019366, 0.120749, 0.859885, Iris-virginica
5.80, 2.70, 5.10, 1.90, 0.029332, 0.615544, 0.355124, Iris-virginica
7.10, 3.00, 5.90, 2.10, 0.006081, 0.038164, 0.955756, Iris-virginica
6.30, 2.90, 5.60, 1.80, 0.012534, 0.141928, 0.845538, Iris-virginica
6.50, 3.00, 5.80, 2.20, 0.004757, 0.037641, 0.957601, Iris-virginica
7.60, 3.00, 6.60, 2.10, 0.035480, 0.152688, 0.811832, Iris-virginica
4.90, 2.50, 4.50, 1.70, 0.073139, 0.759810, 0.167051, Iris-virginica
7.30, 2.90, 6.30, 1.80, 0.021915, 0.115155, 0.862931, Iris-virginica
6.70, 2.50, 5.80, 1.80, 0.014009, 0.117343, 0.868648, Iris-virginica
7.20, 3.60, 6.10, 2.50, 0.024420, 0.114607, 0.860972, Iris-virginica
6.50, 3.20, 5.10, 2.00, 0.016769, 0.209864, 0.773367, Iris-virginica
6.40, 2.70, 5.30, 1.90, 0.015769, 0.223107, 0.761123, Iris-virginica
6.80, 3.00, 5.50, 2.10, 0.001166, 0.010012, 0.988821, Iris-virginica
5.70, 2.50, 5.00, 2.00, 0.034416, 0.659900, 0.305685, Iris-virginica
5.80, 2.80, 5.10, 2.40, 0.038403, 0.460958, 0.500639, Iris-virginica
6.40, 3.20, 5.30, 2.30, 0.014066, 0.136052, 0.849881, Iris-virginica
6.50, 3.00, 5.50, 1.80, 0.007164, 0.079598, 0.913238, Iris-virginica
7.70, 3.80, 6.70, 2.20, 0.050592, 0.185836, 0.763573, Iris-virginica
7.70, 2.60, 6.90, 2.30, 0.049216, 0.193264, 0.757520, Iris-virginica
6.00, 2.20, 5.00, 1.50, 0.032253, 0.710648, 0.257099, Iris-virginica
6.90, 3.20, 5.70, 2.30, 0.003830, 0.025706, 0.970464, Iris-virginica
5.60, 2.80, 4.90, 2.00, 0.033679, 0.706925, 0.259396, Iris-virginica
7.70, 2.80, 6.70, 2.00, 0.041999, 0.174841, 0.783160, Iris-virginica
6.30, 2.70, 4.90, 1.80, 0.022825, 0.595738, 0.381437, Iris-virginica
6.70, 3.30, 5.70, 2.10, 0.002915, 0.021745, 0.975340, Iris-virginica
7.20, 3.20, 6.00, 1.80, 0.012915, 0.075182, 0.911903, Iris-virginica
6.20, 2.80, 4.80, 1.80, 0.020998, 0.707772, 0.271230, Iris-virginica
6.10, 3.00, 4.90, 1.80, 0.023107, 0.646902, 0.329991, Iris-virginica
6.40, 2.80, 5.60, 2.10, 0.008363, 0.082990, 0.908647, Iris-virginica
7.20, 3.00, 5.80, 1.60, 0.014457, 0.094761, 0.890782, Iris-virginica
7.40, 2.80, 6.10, 1.90, 0.019803, 0.107462, 0.872735, Iris-virginica
7.90, 3.80, 6.40, 2.00, 0.050906, 0.189012, 0.760082, Iris-virginica
6.40, 2.80, 5.60, 2.20, 0.008962, 0.084832, 0.906206, Iris-virginica
6.30, 2.80, 5.10, 1.50, 0.023414, 0.540198, 0.436388, Iris-virginica
6.10, 2.60, 5.60, 1.40, 0.031224, 0.392705, 0.576071, Iris-virginica
7.70, 3.00, 6.10, 2.30, 0.028677, 0.131790, 0.839533, Iris-virginica
6.30, 3.40, 5.60, 2.40, 0.017230, 0.128697, 0.854074, Iris-virginica
6.40, 3.10, 5.50, 1.80, 0.009787, 0.110051, 0.880162, Iris-virginica
6.00, 3.00, 4.80, 1.80, 0.021739, 0.749905, 0.228357, Iris-virginica
6.90, 3.10, 5.40, 2.10, 0.003490, 0.028957, 0.967552, Iris-virginica
6.70, 3.10, 5.60, 2.40, 0.005080, 0.037680, 0.957241, Iris-virginica
6.90, 3.10, 5.10, 2.30, 0.015407, 0.129476, 0.855117, Iris-virginica
5.80, 2.70, 5.10, 1.90, 0.029332, 0.615544, 0.355124, Iris-virginica
6.80, 3.20, 5.90, 2.30, 0.005253, 0.033744, 0.961003, Iris-virginica
6.70, 3.30, 5.70, 2.50, 0.009704, 0.063187, 0.927108, Iris-virginica
6.70, 3.00, 5.20, 2.30, 0.011267, 0.106369, 0.882364, Iris-virginica
6.30, 2.50, 5.00, 1.90, 0.025830, 0.507487, 0.466683, Iris-virginica
6.50, 3.00, 5.20, 2.00, 0.012118, 0.156399, 0.831482, Iris-virginica
6.20, 3.40, 5.40, 2.30, 0.021585, 0.189026, 0.789390, Iris-virginica
5.90, 3.00, 5.10, 1.80, 0.026941, 0.581763, 0.391296, Iris-virginica
