% Title: Title
%
% Centers:
% 	5.889094 2.761197 4.364101 1.397367 
% 	6.774991 3.052394 5.646755 2.053547 
% 	5.003561 3.403041 1.484993 0.251537 
%

@RELATION

@ATTRIBUTE Attribute0 	 REAL
@ATTRIBUTE Attribute1 	 REAL
@ATTRIBUTE Attribute2 	 REAL
@ATTRIBUTE Attribute3 	 REAL
@ATTRIBUTE MU 	 FUZZY {Zhluk0, Zhluk1, Zhluk2}
@ATTRIBUTE class 	 {Iris-setosa, Iris-versicolor, Iris-virginica}

@DATA
5.10, 3.50, 1.40, 0.20, 0.002501, 0.001163, 0.996336, Iris-setosa
4.90, 3.00, 1.40, 0.20, 0.015890, 0.007157, 0.976953, Iris-setosa
4.70, 3.20, 1.30, 0.20, 0.013429, 0.006261, 0.980310, Iris-setosa
4.60, 3.10, 1.50, 0.20, 0.021854, 0.009834, 0.968312, Iris-setosa
5.00, 3.60, 1.40, 0.20, 0.004131, 0.001942, 0.993927, Iris-setosa
5.40, 3.90, 1.70, 0.40, 0.045786, 0.021072, 0.933141, Iris-setosa
4.60, 3.40, 1.40, 0.30, 0.014006, 0.006506, 0.979487, Iris-setosa
5.00, 3.40, 1.50, 0.20, 0.000268, 0.000121, 0.999611, Iris-setosa
4.40, 2.90, 1.40, 0.20, 0.046910, 0.021534, 0.931556, Iris-setosa
4.90, 3.10, 1.50, 0.10, 0.011267, 0.005043, 0.983690, Iris-setosa
5.40, 3.70, 1.50, 0.20, 0.022320, 0.010466, 0.967214, Iris-setosa
4.80, 3.40, 1.60, 0.20, 0.005333, 0.002387, 0.992280, Iris-setosa
4.80, 3.00, 1.40, 0.10, 0.019421, 0.008832, 0.971747, Iris-setosa
4.30, 3.00, 1.10, 0.10, 0.051304, 0.025000, 0.923697, Iris-setosa
5.80, 4.00, 1.20, 0.20, 0.073505, 0.038098, 0.888397, Iris-setosa
5.70, 4.40, 1.50, 0.40, 0.105710, 0.055018, 0.839272, Iris-setosa
5.40, 3.90, 1.30, 0.40, 0.036522, 0.017961, 0.945517, Iris-setosa
5.10, 3.50, 1.40, 0.30, 0.002525, 0.001168, 0.996307, Iris-setosa
5.70, 3.80, 1.70, 0.30, 0.066289, 0.030649, 0.903062, Iris-setosa
5.10, 3.80, 1.50, 0.30, 0.014920, 0.007012, 0.978068, Iris-setosa
5.40, 3.40, 1.70, 0.20, 0.021750, 0.009495, 0.968754, Iris-setosa
5.10, 3.70, 1.50, 0.40, 0.011010, 0.005089, 0.983901, Iris-setosa
4.60, 3.60, 1.00, 0.20, 0.027860, 0.014011, 0.958129, Iris-setosa
5.10, 3.30, 1.70, 0.50, 0.014214, 0.006008, 0.979778, Iris-setosa
4.80, 3.40, 1.90, 0.20, 0.022998, 0.009735, 0.967267, Iris-setosa
5.00, 3.00, 1.60, 0.20, 0.017525, 0.007571, 0.974904, Iris-setosa
5.00, 3.40, 1.60, 0.40, 0.003571, 0.001569, 0.994861, Iris-setosa
5.20, 3.50, 1.50, 0.20, 0.004741, 0.002167, 0.993092, Iris-setosa
5.20, 3.40, 1.40, 0.20, 0.004339, 0.002001, 0.993660, Iris-setosa
4.70, 3.20, 1.60, 0.20, 0.013700, 0.006061, 0.980239, Iris-setosa
4.80, 3.10, 1.60, 0.20, 0.014086, 0.006163, 0.979751, Iris-setosa
5.40, 3.40, 1.50, 0.40, 0.017759, 0.007968, 0.974273, Iris-setosa
5.20, 4.10, 1.50, 0.10, 0.042211, 0.020863, 0.936926, Iris-setosa
5.50, 4.20, 1.40, 0.20, 0.064663, 0.032953, 0.902384, Iris-setosa
4.90, 3.10, 1.50, 0.10, 0.011267, 0.005043, 0.983690, Iris-setosa
5.00, 3.20, 1.20, 0.20, 0.009921, 0.004673, 0.985406, Iris-setosa
5.50, 3.50, 1.30, 0.20, 0.024493, 0.011680, 0.963826, Iris-setosa
4.90, 3.10, 1.50, 0.10, 0.011267, 0.005043, 0.983690, Iris-setosa
4.40, 3.00, 1.30, 0.20, 0.040479, 0.018951, 0.940570, Iris-setosa
5.10, 3.40, 1.50, 0.20, 0.001141, 0.000517, 0.998342, Iris-setosa
5.00, 3.50, 1.30, 0.30, 0.003833, 0.001806, 0.994361, Iris-setosa
4.50, 2.30, 1.30, 0.30, 0.100902, 0.046371, 0.852727, Iris-setosa
4.40, 3.20, 1.30, 0.20, 0.031865, 0.015063, 0.953072, Iris-setosa
5.00, 3.50, 1.60, 0.60, 0.014672, 0.006457, 0.978870, Iris-setosa
5.10, 3.80, 1.90, 0.40, 0.038891, 0.016934, 0.944174, Iris-setosa
4.80, 3.00, 1.40, 0.30, 0.018494, 0.008305, 0.973201, Iris-setosa
5.10, 3.80, 1.60, 0.20, 0.016550, 0.007695, 0.975755, Iris-setosa
4.60, 3.20, 1.40, 0.20, 0.017275, 0.007954, 0.974771, Iris-setosa
5.30, 3.70, 1.50, 0.20, 0.016081, 0.007523, 0.976396, Iris-setosa
5.00, 3.30, 1.40, 0.20, 0.001810, 0.000829, 0.997361, Iris-setosa
7.00, 3.20, 4.70, 1.40, 0.454268, 0.501131, 0.044600, Iris-versicolor
6.40, 3.20, 4.50, 1.50, 0.764051, 0.206772, 0.029176, Iris-versicolor
6.90, 3.10, 4.90, 1.50, 0.368756, 0.599957, 0.031287, Iris-versicolor
5.50, 2.30, 4.00, 1.30, 0.869998, 0.080469, 0.049532, Iris-versicolor
6.50, 2.80, 4.60, 1.50, 0.758746, 0.217120, 0.024134, Iris-versicolor
5.70, 2.80, 4.50, 1.30, 0.973777, 0.020471, 0.005752, Iris-versicolor
6.30, 3.30, 4.70, 1.60, 0.673024, 0.297171, 0.029806, Iris-versicolor
4.90, 2.40, 3.30, 1.00, 0.581532, 0.132120, 0.286348, Iris-versicolor
6.60, 2.90, 4.60, 1.30, 0.721030, 0.247705, 0.031265, Iris-versicolor
5.20, 2.70, 3.90, 1.40, 0.830313, 0.094714, 0.074973, Iris-versicolor
5.00, 2.00, 3.50, 1.00, 0.635683, 0.144914, 0.219403, Iris-versicolor
5.90, 3.00, 4.20, 1.50, 0.962069, 0.028734, 0.009197, Iris-versicolor
6.00, 2.20, 4.00, 1.00, 0.843038, 0.101130, 0.055831, Iris-versicolor
6.10, 2.90, 4.70, 1.40, 0.899672, 0.088205, 0.012123, Iris-versicolor
5.60, 2.90, 3.60, 1.30, 0.815940, 0.092187, 0.091873, Iris-versicolor
6.70, 3.10, 4.40, 1.40, 0.689888, 0.268363, 0.041750, Iris-versicolor
5.60, 3.00, 4.50, 1.50, 0.933146, 0.052681, 0.014173, Iris-versicolor
5.80, 2.70, 4.10, 1.00, 0.925643, 0.048387, 0.025970, Iris-versicolor
6.20, 2.20, 4.50, 1.50, 0.835352, 0.137437, 0.027211, Iris-versicolor
5.60, 2.50, 3.90, 1.10, 0.877463, 0.070791, 0.051746, Iris-versicolor
5.90, 3.20, 4.80, 1.80, 0.721644, 0.250725, 0.027631, Iris-versicolor
6.10, 2.80, 4.00, 1.30, 0.934229, 0.046236, 0.019535, Iris-versicolor
6.30, 2.50, 4.90, 1.50, 0.705410, 0.270582, 0.024008, Iris-versicolor
6.10, 2.80, 4.70, 1.20, 0.902745, 0.083304, 0.013951, Iris-versicolor
6.40, 2.90, 4.30, 1.30, 0.875911, 0.101157, 0.022932, Iris-versicolor
6.60, 3.00, 4.40, 1.40, 0.754793, 0.211237, 0.033970, Iris-versicolor
6.80, 2.80, 4.80, 1.40, 0.523658, 0.442700, 0.033643, Iris-versicolor
6.70, 3.00, 5.00, 1.70, 0.306314, 0.672486, 0.021201, Iris-versicolor
6.00, 2.90, 4.50, 1.50, 0.968900, 0.026163, 0.004938, Iris-versicolor
5.70, 2.60, 3.50, 1.00, 0.766579, 0.104631, 0.128790, Iris-versicolor
5.50, 2.40, 3.80, 1.10, 0.831995, 0.089896, 0.078109, Iris-versicolor
5.50, 2.40, 3.70, 1.00, 0.795069, 0.100731, 0.104200, Iris-versicolor
5.80, 2.70, 3.90, 1.20, 0.918600, 0.050324, 0.031076, Iris-versicolor
6.00, 2.70, 5.10, 1.60, 0.656286, 0.319713, 0.024001, Iris-versicolor
5.40, 3.00, 4.50, 1.50, 0.891112, 0.082465, 0.026422, Iris-versicolor
6.00, 3.40, 4.50, 1.60, 0.797177, 0.170674, 0.032149, Iris-versicolor
6.70, 3.10, 4.70, 1.50, 0.555430, 0.411095, 0.033476, Iris-versicolor
6.30, 2.30, 4.40, 1.30, 0.857587, 0.115482, 0.026930, Iris-versicolor
5.60, 3.00, 4.10, 1.30, 0.928861, 0.046999, 0.024140, Iris-versicolor
5.50, 2.50, 4.00, 1.30, 0.899282, 0.062407, 0.038311, Iris-versicolor
5.50, 2.60, 4.40, 1.20, 0.931060, 0.049252, 0.019689, Iris-versicolor
6.10, 3.00, 4.60, 1.40, 0.915690, 0.072686, 0.011624, Iris-versicolor
5.80, 2.60, 4.00, 1.20, 0.935597, 0.041811, 0.022592, Iris-versicolor
5.00, 2.30, 3.30, 1.00, 0.597340, 0.132558, 0.270102, Iris-versicolor
5.60, 2.70, 4.20, 1.30, 0.958814, 0.028465, 0.012721, Iris-versicolor
5.70, 3.00, 4.20, 1.20, 0.945500, 0.037684, 0.016815, Iris-versicolor
5.70, 2.90, 4.20, 1.30, 0.967376, 0.023025, 0.009600, Iris-versicolor
6.20, 2.90, 4.30, 1.30, 0.943877, 0.044705, 0.011418, Iris-versicolor
5.10, 2.50, 3.00, 1.10, 0.518973, 0.124264, 0.356763, Iris-versicolor
5.70, 2.80, 4.10, 1.30, 0.960516, 0.026757, 0.012727, Iris-versicolor
6.30, 3.30, 6.00, 2.50, 0.120748, 0.859886, 0.019366, Iris-virginica
5.80, 2.70, 5.10, 1.90, 0.615535, 0.355132, 0.029332, Iris-virginica
7.10, 3.00, 5.90, 2.10, 0.038164, 0.955755, 0.006081, Iris-virginica
6.30, 2.90, 5.60, 1.80, 0.141923, 0.845543, 0.012534, Iris-virginica
6.50, 3.00, 5.80, 2.20, 0.037641, 0.957602, 0.004757, Iris-virginica
7.60, 3.00, 6.60, 2.10, 0.152689, 0.811831, 0.035480, Iris-virginica
4.90, 2.50, 4.50, 1.70, 0.759811, 0.167050, 0.073139, Iris-virginica
7.30, 2.90, 6.30, 1.80, 0.115155, 0.862930, 0.021915, Iris-virginica
6.70, 2.50, 5.80, 1.80, 0.117341, 0.868650, 0.014009, Iris-virginica
7.20, 3.60, 6.10, 2.50, 0.114608, 0.860972, 0.024421, Iris-virginica
6.50, 3.20, 5.10, 2.00, 0.209856, 0.773375, 0.016769, Iris-virginica
6.40, 2.70, 5.30, 1.90, 0.223099, 0.761132, 0.015769, Iris-virginica
6.80, 3.00, 5.50, 2.10, 0.010012, 0.988822, 0.001166, Iris-virginica
5.70, 2.50, 5.00, 2.00, 0.659894, 0.305690, 0.034416, Iris-virginica
5.80, 2.80, 5.10, 2.40, 0.460951, 0.500645, 0.038403, Iris-virginica
6.40, 3.20, 5.30, 2.30, 0.136048, 0.849886, 0.014066, Iris-virginica
6.50, 3.00, 5.50, 1.80, 0.079593, 0.913243, 0.007164, Iris-virginica
7.70, 3.80, 6.70, 2.20, 0.185836, 0.763572, 0.050592, Iris-virginica
7.70, 2.60, 6.90, 2.30, 0.193264, 0.757519, 0.049217, Iris-virginica
6.00, 2.20, 5.00, 1.50, 0.710643, 0.257104, 0.032253, Iris-virginica
6.90, 3.20, 5.70, 2.30, 0.025707, 0.970463, 0.003830, Iris-virginica
5.60, 2.80, 4.90, 2.00, 0.706919, 0.259401, 0.033680, Iris-virginica
7.70, 2.80, 6.70, 2.00, 0.174841, 0.783160, 0.041999, Iris-virginica
6.30, 2.70, 4.90, 1.80, 0.595725, 0.381449, 0.022826, Iris-virginica
6.70, 3.30, 5.70, 2.10, 0.021745, 0.975340, 0.002915, Iris-virginica
7.20, 3.20, 6.00, 1.80, 0.075182, 0.911902, 0.012916, Iris-virginica
6.20, 2.80, 4.80, 1.80, 0.707761, 0.271241, 0.020998, Iris-virginica
6.10, 3.00, 4.90, 1.80, 0.646891, 0.330002, 0.023107, Iris-virginica
6.40, 2.80, 5.60, 2.10, 0.082987, 0.908650, 0.008363, Iris-virginica
7.20, 3.00, 5.80, 1.60, 0.094760, 0.890783, 0.014457, Iris-virginica
7.40, 2.80, 6.10, 1.90, 0.107462, 0.872735, 0.019803, Iris-virginica
7.90, 3.80, 6.40, 2.00, 0.189012, 0.760081, 0.050906, Iris-virginica
6.40, 2.80, 5.60, 2.20, 0.084829, 0.906209, 0.008962, Iris-virginica
6.30, 2.80, 5.10, 1.50, 0.540185, 0.436400, 0.023414, Iris-virginica
6.10, 2.60, 5.60, 1.40, 0.392698, 0.576078, 0.031224, Iris-virginica
7.70, 3.00, 6.10, 2.30, 0.131790, 0.839532, 0.028678, Iris-virginica
6.30, 3.40, 5.60, 2.40, 0.128695, 0.854076, 0.017230, Iris-virginica
6.40, 3.10, 5.50, 1.80, 0.110046, 0.880167, 0.009787, Iris-virginica
6.00, 3.00, 4.80, 1.80, 0.749895, 0.228366, 0.021739, Iris-virginica
6.90, 3.10, 5.40, 2.10, 0.028956, 0.967554, 0.003490, Iris-virginica
6.70, 3.10, 5.60, 2.40, 0.037679, 0.957241, 0.005080, Iris-virginica
6.90, 3.10, 5.10, 2.30, 0.129473, 0.855120, 0.015407, Iris-virginica
5.80, 2.70, 5.10, 1.90, 0.615535, 0.355132, 0.029332, Iris-virginica
6.80, 3.20, 5.90, 2.30, 0.033745, 0.961002, 0.005253, Iris-virginica
6.70, 3.30, 5.70, 2.50, 0.063187, 0.927108, 0.009705, Iris-virginica
6.70, 3.00, 5.20, 2.30, 0.106366, 0.882367, 0.011267, Iris-virginica
6.30, 2.50, 5.00, 1.90, 0.507477, 0.466693, 0.025831, Iris-virginica
6.50, 3.00, 5.20, 2.00, 0.156392, 0.831490, 0.012118, Iris-virginica
6.20, 3.40, 5.40, 2.30, 0.189022, 0.789394, 0.021585, Iris-virginica
5.90, 3.00, 5.10, 1.80, 0.581753, 0.391305, 0.026941, Iris-virginica
