% Title: Title
%
% Centers:
% 	6.775020 3.052402 5.646791 2.053561 
% 	5.889118 2.761206 4.364136 1.397385 
% 	5.003561 3.403040 1.484995 0.251538 
%

@RELATION

@ATTRIBUTE Attribute0 	 REAL
@ATTRIBUTE Attribute1 	 REAL
@ATTRIBUTE Attribute2 	 REAL
@ATTRIBUTE Attribute3 	 REAL
@ATTRIBUTE MU 	 FUZZY {Zhluk0, Zhluk1, Zhluk2}
@ATTRIBUTE class 	 {Iris-setosa, Iris-versicolor, Iris-virginica}

@DATA
5.10, 3.50, 1.40, 0.20, 0.001163, 0.002501, 0.996336, Iris-setosa
4.90, 3.00, 1.40, 0.20, 0.007156, 0.015889, 0.976954, Iris-setosa
4.70, 3.20, 1.30, 0.20, 0.006261, 0.013429, 0.980310, Iris-setosa
4.60, 3.10, 1.50, 0.20, 0.009834, 0.021854, 0.968313, Iris-setosa
5.00, 3.60, 1.40, 0.20, 0.001942, 0.004131, 0.993927, Iris-setosa
5.40, 3.90, 1.70, 0.40, 0.021072, 0.045785, 0.933143, Iris-setosa
4.60, 3.40, 1.40, 0.30, 0.006506, 0.014006, 0.979488, Iris-setosa
5.00, 3.40, 1.50, 0.20, 0.000121, 0.000268, 0.999611, Iris-setosa
4.40, 2.90, 1.40, 0.20, 0.021533, 0.046908, 0.931558, Iris-setosa
4.90, 3.10, 1.50, 0.10, 0.005043, 0.011267, 0.983691, Iris-setosa
5.40, 3.70, 1.50, 0.20, 0.010466, 0.022319, 0.967215, Iris-setosa
4.80, 3.40, 1.60, 0.20, 0.002387, 0.005333, 0.992281, Iris-setosa
4.80, 3.00, 1.40, 0.10, 0.008832, 0.019421, 0.971748, Iris-setosa
4.30, 3.00, 1.10, 0.10, 0.024999, 0.051302, 0.923699, Iris-setosa
5.80, 4.00, 1.20, 0.20, 0.038098, 0.073503, 0.888399, Iris-setosa
5.70, 4.40, 1.50, 0.40, 0.055016, 0.105708, 0.839276, Iris-setosa
5.40, 3.90, 1.30, 0.40, 0.017960, 0.036522, 0.945518, Iris-setosa
5.10, 3.50, 1.40, 0.30, 0.001168, 0.002524, 0.996307, Iris-setosa
5.70, 3.80, 1.70, 0.30, 0.030648, 0.066287, 0.903065, Iris-setosa
5.10, 3.80, 1.50, 0.30, 0.007012, 0.014919, 0.978069, Iris-setosa
5.40, 3.40, 1.70, 0.20, 0.009495, 0.021749, 0.968756, Iris-setosa
5.10, 3.70, 1.50, 0.40, 0.005089, 0.011010, 0.983902, Iris-setosa
4.60, 3.60, 1.00, 0.20, 0.014010, 0.027860, 0.958130, Iris-setosa
5.10, 3.30, 1.70, 0.50, 0.006007, 0.014213, 0.979780, Iris-setosa
4.80, 3.40, 1.90, 0.20, 0.009735, 0.022996, 0.967269, Iris-setosa
5.00, 3.00, 1.60, 0.20, 0.007571, 0.017524, 0.974905, Iris-setosa
5.00, 3.40, 1.60, 0.40, 0.001569, 0.003570, 0.994861, Iris-setosa
5.20, 3.50, 1.50, 0.20, 0.002167, 0.004740, 0.993093, Iris-setosa
5.20, 3.40, 1.40, 0.20, 0.002001, 0.004339, 0.993660, Iris-setosa
4.70, 3.20, 1.60, 0.20, 0.006061, 0.013699, 0.980240, Iris-setosa
4.80, 3.10, 1.60, 0.20, 0.006162, 0.014086, 0.979752, Iris-setosa
5.40, 3.40, 1.50, 0.40, 0.007968, 0.017758, 0.974274, Iris-setosa
5.20, 4.10, 1.50, 0.10, 0.020862, 0.042210, 0.936927, Iris-setosa
5.50, 4.20, 1.40, 0.20, 0.032952, 0.064662, 0.902386, Iris-setosa
4.90, 3.10, 1.50, 0.10, 0.005043, 0.011267, 0.983691, Iris-setosa
5.00, 3.20, 1.20, 0.20, 0.004673, 0.009920, 0.985406, Iris-setosa
5.50, 3.50, 1.30, 0.20, 0.011680, 0.024493, 0.963827, Iris-setosa
4.90, 3.10, 1.50, 0.10, 0.005043, 0.011267, 0.983691, Iris-setosa
4.40, 3.00, 1.30, 0.20, 0.018951, 0.040477, 0.940572, Iris-setosa
5.10, 3.40, 1.50, 0.20, 0.000517, 0.001141, 0.998342, Iris-setosa
5.00, 3.50, 1.30, 0.30, 0.001806, 0.003833, 0.994361, Iris-setosa
4.50, 2.30, 1.30, 0.30, 0.046370, 0.100898, 0.852732, Iris-setosa
4.40, 3.20, 1.30, 0.20, 0.015063, 0.031864, 0.953073, Iris-setosa
5.00, 3.50, 1.60, 0.60, 0.006457, 0.014671, 0.978871, Iris-setosa
5.10, 3.80, 1.90, 0.40, 0.016934, 0.038890, 0.944176, Iris-setosa
4.80, 3.00, 1.40, 0.30, 0.008305, 0.018493, 0.973202, Iris-setosa
5.10, 3.80, 1.60, 0.20, 0.007695, 0.016549, 0.975756, Iris-setosa
4.60, 3.20, 1.40, 0.20, 0.007954, 0.017275, 0.974771, Iris-setosa
5.30, 3.70, 1.50, 0.20, 0.007523, 0.016081, 0.976397, Iris-setosa
5.00, 3.30, 1.40, 0.20, 0.000829, 0.001810, 0.997361, Iris-setosa
7.00, 3.20, 4.70, 1.40, 0.501092, 0.454307, 0.044601, Iris-versicolor
6.40, 3.20, 4.50, 1.50, 0.206733, 0.764094, 0.029174, Iris-versicolor
6.90, 3.10, 4.90, 1.50, 0.599908, 0.368804, 0.031288, Iris-versicolor
5.50, 2.30, 4.00, 1.30, 0.080476, 0.869984, 0.049540, Iris-versicolor
6.50, 2.80, 4.60, 1.50, 0.217072, 0.758796, 0.024132, Iris-versicolor
5.70, 2.80, 4.50, 1.30, 0.020470, 0.973777, 0.005753, Iris-versicolor
6.30, 3.30, 4.70, 1.60, 0.297116, 0.673080, 0.029804, Iris-versicolor
4.90, 2.40, 3.30, 1.00, 0.132122, 0.581512, 0.286366, Iris-versicolor
6.60, 2.90, 4.60, 1.30, 0.247663, 0.721074, 0.031263, Iris-versicolor
5.20, 2.70, 3.90, 1.40, 0.094721, 0.830297, 0.074982, Iris-versicolor
5.00, 2.00, 3.50, 1.00, 0.144916, 0.635667, 0.219417, Iris-versicolor
5.90, 3.00, 4.20, 1.50, 0.028733, 0.962070, 0.009197, Iris-versicolor
6.00, 2.20, 4.00, 1.00, 0.101134, 0.843029, 0.055837, Iris-versicolor
6.10, 2.90, 4.70, 1.40, 0.088171, 0.899709, 0.012120, Iris-versicolor
5.60, 2.90, 3.60, 1.30, 0.092194, 0.815921, 0.091885, Iris-versicolor
6.70, 3.10, 4.40, 1.40, 0.268328, 0.689924, 0.041748, Iris-versicolor
5.60, 3.00, 4.50, 1.50, 0.052675, 0.933153, 0.014173, Iris-versicolor
5.80, 2.70, 4.10, 1.00, 0.048394, 0.925629, 0.025976, Iris-versicolor
6.20, 2.20, 4.50, 1.50, 0.137420, 0.835370, 0.027210, Iris-versicolor
5.60, 2.50, 3.90, 1.10, 0.070800, 0.877445, 0.051756, Iris-versicolor
5.90, 3.20, 4.80, 1.80, 0.250676, 0.721695, 0.027629, Iris-versicolor
6.10, 2.80, 4.00, 1.30, 0.046239, 0.934223, 0.019538, Iris-versicolor
6.30, 2.50, 4.90, 1.50, 0.270528, 0.705466, 0.024006, Iris-versicolor
6.10, 2.80, 4.70, 1.20, 0.083281, 0.902771, 0.013948, Iris-versicolor
6.40, 2.90, 4.30, 1.30, 0.101140, 0.875929, 0.022931, Iris-versicolor
6.60, 3.00, 4.40, 1.40, 0.211204, 0.754828, 0.033968, Iris-versicolor
6.80, 2.80, 4.80, 1.40, 0.442647, 0.523710, 0.033642, Iris-versicolor
6.70, 3.00, 5.00, 1.70, 0.672422, 0.306376, 0.021202, Iris-versicolor
6.00, 2.90, 4.50, 1.50, 0.026147, 0.968918, 0.004935, Iris-versicolor
5.70, 2.60, 3.50, 1.00, 0.104637, 0.766558, 0.128805, Iris-versicolor
5.50, 2.40, 3.80, 1.10, 0.089904, 0.831976, 0.078120, Iris-versicolor
5.50, 2.40, 3.70, 1.00, 0.100738, 0.795049, 0.104213, Iris-versicolor
5.80, 2.70, 3.90, 1.20, 0.050333, 0.918583, 0.031084, Iris-versicolor
6.00, 2.70, 5.10, 1.60, 0.319651, 0.656350, 0.023999, Iris-versicolor
5.40, 3.00, 4.50, 1.50, 0.082462, 0.891115, 0.026423, Iris-versicolor
6.00, 3.40, 4.50, 1.60, 0.170646, 0.797207, 0.032147, Iris-versicolor
6.70, 3.10, 4.70, 1.50, 0.411039, 0.555486, 0.033475, Iris-versicolor
6.30, 2.30, 4.40, 1.30, 0.115470, 0.857601, 0.026930, Iris-versicolor
5.60, 3.00, 4.10, 1.30, 0.047005, 0.928850, 0.024145, Iris-versicolor
5.50, 2.50, 4.00, 1.30, 0.062415, 0.899266, 0.038319, Iris-versicolor
5.50, 2.60, 4.40, 1.20, 0.049257, 0.931051, 0.019692, Iris-versicolor
6.10, 3.00, 4.60, 1.40, 0.072659, 0.915720, 0.011621, Iris-versicolor
5.80, 2.60, 4.00, 1.20, 0.041819, 0.935582, 0.022598, Iris-versicolor
5.00, 2.30, 3.30, 1.00, 0.132560, 0.597320, 0.270120, Iris-versicolor
5.60, 2.70, 4.20, 1.30, 0.028473, 0.958801, 0.012725, Iris-versicolor
5.70, 3.00, 4.20, 1.20, 0.037690, 0.945491, 0.016819, Iris-versicolor
5.70, 2.90, 4.20, 1.30, 0.023031, 0.967366, 0.009603, Iris-versicolor
6.20, 2.90, 4.30, 1.30, 0.044697, 0.943886, 0.011417, Iris-versicolor
5.10, 2.50, 3.00, 1.10, 0.124264, 0.518953, 0.356782, Iris-versicolor
5.70, 2.80, 4.10, 1.30, 0.026766, 0.960502, 0.012732, Iris-versicolor
6.30, 3.30, 6.00, 2.50, 0.859883, 0.120751, 0.019365, Iris-virginica
5.80, 2.70, 5.10, 1.90, 0.355078, 0.615590, 0.029331, Iris-virginica
7.10, 3.00, 5.90, 2.10, 0.955766, 0.038155, 0.006079, Iris-virginica
6.30, 2.90, 5.60, 1.80, 0.845505, 0.141960, 0.012536, Iris-virginica
6.50, 3.00, 5.80, 2.20, 0.957598, 0.037644, 0.004757, Iris-virginica
7.60, 3.00, 6.60, 2.10, 0.811842, 0.152681, 0.035477, Iris-virginica
4.90, 2.50, 4.50, 1.70, 0.167047, 0.759811, 0.073142, Iris-virginica
7.30, 2.90, 6.30, 1.80, 0.862940, 0.115147, 0.021912, Iris-virginica
6.70, 2.50, 5.80, 1.80, 0.868638, 0.117353, 0.014009, Iris-virginica
7.20, 3.60, 6.10, 2.50, 0.860983, 0.114600, 0.024418, Iris-virginica
6.50, 3.20, 5.10, 2.00, 0.773320, 0.209909, 0.016771, Iris-virginica
6.40, 2.70, 5.30, 1.90, 0.761072, 0.223156, 0.015771, Iris-virginica
6.80, 3.00, 5.50, 2.10, 0.988816, 0.010017, 0.001167, Iris-virginica
5.70, 2.50, 5.00, 2.00, 0.305651, 0.659935, 0.034415, Iris-virginica
5.80, 2.80, 5.10, 2.40, 0.500602, 0.460995, 0.038404, Iris-virginica
6.40, 3.20, 5.30, 2.30, 0.849853, 0.136078, 0.014068, Iris-virginica
6.50, 3.00, 5.50, 1.80, 0.913209, 0.079625, 0.007166, Iris-virginica
7.70, 3.80, 6.70, 2.20, 0.763582, 0.185830, 0.050588, Iris-virginica
7.70, 2.60, 6.90, 2.30, 0.757528, 0.193259, 0.049213, Iris-virginica
6.00, 2.20, 5.00, 1.50, 0.257070, 0.710678, 0.032252, Iris-virginica
6.90, 3.20, 5.70, 2.30, 0.970470, 0.025701, 0.003829, Iris-virginica
5.60, 2.80, 4.90, 2.00, 0.259365, 0.706957, 0.033678, Iris-virginica
7.70, 2.80, 6.70, 2.00, 0.783170, 0.174835, 0.041996, Iris-virginica
6.30, 2.70, 4.90, 1.80, 0.381374, 0.595802, 0.022825, Iris-virginica
6.70, 3.30, 5.70, 2.10, 0.975341, 0.021745, 0.002914, Iris-virginica
7.20, 3.20, 6.00, 1.80, 0.911912, 0.075174, 0.012913, Iris-virginica
6.20, 2.80, 4.80, 1.80, 0.271174, 0.707830, 0.020996, Iris-virginica
6.10, 3.00, 4.90, 1.80, 0.329931, 0.646964, 0.023105, Iris-virginica
6.40, 2.80, 5.60, 2.10, 0.908626, 0.083009, 0.008365, Iris-virginica
7.20, 3.00, 5.80, 1.60, 0.890785, 0.094759, 0.014456, Iris-virginica
7.40, 2.80, 6.10, 1.90, 0.872744, 0.107455, 0.019800, Iris-virginica
7.90, 3.80, 6.40, 2.00, 0.760090, 0.189007, 0.050903, Iris-virginica
6.40, 2.80, 5.60, 2.20, 0.906187, 0.084849, 0.008963, Iris-virginica
6.30, 2.80, 5.10, 1.50, 0.436326, 0.540261, 0.023414, Iris-virginica
6.10, 2.60, 5.60, 1.40, 0.576033, 0.392742, 0.031225, Iris-virginica
7.70, 3.00, 6.10, 2.30, 0.839543, 0.131782, 0.028674, Iris-virginica
6.30, 3.40, 5.60, 2.40, 0.854061, 0.128709, 0.017230, Iris-virginica
6.40, 3.10, 5.50, 1.80, 0.880129, 0.110082, 0.009789, Iris-virginica
6.00, 3.00, 4.80, 1.80, 0.228309, 0.749954, 0.021737, Iris-virginica
6.90, 3.10, 5.40, 2.10, 0.967546, 0.028963, 0.003491, Iris-virginica
6.70, 3.10, 5.60, 2.40, 0.957239, 0.037681, 0.005080, Iris-virginica
6.90, 3.10, 5.10, 2.30, 0.855098, 0.129493, 0.015408, Iris-virginica
5.80, 2.70, 5.10, 1.90, 0.355078, 0.615590, 0.029331, Iris-virginica
6.80, 3.20, 5.90, 2.30, 0.961011, 0.033737, 0.005252, Iris-virginica
6.70, 3.30, 5.70, 2.50, 0.927110, 0.063186, 0.009704, Iris-virginica
6.70, 3.00, 5.20, 2.30, 0.882340, 0.106391, 0.011268, Iris-virginica
6.30, 2.50, 5.00, 1.90, 0.466626, 0.507543, 0.025831, Iris-virginica
6.50, 3.00, 5.20, 2.00, 0.831435, 0.156444, 0.012121, Iris-virginica
6.20, 3.40, 5.40, 2.30, 0.789364, 0.189050, 0.021586, Iris-virginica
5.90, 3.00, 5.10, 1.80, 0.391241, 0.581819, 0.026940, Iris-virginica
