% Title: Title
%
% Centers:
% 	5.003561 3.403040 1.484994 0.251538 
% 	6.775006 3.052398 5.646774 2.053554 
% 	5.889106 2.761201 4.364119 1.397376 
%

@RELATION

@ATTRIBUTE Attribute0 	 REAL
@ATTRIBUTE Attribute1 	 REAL
@ATTRIBUTE Attribute2 	 REAL
@ATTRIBUTE Attribute3 	 REAL
@ATTRIBUTE MU 	 FUZZY {Zhluk0, Zhluk1, Zhluk2}
@ATTRIBUTE class 	 {Iris-setosa, Iris-versicolor, Iris-virginica}

@DATA
5.10, 3.50, 1.40, 0.20, 0.996336, 0.001163, 0.002501, Iris-setosa
4.90, 3.00, 1.40, 0.20, 0.976954, 0.007157, 0.015890, Iris-setosa
4.70, 3.20, 1.30, 0.20, 0.980310, 0.006261, 0.013429, Iris-setosa
4.60, 3.10, 1.50, 0.20, 0.968312, 0.009834, 0.021854, Iris-setosa
5.00, 3.60, 1.40, 0.20, 0.993927, 0.001942, 0.004131, Iris-setosa
5.40, 3.90, 1.70, 0.40, 0.933142, 0.021072, 0.045786, Iris-setosa
4.60, 3.40, 1.40, 0.30, 0.979488, 0.006506, 0.014006, Iris-setosa
5.00, 3.40, 1.50, 0.20, 0.999611, 0.000121, 0.000268, Iris-setosa
4.40, 2.90, 1.40, 0.20, 0.931557, 0.021534, 0.046909, Iris-setosa
4.90, 3.10, 1.50, 0.10, 0.983690, 0.005043, 0.011267, Iris-setosa
5.40, 3.70, 1.50, 0.20, 0.967215, 0.010466, 0.022320, Iris-setosa
4.80, 3.40, 1.60, 0.20, 0.992280, 0.002387, 0.005333, Iris-setosa
4.80, 3.00, 1.40, 0.10, 0.971747, 0.008832, 0.019421, Iris-setosa
4.30, 3.00, 1.10, 0.10, 0.923698, 0.024999, 0.051303, Iris-setosa
5.80, 4.00, 1.20, 0.20, 0.888398, 0.038098, 0.073504, Iris-setosa
5.70, 4.40, 1.50, 0.40, 0.839274, 0.055017, 0.105709, Iris-setosa
5.40, 3.90, 1.30, 0.40, 0.945517, 0.017961, 0.036522, Iris-setosa
5.10, 3.50, 1.40, 0.30, 0.996307, 0.001168, 0.002525, Iris-setosa
5.70, 3.80, 1.70, 0.30, 0.903063, 0.030649, 0.066288, Iris-setosa
5.10, 3.80, 1.50, 0.30, 0.978068, 0.007012, 0.014919, Iris-setosa
5.40, 3.40, 1.70, 0.20, 0.968755, 0.009495, 0.021750, Iris-setosa
5.10, 3.70, 1.50, 0.40, 0.983901, 0.005089, 0.011010, Iris-setosa
4.60, 3.60, 1.00, 0.20, 0.958130, 0.014010, 0.027860, Iris-setosa
5.10, 3.30, 1.70, 0.50, 0.979779, 0.006008, 0.014214, Iris-setosa
4.80, 3.40, 1.90, 0.20, 0.967268, 0.009735, 0.022997, Iris-setosa
5.00, 3.00, 1.60, 0.20, 0.974904, 0.007571, 0.017525, Iris-setosa
5.00, 3.40, 1.60, 0.40, 0.994861, 0.001569, 0.003571, Iris-setosa
5.20, 3.50, 1.50, 0.20, 0.993092, 0.002167, 0.004740, Iris-setosa
5.20, 3.40, 1.40, 0.20, 0.993660, 0.002001, 0.004339, Iris-setosa
4.70, 3.20, 1.60, 0.20, 0.980239, 0.006061, 0.013699, Iris-setosa
4.80, 3.10, 1.60, 0.20, 0.979751, 0.006162, 0.014086, Iris-setosa
5.40, 3.40, 1.50, 0.40, 0.974274, 0.007968, 0.017758, Iris-setosa
5.20, 4.10, 1.50, 0.10, 0.936927, 0.020862, 0.042211, Iris-setosa
5.50, 4.20, 1.40, 0.20, 0.902385, 0.032952, 0.064663, Iris-setosa
4.90, 3.10, 1.50, 0.10, 0.983690, 0.005043, 0.011267, Iris-setosa
5.00, 3.20, 1.20, 0.20, 0.985406, 0.004673, 0.009920, Iris-setosa
5.50, 3.50, 1.30, 0.20, 0.963827, 0.011680, 0.024493, Iris-setosa
4.90, 3.10, 1.50, 0.10, 0.983690, 0.005043, 0.011267, Iris-setosa
4.40, 3.00, 1.30, 0.20, 0.940571, 0.018951, 0.040478, Iris-setosa
5.10, 3.40, 1.50, 0.20, 0.998342, 0.000517, 0.001141, Iris-setosa
5.00, 3.50, 1.30, 0.30, 0.994361, 0.001806, 0.003833, Iris-setosa
4.50, 2.30, 1.30, 0.30, 0.852729, 0.046371, 0.100900, Iris-setosa
4.40, 3.20, 1.30, 0.20, 0.953072, 0.015063, 0.031865, Iris-setosa
5.00, 3.50, 1.60, 0.60, 0.978871, 0.006457, 0.014672, Iris-setosa
5.10, 3.80, 1.90, 0.40, 0.944175, 0.016934, 0.038890, Iris-setosa
4.80, 3.00, 1.40, 0.30, 0.973201, 0.008305, 0.018493, Iris-setosa
5.10, 3.80, 1.60, 0.20, 0.975756, 0.007695, 0.016550, Iris-setosa
4.60, 3.20, 1.40, 0.20, 0.974771, 0.007954, 0.017275, Iris-setosa
5.30, 3.70, 1.50, 0.20, 0.976396, 0.007523, 0.016081, Iris-setosa
5.00, 3.30, 1.40, 0.20, 0.997361, 0.000829, 0.001810, Iris-setosa
7.00, 3.20, 4.70, 1.40, 0.044600, 0.501112, 0.454288, Iris-versicolor
6.40, 3.20, 4.50, 1.50, 0.029175, 0.206752, 0.764073, Iris-versicolor
6.90, 3.10, 4.90, 1.50, 0.031288, 0.599932, 0.368780, Iris-versicolor
5.50, 2.30, 4.00, 1.30, 0.049536, 0.080473, 0.869991, Iris-versicolor
6.50, 2.80, 4.60, 1.50, 0.024133, 0.217096, 0.758771, Iris-versicolor
5.70, 2.80, 4.50, 1.30, 0.005752, 0.020470, 0.973777, Iris-versicolor
6.30, 3.30, 4.70, 1.60, 0.029805, 0.297143, 0.673052, Iris-versicolor
4.90, 2.40, 3.30, 1.00, 0.286357, 0.132121, 0.581522, Iris-versicolor
6.60, 2.90, 4.60, 1.30, 0.031264, 0.247684, 0.721052, Iris-versicolor
5.20, 2.70, 3.90, 1.40, 0.074978, 0.094718, 0.830305, Iris-versicolor
5.00, 2.00, 3.50, 1.00, 0.219410, 0.144915, 0.635675, Iris-versicolor
5.90, 3.00, 4.20, 1.50, 0.009197, 0.028733, 0.962070, Iris-versicolor
6.00, 2.20, 4.00, 1.00, 0.055834, 0.101132, 0.843034, Iris-versicolor
6.10, 2.90, 4.70, 1.40, 0.012122, 0.088188, 0.899690, Iris-versicolor
5.60, 2.90, 3.60, 1.30, 0.091879, 0.092190, 0.815930, Iris-versicolor
6.70, 3.10, 4.40, 1.40, 0.041749, 0.268345, 0.689906, Iris-versicolor
5.60, 3.00, 4.50, 1.50, 0.014173, 0.052678, 0.933149, Iris-versicolor
5.80, 2.70, 4.10, 1.00, 0.025973, 0.048391, 0.925636, Iris-versicolor
6.20, 2.20, 4.50, 1.50, 0.027210, 0.137429, 0.835361, Iris-versicolor
5.60, 2.50, 3.90, 1.10, 0.051751, 0.070795, 0.877454, Iris-versicolor
5.90, 3.20, 4.80, 1.80, 0.027630, 0.250700, 0.721670, Iris-versicolor
6.10, 2.80, 4.00, 1.30, 0.019537, 0.046238, 0.934226, Iris-versicolor
6.30, 2.50, 4.90, 1.50, 0.024007, 0.270554, 0.705439, Iris-versicolor
6.10, 2.80, 4.70, 1.20, 0.013949, 0.083292, 0.902758, Iris-versicolor
6.40, 2.90, 4.30, 1.30, 0.022931, 0.101149, 0.875920, Iris-versicolor
6.60, 3.00, 4.40, 1.40, 0.033969, 0.211220, 0.754811, Iris-versicolor
6.80, 2.80, 4.80, 1.40, 0.033643, 0.442673, 0.523684, Iris-versicolor
6.70, 3.00, 5.00, 1.70, 0.021202, 0.672453, 0.306345, Iris-versicolor
6.00, 2.90, 4.50, 1.50, 0.004936, 0.026155, 0.968909, Iris-versicolor
5.70, 2.60, 3.50, 1.00, 0.128798, 0.104634, 0.766568, Iris-versicolor
5.50, 2.40, 3.80, 1.10, 0.078115, 0.089900, 0.831985, Iris-versicolor
5.50, 2.40, 3.70, 1.00, 0.104207, 0.100734, 0.795059, Iris-versicolor
5.80, 2.70, 3.90, 1.20, 0.031080, 0.050329, 0.918591, Iris-versicolor
6.00, 2.70, 5.10, 1.60, 0.024000, 0.319681, 0.656319, Iris-versicolor
5.40, 3.00, 4.50, 1.50, 0.026423, 0.082463, 0.891114, Iris-versicolor
6.00, 3.40, 4.50, 1.60, 0.032148, 0.170660, 0.797192, Iris-versicolor
6.70, 3.10, 4.70, 1.50, 0.033475, 0.411066, 0.555458, Iris-versicolor
6.30, 2.30, 4.40, 1.30, 0.026930, 0.115476, 0.857594, Iris-versicolor
5.60, 3.00, 4.10, 1.30, 0.024143, 0.047002, 0.928855, Iris-versicolor
5.50, 2.50, 4.00, 1.30, 0.038315, 0.062411, 0.899274, Iris-versicolor
5.50, 2.60, 4.40, 1.20, 0.019690, 0.049254, 0.931055, Iris-versicolor
6.10, 3.00, 4.60, 1.40, 0.011622, 0.072673, 0.915705, Iris-versicolor
5.80, 2.60, 4.00, 1.20, 0.022595, 0.041815, 0.935590, Iris-versicolor
5.00, 2.30, 3.30, 1.00, 0.270111, 0.132559, 0.597330, Iris-versicolor
5.60, 2.70, 4.20, 1.30, 0.012723, 0.028469, 0.958807, Iris-versicolor
5.70, 3.00, 4.20, 1.20, 0.016817, 0.037687, 0.945496, Iris-versicolor
5.70, 2.90, 4.20, 1.30, 0.009601, 0.023028, 0.967371, Iris-versicolor
6.20, 2.90, 4.30, 1.30, 0.011418, 0.044701, 0.943881, Iris-versicolor
5.10, 2.50, 3.00, 1.10, 0.356773, 0.124264, 0.518963, Iris-versicolor
5.70, 2.80, 4.10, 1.30, 0.012729, 0.026762, 0.960509, Iris-versicolor
6.30, 3.30, 6.00, 2.50, 0.019366, 0.859884, 0.120750, Iris-virginica
5.80, 2.70, 5.10, 1.90, 0.029332, 0.355105, 0.615563, Iris-virginica
7.10, 3.00, 5.90, 2.10, 0.006080, 0.955760, 0.038160, Iris-virginica
6.30, 2.90, 5.60, 1.80, 0.012535, 0.845524, 0.141942, Iris-virginica
6.50, 3.00, 5.80, 2.20, 0.004757, 0.957600, 0.037643, Iris-virginica
7.60, 3.00, 6.60, 2.10, 0.035478, 0.811837, 0.152685, Iris-virginica
4.90, 2.50, 4.50, 1.70, 0.073140, 0.167049, 0.759811, Iris-virginica
7.30, 2.90, 6.30, 1.80, 0.021914, 0.862935, 0.115151, Iris-virginica
6.70, 2.50, 5.80, 1.80, 0.014009, 0.868644, 0.117347, Iris-virginica
7.20, 3.60, 6.10, 2.50, 0.024419, 0.860977, 0.114604, Iris-virginica
6.50, 3.20, 5.10, 2.00, 0.016770, 0.773347, 0.209883, Iris-virginica
6.40, 2.70, 5.30, 1.90, 0.015770, 0.761102, 0.223128, Iris-virginica
6.80, 3.00, 5.50, 2.10, 0.001167, 0.988819, 0.010015, Iris-virginica
5.70, 2.50, 5.00, 2.00, 0.034415, 0.305670, 0.659914, Iris-virginica
5.80, 2.80, 5.10, 2.40, 0.038403, 0.500623, 0.460973, Iris-virginica
6.40, 3.20, 5.30, 2.30, 0.014067, 0.849869, 0.136063, Iris-virginica
6.50, 3.00, 5.50, 1.80, 0.007165, 0.913226, 0.079609, Iris-virginica
7.70, 3.80, 6.70, 2.20, 0.050590, 0.763577, 0.185833, Iris-virginica
7.70, 2.60, 6.90, 2.30, 0.049215, 0.757524, 0.193262, Iris-virginica
6.00, 2.20, 5.00, 1.50, 0.032253, 0.257087, 0.710661, Iris-virginica
6.90, 3.20, 5.70, 2.30, 0.003830, 0.970466, 0.025704, Iris-virginica
5.60, 2.80, 4.90, 2.00, 0.033679, 0.259383, 0.706938, Iris-virginica
7.70, 2.80, 6.70, 2.00, 0.041997, 0.783165, 0.174838, Iris-virginica
6.30, 2.70, 4.90, 1.80, 0.022825, 0.381411, 0.595764, Iris-virginica
6.70, 3.30, 5.70, 2.10, 0.002915, 0.975340, 0.021745, Iris-virginica
7.20, 3.20, 6.00, 1.80, 0.012915, 0.911907, 0.075178, Iris-virginica
6.20, 2.80, 4.80, 1.80, 0.020997, 0.271207, 0.707796, Iris-virginica
6.10, 3.00, 4.90, 1.80, 0.023106, 0.329966, 0.646928, Iris-virginica
6.40, 2.80, 5.60, 2.10, 0.008364, 0.908638, 0.082998, Iris-virginica
7.20, 3.00, 5.80, 1.60, 0.014456, 0.890784, 0.094760, Iris-virginica
7.40, 2.80, 6.10, 1.90, 0.019802, 0.872740, 0.107459, Iris-virginica
7.90, 3.80, 6.40, 2.00, 0.050905, 0.760086, 0.189010, Iris-virginica
6.40, 2.80, 5.60, 2.20, 0.008963, 0.906198, 0.084839, Iris-virginica
6.30, 2.80, 5.10, 1.50, 0.023414, 0.436362, 0.540224, Iris-virginica
6.10, 2.60, 5.60, 1.40, 0.031225, 0.576055, 0.392720, Iris-virginica
7.70, 3.00, 6.10, 2.30, 0.028676, 0.839538, 0.131786, Iris-virginica
6.30, 3.40, 5.60, 2.40, 0.017230, 0.854068, 0.128702, Iris-virginica
6.40, 3.10, 5.50, 1.80, 0.009788, 0.880148, 0.110064, Iris-virginica
6.00, 3.00, 4.80, 1.80, 0.021738, 0.228337, 0.749925, Iris-virginica
6.90, 3.10, 5.40, 2.10, 0.003490, 0.967550, 0.028960, Iris-virginica
6.70, 3.10, 5.60, 2.40, 0.005080, 0.957240, 0.037680, Iris-virginica
6.90, 3.10, 5.10, 2.30, 0.015408, 0.855109, 0.129483, Iris-virginica
5.80, 2.70, 5.10, 1.90, 0.029332, 0.355105, 0.615563, Iris-virginica
6.80, 3.20, 5.90, 2.30, 0.005252, 0.961007, 0.033741, Iris-virginica
6.70, 3.30, 5.70, 2.50, 0.009704, 0.927109, 0.063186, Iris-virginica
6.70, 3.00, 5.20, 2.30, 0.011267, 0.882354, 0.106379, Iris-virginica
6.30, 2.50, 5.00, 1.90, 0.025831, 0.466659, 0.507510, Iris-virginica
6.50, 3.00, 5.20, 2.00, 0.012120, 0.831462, 0.156418, Iris-virginica
6.20, 3.40, 5.40, 2.30, 0.021585, 0.789379, 0.189036, Iris-virginica
5.90, 3.00, 5.10, 1.80, 0.026941, 0.391273, 0.581787, Iris-virginica
