% Title: irisko
%
% Centers:
% 	6.607427 2.993594 5.371390 1.920718 
% 	5.016915 3.420388 1.481021 0.250167 
% 	5.750349 2.707262 4.216484 1.327139 
%

@RELATION

@ATTRIBUTE Attribute0 	 REAL
@ATTRIBUTE Attribute1 	 REAL
@ATTRIBUTE Attribute2 	 REAL
@ATTRIBUTE Attribute3 	 REAL
@ATTRIBUTE MU 	 FUZZY {Zhluk0, Zhluk1, Zhluk2}
@ATTRIBUTE class 	 {Iris-setosa, Iris-versicolor, Iris-virginica}

@DATA
5.10, 3.50, 1.40, 0.20, 0.000262, 0.999257, 0.000480, Iris-setosa
4.90, 3.00, 1.40, 0.20, 0.016080, 0.953008, 0.030911, Iris-setosa
4.70, 3.20, 1.30, 0.20, 0.014400, 0.958692, 0.026908, Iris-setosa
4.60, 3.10, 1.50, 0.20, 0.021862, 0.935617, 0.042521, Iris-setosa
5.00, 3.60, 1.40, 0.20, 0.001431, 0.995963, 0.002605, Iris-setosa
5.40, 3.90, 1.70, 0.40, 0.018302, 0.948760, 0.032938, Iris-setosa
4.60, 3.40, 1.40, 0.30, 0.014500, 0.958304, 0.027196, Iris-setosa
5.00, 3.40, 1.50, 0.20, 0.001798, 0.994807, 0.003395, Iris-setosa
4.40, 2.90, 1.40, 0.20, 0.038553, 0.887149, 0.074298, Iris-setosa
4.90, 3.10, 1.50, 0.10, 0.012428, 0.963567, 0.024005, Iris-setosa
5.40, 3.70, 1.50, 0.20, 0.005949, 0.983428, 0.010623, Iris-setosa
4.80, 3.40, 1.60, 0.20, 0.007682, 0.977507, 0.014811, Iris-setosa
4.80, 3.00, 1.40, 0.10, 0.018727, 0.945439, 0.035834, Iris-setosa
4.30, 3.00, 1.10, 0.10, 0.040210, 0.886589, 0.073200, Iris-setosa
5.80, 4.00, 1.20, 0.20, 0.034334, 0.910546, 0.055120, Iris-setosa
5.70, 4.40, 1.50, 0.40, 0.054011, 0.860308, 0.085681, Iris-setosa
5.40, 3.90, 1.30, 0.40, 0.014009, 0.962090, 0.023901, Iris-setosa
5.10, 3.50, 1.40, 0.30, 0.000607, 0.998277, 0.001116, Iris-setosa
5.70, 3.80, 1.70, 0.30, 0.027750, 0.923199, 0.049050, Iris-setosa
5.10, 3.80, 1.50, 0.30, 0.004798, 0.986553, 0.008650, Iris-setosa
5.40, 3.40, 1.70, 0.20, 0.008840, 0.974250, 0.016911, Iris-setosa
5.10, 3.70, 1.50, 0.40, 0.003822, 0.989175, 0.007003, Iris-setosa
4.60, 3.60, 1.00, 0.20, 0.019724, 0.946016, 0.034260, Iris-setosa
5.10, 3.30, 1.70, 0.50, 0.011426, 0.965672, 0.022902, Iris-setosa
4.80, 3.40, 1.90, 0.20, 0.018441, 0.944057, 0.037502, Iris-setosa
5.00, 3.00, 1.60, 0.20, 0.016601, 0.950336, 0.033063, Iris-setosa
5.00, 3.40, 1.60, 0.40, 0.004867, 0.985687, 0.009446, Iris-setosa
5.20, 3.50, 1.50, 0.20, 0.000392, 0.998882, 0.000726, Iris-setosa
5.20, 3.40, 1.40, 0.20, 0.001182, 0.996640, 0.002178, Iris-setosa
4.70, 3.20, 1.60, 0.20, 0.015775, 0.953217, 0.031008, Iris-setosa
4.80, 3.10, 1.60, 0.20, 0.015965, 0.952389, 0.031647, Iris-setosa
5.40, 3.40, 1.50, 0.40, 0.007051, 0.979799, 0.013150, Iris-setosa
5.20, 4.10, 1.50, 0.10, 0.017684, 0.952066, 0.030250, Iris-setosa
5.50, 4.20, 1.40, 0.20, 0.028976, 0.923468, 0.047556, Iris-setosa
4.90, 3.10, 1.50, 0.10, 0.012428, 0.963567, 0.024005, Iris-setosa
5.00, 3.20, 1.20, 0.20, 0.008774, 0.975179, 0.016047, Iris-setosa
5.50, 3.50, 1.30, 0.20, 0.008395, 0.976826, 0.014778, Iris-setosa
4.90, 3.10, 1.50, 0.10, 0.012428, 0.963567, 0.024005, Iris-setosa
4.40, 3.00, 1.30, 0.20, 0.034049, 0.901702, 0.064249, Iris-setosa
5.10, 3.40, 1.50, 0.20, 0.000931, 0.997317, 0.001752, Iris-setosa
5.00, 3.50, 1.30, 0.30, 0.002481, 0.993008, 0.004511, Iris-setosa
4.50, 2.30, 1.30, 0.30, 0.070379, 0.793578, 0.136043, Iris-setosa
4.40, 3.20, 1.30, 0.20, 0.027669, 0.920752, 0.051579, Iris-setosa
5.00, 3.50, 1.60, 0.60, 0.010665, 0.968754, 0.020582, Iris-setosa
5.10, 3.80, 1.90, 0.40, 0.019049, 0.944279, 0.036672, Iris-setosa
4.80, 3.00, 1.40, 0.30, 0.018982, 0.944293, 0.036725, Iris-setosa
5.10, 3.80, 1.60, 0.20, 0.005555, 0.984327, 0.010117, Iris-setosa
4.60, 3.20, 1.40, 0.20, 0.017967, 0.947919, 0.034114, Iris-setosa
5.30, 3.70, 1.50, 0.20, 0.003507, 0.990185, 0.006308, Iris-setosa
5.00, 3.30, 1.40, 0.20, 0.003544, 0.989813, 0.006643, Iris-setosa
7.00, 3.20, 4.70, 1.40, 0.759778, 0.030808, 0.209414, Iris-versicolor
6.40, 3.20, 4.50, 1.50, 0.589844, 0.028206, 0.381949, Iris-versicolor
6.90, 3.10, 4.90, 1.50, 0.864438, 0.015552, 0.120010, Iris-versicolor
5.50, 2.30, 4.00, 1.30, 0.061403, 0.020243, 0.918354, Iris-versicolor
6.50, 2.80, 4.60, 1.50, 0.673278, 0.019108, 0.307615, Iris-versicolor
5.70, 2.80, 4.50, 1.30, 0.063732, 0.008124, 0.928144, Iris-versicolor
6.30, 3.30, 4.70, 1.60, 0.694415, 0.022693, 0.282891, Iris-versicolor
4.90, 2.40, 3.30, 1.00, 0.151090, 0.200531, 0.648379, Iris-versicolor
6.60, 2.90, 4.60, 1.30, 0.638677, 0.025969, 0.335354, Iris-versicolor
5.20, 2.70, 3.90, 1.40, 0.084741, 0.037861, 0.877397, Iris-versicolor
5.00, 2.00, 3.50, 1.00, 0.159243, 0.148060, 0.692697, Iris-versicolor
5.90, 3.00, 4.20, 1.50, 0.125247, 0.017590, 0.857163, Iris-versicolor
6.00, 2.20, 4.00, 1.00, 0.137244, 0.039779, 0.822977, Iris-versicolor
6.10, 2.90, 4.70, 1.40, 0.436608, 0.019264, 0.544129, Iris-versicolor
5.60, 2.90, 3.60, 1.30, 0.110644, 0.061304, 0.828052, Iris-versicolor
6.70, 3.10, 4.40, 1.40, 0.607954, 0.036047, 0.355999, Iris-versicolor
5.60, 3.00, 4.50, 1.50, 0.137563, 0.017417, 0.845020, Iris-versicolor
5.80, 2.70, 4.10, 1.00, 0.056702, 0.015410, 0.927887, Iris-versicolor
6.20, 2.20, 4.50, 1.50, 0.325204, 0.026762, 0.648034, Iris-versicolor
5.60, 2.50, 3.90, 1.10, 0.055861, 0.021852, 0.922287, Iris-versicolor
5.90, 3.20, 4.80, 1.80, 0.572500, 0.025284, 0.402216, Iris-versicolor
6.10, 2.80, 4.00, 1.30, 0.123745, 0.024015, 0.852240, Iris-versicolor
6.30, 2.50, 4.90, 1.50, 0.675858, 0.017057, 0.307085, Iris-versicolor
6.10, 2.80, 4.70, 1.20, 0.344114, 0.021558, 0.634327, Iris-versicolor
6.40, 2.90, 4.30, 1.30, 0.364607, 0.031777, 0.603616, Iris-versicolor
6.60, 3.00, 4.40, 1.40, 0.568447, 0.032290, 0.399263, Iris-versicolor
6.80, 2.80, 4.80, 1.40, 0.805489, 0.017923, 0.176588, Iris-versicolor
6.70, 3.00, 5.00, 1.70, 0.968396, 0.003097, 0.028508, Iris-versicolor
6.00, 2.90, 4.50, 1.50, 0.244422, 0.016587, 0.738991, Iris-versicolor
5.70, 2.60, 3.50, 1.00, 0.122818, 0.085926, 0.791256, Iris-versicolor
5.50, 2.40, 3.80, 1.10, 0.079210, 0.038088, 0.882702, Iris-versicolor
5.50, 2.40, 3.70, 1.00, 0.099008, 0.057904, 0.843088, Iris-versicolor
5.80, 2.70, 3.90, 1.20, 0.053325, 0.016695, 0.929981, Iris-versicolor
6.00, 2.70, 5.10, 1.60, 0.674643, 0.017340, 0.308017, Iris-versicolor
5.40, 3.00, 4.50, 1.50, 0.137505, 0.022881, 0.839615, Iris-versicolor
6.00, 3.40, 4.50, 1.60, 0.434736, 0.036378, 0.528886, Iris-versicolor
6.70, 3.10, 4.70, 1.50, 0.801883, 0.018245, 0.179873, Iris-versicolor
6.30, 2.30, 4.40, 1.30, 0.291363, 0.028601, 0.680036, Iris-versicolor
5.60, 3.00, 4.10, 1.30, 0.061672, 0.016185, 0.922142, Iris-versicolor
5.50, 2.50, 4.00, 1.30, 0.035717, 0.011544, 0.952739, Iris-versicolor
5.50, 2.60, 4.40, 1.20, 0.035388, 0.007208, 0.957404, Iris-versicolor
6.10, 3.00, 4.60, 1.40, 0.386119, 0.021179, 0.592702, Iris-versicolor
5.80, 2.60, 4.00, 1.20, 0.035500, 0.009521, 0.954979, Iris-versicolor
5.00, 2.30, 3.30, 1.00, 0.150676, 0.187018, 0.662306, Iris-versicolor
5.60, 2.70, 4.20, 1.30, 0.005357, 0.001181, 0.993462, Iris-versicolor
5.70, 3.00, 4.20, 1.20, 0.066784, 0.014771, 0.918445, Iris-versicolor
5.70, 2.90, 4.20, 1.30, 0.034789, 0.006970, 0.958241, Iris-versicolor
6.20, 2.90, 4.30, 1.30, 0.234139, 0.023651, 0.742210, Iris-versicolor
5.10, 2.50, 3.00, 1.10, 0.152186, 0.266641, 0.581172, Iris-versicolor
5.70, 2.80, 4.10, 1.30, 0.020128, 0.004674, 0.975198, Iris-versicolor
6.30, 3.30, 6.00, 2.50, 0.754002, 0.040142, 0.205856, Iris-virginica
5.80, 2.70, 5.10, 1.90, 0.615647, 0.023037, 0.361316, Iris-virginica
7.10, 3.00, 5.90, 2.10, 0.825138, 0.029326, 0.145536, Iris-virginica
6.30, 2.90, 5.60, 1.80, 0.879877, 0.012771, 0.107352, Iris-virginica
6.50, 3.00, 5.80, 2.20, 0.848932, 0.020979, 0.130089, Iris-virginica
7.60, 3.00, 6.60, 2.10, 0.701514, 0.064522, 0.233964, Iris-virginica
4.90, 2.50, 4.50, 1.70, 0.189196, 0.050667, 0.760136, Iris-virginica
7.30, 2.90, 6.30, 1.80, 0.750912, 0.046887, 0.202201, Iris-virginica
6.70, 2.50, 5.80, 1.80, 0.832129, 0.021988, 0.145884, Iris-virginica
7.20, 3.60, 6.10, 2.50, 0.737616, 0.054244, 0.208140, Iris-virginica
6.50, 3.20, 5.10, 2.00, 0.944034, 0.005942, 0.050023, Iris-virginica
6.40, 2.70, 5.30, 1.90, 0.941443, 0.005332, 0.053225, Iris-virginica
6.80, 3.00, 5.50, 2.10, 0.917508, 0.011157, 0.071336, Iris-virginica
5.70, 2.50, 5.00, 2.00, 0.507554, 0.028780, 0.463666, Iris-virginica
5.80, 2.80, 5.10, 2.40, 0.654890, 0.031953, 0.313157, Iris-virginica
6.40, 3.20, 5.30, 2.30, 0.875524, 0.015283, 0.109193, Iris-virginica
6.50, 3.00, 5.50, 1.80, 0.934911, 0.007256, 0.057833, Iris-virginica
7.70, 3.80, 6.70, 2.20, 0.663375, 0.082055, 0.254570, Iris-virginica
7.70, 2.60, 6.90, 2.30, 0.662999, 0.076480, 0.260521, Iris-virginica
6.00, 2.20, 5.00, 1.50, 0.476532, 0.027359, 0.496109, Iris-virginica
6.90, 3.20, 5.70, 2.30, 0.845667, 0.024823, 0.129510, Iris-virginica
5.60, 2.80, 4.90, 2.00, 0.459497, 0.030006, 0.510497, Iris-virginica
7.70, 2.80, 6.70, 2.00, 0.684680, 0.069382, 0.245938, Iris-virginica
6.30, 2.70, 4.90, 1.80, 0.857137, 0.008656, 0.134207, Iris-virginica
6.70, 3.30, 5.70, 2.10, 0.860872, 0.020790, 0.118338, Iris-virginica
7.20, 3.20, 6.00, 1.80, 0.795218, 0.036534, 0.168249, Iris-virginica
6.20, 2.80, 4.80, 1.80, 0.760781, 0.012429, 0.226790, Iris-virginica
6.10, 3.00, 4.90, 1.80, 0.767437, 0.013683, 0.218880, Iris-virginica
6.40, 2.80, 5.60, 2.10, 0.884458, 0.013466, 0.102076, Iris-virginica
7.20, 3.00, 5.80, 1.60, 0.817502, 0.029985, 0.152512, Iris-virginica
7.40, 2.80, 6.10, 1.90, 0.768169, 0.042818, 0.189013, Iris-virginica
7.90, 3.80, 6.40, 2.00, 0.670911, 0.080392, 0.248697, Iris-virginica
6.40, 2.80, 5.60, 2.20, 0.871864, 0.015418, 0.112718, Iris-virginica
6.30, 2.80, 5.10, 1.50, 0.848828, 0.010042, 0.141130, Iris-virginica
6.10, 2.60, 5.60, 1.40, 0.715308, 0.026177, 0.258515, Iris-virginica
7.70, 3.00, 6.10, 2.30, 0.734772, 0.055394, 0.209834, Iris-virginica
6.30, 3.40, 5.60, 2.40, 0.796593, 0.029654, 0.173753, Iris-virginica
6.40, 3.10, 5.50, 1.80, 0.913763, 0.009521, 0.076716, Iris-virginica
6.00, 3.00, 4.80, 1.80, 0.628655, 0.018590, 0.352755, Iris-virginica
6.90, 3.10, 5.40, 2.10, 0.914159, 0.012058, 0.073783, Iris-virginica
6.70, 3.10, 5.60, 2.40, 0.856995, 0.021181, 0.121824, Iris-virginica
6.90, 3.10, 5.10, 2.30, 0.890283, 0.015328, 0.094389, Iris-virginica
5.80, 2.70, 5.10, 1.90, 0.615647, 0.023037, 0.361316, Iris-virginica
6.80, 3.20, 5.90, 2.30, 0.820358, 0.029485, 0.150157, Iris-virginica
6.70, 3.30, 5.70, 2.50, 0.814623, 0.030178, 0.155199, Iris-virginica
6.70, 3.00, 5.20, 2.30, 0.914893, 0.010758, 0.074349, Iris-virginica
6.30, 2.50, 5.00, 1.90, 0.825561, 0.012072, 0.162367, Iris-virginica
6.50, 3.00, 5.20, 2.00, 0.976438, 0.002398, 0.021165, Iris-virginica
6.20, 3.40, 5.40, 2.30, 0.802478, 0.025734, 0.171788, Iris-virginica
5.90, 3.00, 5.10, 1.80, 0.700707, 0.019391, 0.279902, Iris-virginica
