% Title: Title
%
% Centers:
% 	5.889299 2.761271 4.364392 1.397515 
% 	5.003562 3.403031 1.485010 0.251545 
% 	6.775210 3.052459 5.647035 2.053659 
%

@RELATION

@ATTRIBUTE Attribute0 	 REAL
@ATTRIBUTE Attribute1 	 REAL
@ATTRIBUTE Attribute2 	 REAL
@ATTRIBUTE Attribute3 	 REAL
@ATTRIBUTE MU 	 FUZZY {Zhluk0, Zhluk1, Zhluk2}
@ATTRIBUTE class 	 {Iris-setosa, Iris-versicolor, Iris-virginica}

@DATA
5.10, 3.50, 1.40, 0.20, 0.002501, 0.996336, 0.001164, Iris-setosa
4.90, 3.00, 1.40, 0.20, 0.015884, 0.976961, 0.007155, Iris-setosa
4.70, 3.20, 1.30, 0.20, 0.013425, 0.980315, 0.006260, Iris-setosa
4.60, 3.10, 1.50, 0.20, 0.021846, 0.968322, 0.009832, Iris-setosa
5.00, 3.60, 1.40, 0.20, 0.004131, 0.993927, 0.001942, Iris-setosa
5.40, 3.90, 1.70, 0.40, 0.045773, 0.933159, 0.021068, Iris-setosa
4.60, 3.40, 1.40, 0.30, 0.014002, 0.979493, 0.006505, Iris-setosa
5.00, 3.40, 1.50, 0.20, 0.000268, 0.999611, 0.000121, Iris-setosa
4.40, 2.90, 1.40, 0.20, 0.046894, 0.931576, 0.021530, Iris-setosa
4.90, 3.10, 1.50, 0.10, 0.011263, 0.983696, 0.005042, Iris-setosa
5.40, 3.70, 1.50, 0.20, 0.022314, 0.967222, 0.010464, Iris-setosa
4.80, 3.40, 1.60, 0.20, 0.005330, 0.992283, 0.002386, Iris-setosa
4.80, 3.00, 1.40, 0.10, 0.019415, 0.971755, 0.008830, Iris-setosa
4.30, 3.00, 1.10, 0.10, 0.051289, 0.923715, 0.024995, Iris-setosa
5.80, 4.00, 1.20, 0.20, 0.073491, 0.888416, 0.038093, Iris-setosa
5.70, 4.40, 1.50, 0.40, 0.105690, 0.839300, 0.055010, Iris-setosa
5.40, 3.90, 1.30, 0.40, 0.036514, 0.945527, 0.017958, Iris-setosa
5.10, 3.50, 1.40, 0.30, 0.002524, 0.996308, 0.001168, Iris-setosa
5.70, 3.80, 1.70, 0.30, 0.066271, 0.903086, 0.030643, Iris-setosa
5.10, 3.80, 1.50, 0.30, 0.014916, 0.978073, 0.007012, Iris-setosa
5.40, 3.40, 1.70, 0.20, 0.021742, 0.968765, 0.009493, Iris-setosa
5.10, 3.70, 1.50, 0.40, 0.011007, 0.983905, 0.005088, Iris-setosa
4.60, 3.60, 1.00, 0.20, 0.027855, 0.958136, 0.014009, Iris-setosa
5.10, 3.30, 1.70, 0.50, 0.014206, 0.979788, 0.006005, Iris-setosa
4.80, 3.40, 1.90, 0.20, 0.022987, 0.967281, 0.009732, Iris-setosa
5.00, 3.00, 1.60, 0.20, 0.017517, 0.974914, 0.007569, Iris-setosa
5.00, 3.40, 1.60, 0.40, 0.003568, 0.994864, 0.001568, Iris-setosa
5.20, 3.50, 1.50, 0.20, 0.004739, 0.993094, 0.002167, Iris-setosa
5.20, 3.40, 1.40, 0.20, 0.004338, 0.993661, 0.002001, Iris-setosa
4.70, 3.20, 1.60, 0.20, 0.013694, 0.980247, 0.006060, Iris-setosa
4.80, 3.10, 1.60, 0.20, 0.014080, 0.979759, 0.006161, Iris-setosa
5.40, 3.40, 1.50, 0.40, 0.017752, 0.974282, 0.007966, Iris-setosa
5.20, 4.10, 1.50, 0.10, 0.042202, 0.936938, 0.020860, Iris-setosa
5.50, 4.20, 1.40, 0.20, 0.064650, 0.902401, 0.032948, Iris-setosa
4.90, 3.10, 1.50, 0.10, 0.011263, 0.983696, 0.005042, Iris-setosa
5.00, 3.20, 1.20, 0.20, 0.009918, 0.985409, 0.004673, Iris-setosa
5.50, 3.50, 1.30, 0.20, 0.024487, 0.963834, 0.011679, Iris-setosa
4.90, 3.10, 1.50, 0.10, 0.011263, 0.983696, 0.005042, Iris-setosa
4.40, 3.00, 1.30, 0.20, 0.040466, 0.940586, 0.018948, Iris-setosa
5.10, 3.40, 1.50, 0.20, 0.001141, 0.998343, 0.000517, Iris-setosa
5.00, 3.50, 1.30, 0.30, 0.003833, 0.994361, 0.001806, Iris-setosa
4.50, 2.30, 1.30, 0.30, 0.100870, 0.852767, 0.046363, Iris-setosa
4.40, 3.20, 1.30, 0.20, 0.031856, 0.953084, 0.015060, Iris-setosa
5.00, 3.50, 1.60, 0.60, 0.014666, 0.978879, 0.006456, Iris-setosa
5.10, 3.80, 1.90, 0.40, 0.038877, 0.944193, 0.016930, Iris-setosa
4.80, 3.00, 1.40, 0.30, 0.018487, 0.973210, 0.008303, Iris-setosa
5.10, 3.80, 1.60, 0.20, 0.016546, 0.975761, 0.007693, Iris-setosa
4.60, 3.20, 1.40, 0.20, 0.017270, 0.974778, 0.007952, Iris-setosa
5.30, 3.70, 1.50, 0.20, 0.016077, 0.976401, 0.007522, Iris-setosa
5.00, 3.30, 1.40, 0.20, 0.001810, 0.997361, 0.000829, Iris-setosa
7.00, 3.20, 4.70, 1.40, 0.454593, 0.044599, 0.500808, Iris-versicolor
6.40, 3.20, 4.50, 1.50, 0.764404, 0.029152, 0.206443, Iris-versicolor
6.90, 3.10, 4.90, 1.50, 0.369150, 0.031292, 0.599557, Iris-versicolor
5.50, 2.30, 4.00, 1.30, 0.869860, 0.049600, 0.080540, Iris-versicolor
6.50, 2.80, 4.60, 1.50, 0.759168, 0.024110, 0.216722, Iris-versicolor
5.70, 2.80, 4.50, 1.30, 0.973775, 0.005756, 0.020469, Iris-versicolor
6.30, 3.30, 4.70, 1.60, 0.673488, 0.029787, 0.296725, Iris-versicolor
4.90, 2.40, 3.30, 1.00, 0.581356, 0.286502, 0.132142, Iris-versicolor
6.60, 2.90, 4.60, 1.30, 0.721396, 0.031245, 0.247359, Iris-versicolor
5.20, 2.70, 3.90, 1.40, 0.830162, 0.075059, 0.094779, Iris-versicolor
5.00, 2.00, 3.50, 1.00, 0.635530, 0.219528, 0.144942, Iris-versicolor
5.90, 3.00, 4.20, 1.50, 0.962071, 0.009201, 0.028728, Iris-versicolor
6.00, 2.20, 4.00, 1.00, 0.842951, 0.055880, 0.101170, Iris-versicolor
6.10, 2.90, 4.70, 1.40, 0.899987, 0.012094, 0.087919, Iris-versicolor
5.60, 2.90, 3.60, 1.30, 0.815772, 0.091978, 0.092249, Iris-versicolor
6.70, 3.10, 4.40, 1.40, 0.690192, 0.041733, 0.268076, Iris-versicolor
5.60, 3.00, 4.50, 1.50, 0.933191, 0.014171, 0.052638, Iris-versicolor
5.80, 2.70, 4.10, 1.00, 0.925519, 0.026023, 0.048458, Iris-versicolor
6.20, 2.20, 4.50, 1.50, 0.835500, 0.027201, 0.137300, Iris-versicolor
5.60, 2.50, 3.90, 1.10, 0.877295, 0.051832, 0.070873, Iris-versicolor
5.90, 3.20, 4.80, 1.80, 0.722057, 0.027611, 0.250333, Iris-versicolor
6.10, 2.80, 4.00, 1.30, 0.934176, 0.019559, 0.046265, Iris-versicolor
6.30, 2.50, 4.90, 1.50, 0.705872, 0.023990, 0.270138, Iris-versicolor
6.10, 2.80, 4.70, 1.20, 0.902965, 0.013928, 0.083107, Iris-versicolor
6.40, 2.90, 4.30, 1.30, 0.876068, 0.022915, 0.101016, Iris-versicolor
6.60, 3.00, 4.40, 1.40, 0.755089, 0.033950, 0.210961, Iris-versicolor
6.80, 2.80, 4.80, 1.40, 0.524094, 0.033637, 0.442269, Iris-versicolor
6.70, 3.00, 5.00, 1.70, 0.306816, 0.021212, 0.671972, Iris-versicolor
6.00, 2.90, 4.50, 1.50, 0.969059, 0.004916, 0.026025, Iris-versicolor
5.70, 2.60, 3.50, 1.00, 0.766394, 0.128918, 0.104688, Iris-versicolor
5.50, 2.40, 3.80, 1.10, 0.831820, 0.078210, 0.089971, Iris-versicolor
5.50, 2.40, 3.70, 1.00, 0.794886, 0.104316, 0.100798, Iris-versicolor
5.80, 2.70, 3.90, 1.20, 0.918453, 0.031142, 0.050405, Iris-versicolor
6.00, 2.70, 5.10, 1.60, 0.656802, 0.023986, 0.319212, Iris-versicolor
5.40, 3.00, 4.50, 1.50, 0.891125, 0.026431, 0.082444, Iris-versicolor
6.00, 3.40, 4.50, 1.60, 0.797422, 0.032129, 0.170449, Iris-versicolor
6.70, 3.10, 4.70, 1.50, 0.555894, 0.033467, 0.410639, Iris-versicolor
6.30, 2.30, 4.40, 1.30, 0.857693, 0.026924, 0.115383, Iris-versicolor
5.60, 3.00, 4.10, 1.30, 0.928755, 0.024185, 0.047060, Iris-versicolor
5.50, 2.50, 4.00, 1.30, 0.899130, 0.038381, 0.062489, Iris-versicolor
5.50, 2.60, 4.40, 1.20, 0.930977, 0.019720, 0.049303, Iris-versicolor
6.10, 3.00, 4.60, 1.40, 0.915948, 0.011596, 0.072456, Iris-versicolor
5.80, 2.60, 4.00, 1.20, 0.935461, 0.022648, 0.041891, Iris-versicolor
5.00, 2.30, 3.30, 1.00, 0.597164, 0.270254, 0.132582, Iris-versicolor
5.60, 2.70, 4.20, 1.30, 0.958698, 0.012762, 0.028540, Iris-versicolor
5.70, 3.00, 4.20, 1.20, 0.945418, 0.016848, 0.037735, Iris-versicolor
5.70, 2.90, 4.20, 1.30, 0.967287, 0.009630, 0.023083, Iris-versicolor
6.20, 2.90, 4.30, 1.30, 0.943960, 0.011408, 0.044632, Iris-versicolor
5.10, 2.50, 3.00, 1.10, 0.518798, 0.356927, 0.124275, Iris-versicolor
5.70, 2.80, 4.10, 1.30, 0.960396, 0.012770, 0.026834, Iris-versicolor
6.30, 3.30, 6.00, 2.50, 0.120775, 0.019360, 0.859865, Iris-virginica
5.80, 2.70, 5.10, 1.90, 0.615969, 0.029323, 0.354708, Iris-virginica
7.10, 3.00, 5.90, 2.10, 0.038099, 0.006067, 0.955834, Iris-virginica
6.30, 2.90, 5.60, 1.80, 0.142204, 0.012548, 0.845249, Iris-virginica
6.50, 3.00, 5.80, 2.20, 0.037668, 0.004758, 0.957575, Iris-virginica
7.60, 3.00, 6.60, 2.10, 0.152642, 0.035455, 0.811904, Iris-virginica
4.90, 2.50, 4.50, 1.70, 0.759793, 0.073168, 0.167039, Iris-virginica
7.30, 2.90, 6.30, 1.80, 0.115111, 0.021896, 0.862993, Iris-virginica
6.70, 2.50, 5.80, 1.80, 0.117441, 0.014011, 0.868547, Iris-virginica
7.20, 3.60, 6.10, 2.50, 0.114556, 0.024398, 0.861046, Iris-virginica
6.50, 3.20, 5.10, 2.00, 0.210274, 0.016785, 0.772941, Iris-virginica
6.40, 2.70, 5.30, 1.90, 0.223546, 0.015785, 0.760670, Iris-virginica
6.80, 3.00, 5.50, 2.10, 0.010056, 0.001171, 0.988773, Iris-virginica
5.70, 2.50, 5.00, 2.00, 0.660212, 0.034406, 0.305381, Iris-virginica
5.80, 2.80, 5.10, 2.40, 0.461287, 0.038405, 0.500308, Iris-virginica
6.40, 3.20, 5.30, 2.30, 0.136281, 0.014079, 0.849639, Iris-virginica
6.50, 3.00, 5.50, 1.80, 0.079834, 0.007179, 0.912987, Iris-virginica
7.70, 3.80, 6.70, 2.20, 0.185802, 0.050564, 0.763634, Iris-virginica
7.70, 2.60, 6.90, 2.30, 0.193235, 0.049191, 0.757574, Iris-virginica
6.00, 2.20, 5.00, 1.50, 0.710925, 0.032241, 0.256833, Iris-virginica
6.90, 3.20, 5.70, 2.30, 0.025665, 0.003821, 0.970514, Iris-virginica
5.60, 2.80, 4.90, 2.00, 0.707217, 0.033667, 0.259116, Iris-virginica
7.70, 2.80, 6.70, 2.00, 0.174806, 0.041974, 0.783220, Iris-virginica
6.30, 2.70, 4.90, 1.80, 0.596344, 0.022815, 0.380842, Iris-virginica
6.70, 3.30, 5.70, 2.10, 0.021742, 0.002912, 0.975345, Iris-virginica
7.20, 3.20, 6.00, 1.80, 0.075134, 0.012900, 0.911966, Iris-virginica
6.20, 2.80, 4.80, 1.80, 0.708330, 0.020978, 0.270693, Iris-virginica
6.10, 3.00, 4.90, 1.80, 0.647484, 0.023091, 0.329425, Iris-virginica
6.40, 2.80, 5.60, 2.10, 0.083159, 0.008374, 0.908467, Iris-virginica
7.20, 3.00, 5.80, 1.60, 0.094766, 0.014449, 0.890785, Iris-virginica
7.40, 2.80, 6.10, 1.90, 0.107421, 0.019785, 0.872794, Iris-virginica
7.90, 3.80, 6.40, 2.00, 0.188985, 0.050880, 0.760135, Iris-virginica
6.40, 2.80, 5.60, 2.20, 0.084981, 0.008971, 0.906047, Iris-virginica
6.30, 2.80, 5.10, 1.50, 0.540798, 0.023408, 0.435795, Iris-virginica
6.10, 2.60, 5.60, 1.40, 0.393047, 0.031228, 0.575725, Iris-virginica
7.70, 3.00, 6.10, 2.30, 0.131742, 0.028654, 0.839604, Iris-virginica
6.30, 3.40, 5.60, 2.40, 0.128804, 0.017233, 0.853963, Iris-virginica
6.40, 3.10, 5.50, 1.80, 0.110321, 0.009803, 0.879877, Iris-virginica
6.00, 3.00, 4.80, 1.80, 0.750377, 0.021716, 0.227907, Iris-virginica
6.90, 3.10, 5.40, 2.10, 0.029012, 0.003494, 0.967493, Iris-virginica
6.70, 3.10, 5.60, 2.40, 0.037692, 0.005078, 0.957230, Iris-virginica
6.90, 3.10, 5.10, 2.30, 0.129639, 0.015415, 0.854945, Iris-virginica
5.80, 2.70, 5.10, 1.90, 0.615969, 0.029323, 0.354708, Iris-virginica
6.80, 3.20, 5.90, 2.30, 0.033690, 0.005241, 0.961068, Iris-virginica
6.70, 3.30, 5.70, 2.50, 0.063180, 0.009698, 0.927122, Iris-virginica
6.70, 3.00, 5.20, 2.30, 0.106562, 0.011278, 0.882159, Iris-virginica
6.30, 2.50, 5.00, 1.90, 0.508009, 0.025828, 0.466163, Iris-virginica
6.50, 3.00, 5.20, 2.00, 0.156792, 0.012137, 0.831071, Iris-virginica
6.20, 3.40, 5.40, 2.30, 0.189242, 0.021594, 0.789164, Iris-virginica
5.90, 3.00, 5.10, 1.80, 0.582275, 0.026933, 0.390792, Iris-virginica
