% Title: Title
%
% Centers:
% 	6.775193 3.052453 5.647008 2.053646 
% 	5.889269 2.761260 4.364353 1.397496 
% 	5.003562 3.403032 1.485007 0.251544 
%

@RELATION

@ATTRIBUTE Attribute0 	 REAL
@ATTRIBUTE Attribute1 	 REAL
@ATTRIBUTE Attribute2 	 REAL
@ATTRIBUTE Attribute3 	 REAL
@ATTRIBUTE MU 	 FUZZY {Zhluk0, Zhluk1, Zhluk2}
@ATTRIBUTE class 	 {Iris-setosa, Iris-versicolor, Iris-virginica}

@DATA
5.10, 3.50, 1.40, 0.20, 0.001163, 0.002501, 0.996336, Iris-setosa
4.90, 3.00, 1.40, 0.20, 0.007155, 0.015885, 0.976960, Iris-setosa
4.70, 3.20, 1.30, 0.20, 0.006260, 0.013426, 0.980314, Iris-setosa
4.60, 3.10, 1.50, 0.20, 0.009832, 0.021848, 0.968321, Iris-setosa
5.00, 3.60, 1.40, 0.20, 0.001942, 0.004131, 0.993927, Iris-setosa
5.40, 3.90, 1.70, 0.40, 0.021069, 0.045775, 0.933157, Iris-setosa
4.60, 3.40, 1.40, 0.30, 0.006505, 0.014003, 0.979492, Iris-setosa
5.00, 3.40, 1.50, 0.20, 0.000121, 0.000268, 0.999611, Iris-setosa
4.40, 2.90, 1.40, 0.20, 0.021530, 0.046897, 0.931573, Iris-setosa
4.90, 3.10, 1.50, 0.10, 0.005042, 0.011263, 0.983695, Iris-setosa
5.40, 3.70, 1.50, 0.20, 0.010464, 0.022315, 0.967221, Iris-setosa
4.80, 3.40, 1.60, 0.20, 0.002386, 0.005331, 0.992283, Iris-setosa
4.80, 3.00, 1.40, 0.10, 0.008830, 0.019416, 0.971754, Iris-setosa
4.30, 3.00, 1.10, 0.10, 0.024996, 0.051292, 0.923713, Iris-setosa
5.80, 4.00, 1.20, 0.20, 0.038093, 0.073493, 0.888414, Iris-setosa
5.70, 4.40, 1.50, 0.40, 0.055010, 0.105693, 0.839297, Iris-setosa
5.40, 3.90, 1.30, 0.40, 0.017958, 0.036515, 0.945526, Iris-setosa
5.10, 3.50, 1.40, 0.30, 0.001168, 0.002524, 0.996308, Iris-setosa
5.70, 3.80, 1.70, 0.30, 0.030644, 0.066273, 0.903083, Iris-setosa
5.10, 3.80, 1.50, 0.30, 0.007012, 0.014916, 0.978072, Iris-setosa
5.40, 3.40, 1.70, 0.20, 0.009493, 0.021743, 0.968764, Iris-setosa
5.10, 3.70, 1.50, 0.40, 0.005088, 0.011008, 0.983904, Iris-setosa
4.60, 3.60, 1.00, 0.20, 0.014009, 0.027855, 0.958135, Iris-setosa
5.10, 3.30, 1.70, 0.50, 0.006006, 0.014208, 0.979787, Iris-setosa
4.80, 3.40, 1.90, 0.20, 0.009733, 0.022989, 0.967279, Iris-setosa
5.00, 3.00, 1.60, 0.20, 0.007569, 0.017518, 0.974913, Iris-setosa
5.00, 3.40, 1.60, 0.40, 0.001568, 0.003569, 0.994863, Iris-setosa
5.20, 3.50, 1.50, 0.20, 0.002167, 0.004739, 0.993094, Iris-setosa
5.20, 3.40, 1.40, 0.20, 0.002001, 0.004338, 0.993661, Iris-setosa
4.70, 3.20, 1.60, 0.20, 0.006060, 0.013695, 0.980245, Iris-setosa
4.80, 3.10, 1.60, 0.20, 0.006161, 0.014081, 0.979758, Iris-setosa
5.40, 3.40, 1.50, 0.40, 0.007966, 0.017753, 0.974280, Iris-setosa
5.20, 4.10, 1.50, 0.10, 0.020860, 0.042204, 0.936937, Iris-setosa
5.50, 4.20, 1.40, 0.20, 0.032948, 0.064652, 0.902400, Iris-setosa
4.90, 3.10, 1.50, 0.10, 0.005042, 0.011263, 0.983695, Iris-setosa
5.00, 3.20, 1.20, 0.20, 0.004673, 0.009919, 0.985409, Iris-setosa
5.50, 3.50, 1.30, 0.20, 0.011679, 0.024488, 0.963833, Iris-setosa
4.90, 3.10, 1.50, 0.10, 0.005042, 0.011263, 0.983695, Iris-setosa
4.40, 3.00, 1.30, 0.20, 0.018948, 0.040468, 0.940584, Iris-setosa
5.10, 3.40, 1.50, 0.20, 0.000517, 0.001141, 0.998343, Iris-setosa
5.00, 3.50, 1.30, 0.30, 0.001806, 0.003833, 0.994361, Iris-setosa
4.50, 2.30, 1.30, 0.30, 0.046363, 0.100875, 0.852761, Iris-setosa
4.40, 3.20, 1.30, 0.20, 0.015060, 0.031857, 0.953082, Iris-setosa
5.00, 3.50, 1.60, 0.60, 0.006456, 0.014667, 0.978877, Iris-setosa
5.10, 3.80, 1.90, 0.40, 0.016931, 0.038879, 0.944190, Iris-setosa
4.80, 3.00, 1.40, 0.30, 0.008303, 0.018488, 0.973209, Iris-setosa
5.10, 3.80, 1.60, 0.20, 0.007694, 0.016546, 0.975760, Iris-setosa
4.60, 3.20, 1.40, 0.20, 0.007953, 0.017271, 0.974777, Iris-setosa
5.30, 3.70, 1.50, 0.20, 0.007522, 0.016078, 0.976400, Iris-setosa
5.00, 3.30, 1.40, 0.20, 0.000829, 0.001810, 0.997361, Iris-setosa
7.00, 3.20, 4.70, 1.40, 0.500850, 0.454550, 0.044600, Iris-versicolor
6.40, 3.20, 4.50, 1.50, 0.206487, 0.764357, 0.029157, Iris-versicolor
6.90, 3.10, 4.90, 1.50, 0.599608, 0.369100, 0.031293, Iris-versicolor
5.50, 2.30, 4.00, 1.30, 0.080525, 0.869886, 0.049589, Iris-versicolor
6.50, 2.80, 4.60, 1.50, 0.216774, 0.759111, 0.024115, Iris-versicolor
5.70, 2.80, 4.50, 1.30, 0.020468, 0.973777, 0.005755, Iris-versicolor
6.30, 3.30, 4.70, 1.60, 0.296780, 0.673429, 0.029791, Iris-versicolor
4.90, 2.40, 3.30, 1.00, 0.132135, 0.581387, 0.286478, Iris-versicolor
6.60, 2.90, 4.60, 1.30, 0.247405, 0.721346, 0.031249, Iris-versicolor
5.20, 2.70, 3.90, 1.40, 0.094764, 0.830190, 0.075045, Iris-versicolor
5.00, 2.00, 3.50, 1.00, 0.144933, 0.635558, 0.219508, Iris-versicolor
5.90, 3.00, 4.20, 1.50, 0.028728, 0.962072, 0.009200, Iris-versicolor
6.00, 2.20, 4.00, 1.00, 0.101160, 0.842967, 0.055873, Iris-versicolor
6.10, 2.90, 4.70, 1.40, 0.087959, 0.899942, 0.012099, Iris-versicolor
5.60, 2.90, 3.60, 1.30, 0.092236, 0.815801, 0.091962, Iris-versicolor
6.70, 3.10, 4.40, 1.40, 0.268113, 0.690150, 0.041737, Iris-versicolor
5.60, 3.00, 4.50, 1.50, 0.052640, 0.933189, 0.014171, Iris-versicolor
5.80, 2.70, 4.10, 1.00, 0.048445, 0.925540, 0.026015, Iris-versicolor
6.20, 2.20, 4.50, 1.50, 0.137314, 0.835483, 0.027202, Iris-versicolor
5.60, 2.50, 3.90, 1.10, 0.070858, 0.877324, 0.051818, Iris-versicolor
5.90, 3.20, 4.80, 1.80, 0.250377, 0.722008, 0.027614, Iris-versicolor
6.10, 2.80, 4.00, 1.30, 0.046260, 0.934184, 0.019556, Iris-versicolor
6.30, 2.50, 4.90, 1.50, 0.270193, 0.705814, 0.023993, Iris-versicolor
6.10, 2.80, 4.70, 1.20, 0.083135, 0.902934, 0.013932, Iris-versicolor
6.40, 2.90, 4.30, 1.30, 0.101036, 0.876045, 0.022919, Iris-versicolor
6.60, 3.00, 4.40, 1.40, 0.210998, 0.755048, 0.033954, Iris-versicolor
6.80, 2.80, 4.80, 1.40, 0.442324, 0.524037, 0.033639, Iris-versicolor
6.70, 3.00, 5.00, 1.70, 0.672030, 0.306758, 0.021212, Iris-versicolor
6.00, 2.90, 4.50, 1.50, 0.026045, 0.969035, 0.004919, Iris-versicolor
5.70, 2.60, 3.50, 1.00, 0.104676, 0.766425, 0.128899, Iris-versicolor
5.50, 2.40, 3.80, 1.10, 0.089955, 0.831850, 0.078194, Iris-versicolor
5.50, 2.40, 3.70, 1.00, 0.100784, 0.794918, 0.104298, Iris-versicolor
5.80, 2.70, 3.90, 1.20, 0.050390, 0.918478, 0.031132, Iris-versicolor
6.00, 2.70, 5.10, 1.60, 0.319269, 0.656742, 0.023989, Iris-versicolor
5.40, 3.00, 4.50, 1.50, 0.082441, 0.891129, 0.026429, Iris-versicolor
6.00, 3.40, 4.50, 1.60, 0.170476, 0.797391, 0.032133, Iris-versicolor
6.70, 3.10, 4.70, 1.50, 0.410697, 0.555834, 0.033469, Iris-versicolor
6.30, 2.30, 4.40, 1.30, 0.115394, 0.857681, 0.026925, Iris-versicolor
5.60, 3.00, 4.10, 1.30, 0.047048, 0.928774, 0.024178, Iris-versicolor
5.50, 2.50, 4.00, 1.30, 0.062472, 0.899158, 0.038370, Iris-versicolor
5.50, 2.60, 4.40, 1.20, 0.049291, 0.930994, 0.019715, Iris-versicolor
6.10, 3.00, 4.60, 1.40, 0.072489, 0.915911, 0.011601, Iris-versicolor
5.80, 2.60, 4.00, 1.20, 0.041877, 0.935484, 0.022639, Iris-versicolor
5.00, 2.30, 3.30, 1.00, 0.132575, 0.597195, 0.270231, Iris-versicolor
5.60, 2.70, 4.20, 1.30, 0.028527, 0.958718, 0.012755, Iris-versicolor
5.70, 3.00, 4.20, 1.20, 0.037725, 0.945432, 0.016843, Iris-versicolor
5.70, 2.90, 4.20, 1.30, 0.023073, 0.967302, 0.009625, Iris-versicolor
6.20, 2.90, 4.30, 1.30, 0.044643, 0.943947, 0.011410, Iris-versicolor
5.10, 2.50, 3.00, 1.10, 0.124270, 0.518828, 0.356902, Iris-versicolor
5.70, 2.80, 4.10, 1.30, 0.026820, 0.960416, 0.012764, Iris-versicolor
6.30, 3.30, 6.00, 2.50, 0.859868, 0.120771, 0.019361, Iris-virginica
5.80, 2.70, 5.10, 1.90, 0.354752, 0.615924, 0.029325, Iris-virginica
7.10, 3.00, 5.90, 2.10, 0.955832, 0.038100, 0.006068, Iris-virginica
6.30, 2.90, 5.60, 1.80, 0.845275, 0.142178, 0.012547, Iris-virginica
6.50, 3.00, 5.80, 2.20, 0.957576, 0.037666, 0.004758, Iris-virginica
7.60, 3.00, 6.60, 2.10, 0.811905, 0.152639, 0.035456, Iris-virginica
4.90, 2.50, 4.50, 1.70, 0.167032, 0.759805, 0.073163, Iris-virginica
7.30, 2.90, 6.30, 1.80, 0.862995, 0.115108, 0.021897, Iris-virginica
6.70, 2.50, 5.80, 1.80, 0.868561, 0.117428, 0.014011, Iris-virginica
7.20, 3.60, 6.10, 2.50, 0.861045, 0.114555, 0.024400, Iris-virginica
6.50, 3.20, 5.10, 2.00, 0.772983, 0.210232, 0.016785, Iris-virginica
6.40, 2.70, 5.30, 1.90, 0.760714, 0.223502, 0.015784, Iris-virginica
6.80, 3.00, 5.50, 2.10, 0.988777, 0.010052, 0.001170, Iris-virginica
5.70, 2.50, 5.00, 2.00, 0.305411, 0.660181, 0.034408, Iris-virginica
5.80, 2.80, 5.10, 2.40, 0.500339, 0.461256, 0.038406, Iris-virginica
6.40, 3.20, 5.30, 2.30, 0.849660, 0.136261, 0.014079, Iris-virginica
6.50, 3.00, 5.50, 1.80, 0.913009, 0.079812, 0.007178, Iris-virginica
7.70, 3.80, 6.70, 2.20, 0.763636, 0.185798, 0.050566, Iris-virginica
7.70, 2.60, 6.90, 2.30, 0.757576, 0.193231, 0.049193, Iris-virginica
6.00, 2.20, 5.00, 1.50, 0.256862, 0.710894, 0.032244, Iris-virginica
6.90, 3.20, 5.70, 2.30, 0.970511, 0.025667, 0.003822, Iris-virginica
5.60, 2.80, 4.90, 2.00, 0.259144, 0.707187, 0.033669, Iris-virginica
7.70, 2.80, 6.70, 2.00, 0.783223, 0.174802, 0.041976, Iris-virginica
6.30, 2.70, 4.90, 1.80, 0.380912, 0.596271, 0.022817, Iris-virginica
6.70, 3.30, 5.70, 2.10, 0.975346, 0.021742, 0.002913, Iris-virginica
7.20, 3.20, 6.00, 1.80, 0.911967, 0.075132, 0.012901, Iris-virginica
6.20, 2.80, 4.80, 1.80, 0.270759, 0.708260, 0.020981, Iris-virginica
6.10, 3.00, 4.90, 1.80, 0.329492, 0.647414, 0.023094, Iris-virginica
6.40, 2.80, 5.60, 2.10, 0.908481, 0.083145, 0.008374, Iris-virginica
7.20, 3.00, 5.80, 1.60, 0.890793, 0.094758, 0.014449, Iris-virginica
7.40, 2.80, 6.10, 1.90, 0.872797, 0.107417, 0.019786, Iris-virginica
7.90, 3.80, 6.40, 2.00, 0.760139, 0.188980, 0.050881, Iris-virginica
6.40, 2.80, 5.60, 2.20, 0.906060, 0.084969, 0.008971, Iris-virginica
6.30, 2.80, 5.10, 1.50, 0.435865, 0.540725, 0.023410, Iris-virginica
6.10, 2.60, 5.60, 1.40, 0.575763, 0.393008, 0.031229, Iris-virginica
7.70, 3.00, 6.10, 2.30, 0.839606, 0.131739, 0.028655, Iris-virginica
6.30, 3.40, 5.60, 2.40, 0.853973, 0.128794, 0.017233, Iris-virginica
6.40, 3.10, 5.50, 1.80, 0.879903, 0.110296, 0.009802, Iris-virginica
6.00, 3.00, 4.80, 1.80, 0.227961, 0.750319, 0.021720, Iris-virginica
6.90, 3.10, 5.40, 2.10, 0.967500, 0.029006, 0.003494, Iris-virginica
6.70, 3.10, 5.60, 2.40, 0.957230, 0.037691, 0.005078, Iris-virginica
6.90, 3.10, 5.10, 2.30, 0.854964, 0.129621, 0.015415, Iris-virginica
5.80, 2.70, 5.10, 1.90, 0.354752, 0.615924, 0.029325, Iris-virginica
6.80, 3.20, 5.90, 2.30, 0.961065, 0.033693, 0.005242, Iris-virginica
6.70, 3.30, 5.70, 2.50, 0.927122, 0.063179, 0.009698, Iris-virginica
6.70, 3.00, 5.20, 2.30, 0.882178, 0.106544, 0.011278, Iris-virginica
6.30, 2.50, 5.00, 1.90, 0.466220, 0.507950, 0.025830, Iris-virginica
6.50, 3.00, 5.20, 2.00, 0.831109, 0.156755, 0.012136, Iris-virginica
6.20, 3.40, 5.40, 2.30, 0.789185, 0.189221, 0.021594, Iris-virginica
5.90, 3.00, 5.10, 1.80, 0.390847, 0.582218, 0.026935, Iris-virginica
