% Title: Title
%
% Centers:
% 	5.003561 3.403041 1.484992 0.251537 
% 	6.774984 3.052392 5.646746 2.053543 
% 	5.889088 2.761195 4.364092 1.397362 
%

@RELATION

@ATTRIBUTE Attribute0 	 REAL
@ATTRIBUTE Attribute1 	 REAL
@ATTRIBUTE Attribute2 	 REAL
@ATTRIBUTE Attribute3 	 REAL
@ATTRIBUTE MU 	 FUZZY {Zhluk0, Zhluk1, Zhluk2}
@ATTRIBUTE class 	 {Iris-setosa, Iris-versicolor, Iris-virginica}

@DATA
5.10, 3.50, 1.40, 0.20, 0.996336, 0.001163, 0.002501, Iris-setosa
4.90, 3.00, 1.40, 0.20, 0.976953, 0.007157, 0.015890, Iris-setosa
4.70, 3.20, 1.30, 0.20, 0.980309, 0.006261, 0.013429, Iris-setosa
4.60, 3.10, 1.50, 0.20, 0.968311, 0.009834, 0.021855, Iris-setosa
5.00, 3.60, 1.40, 0.20, 0.993927, 0.001942, 0.004131, Iris-setosa
5.40, 3.90, 1.70, 0.40, 0.933141, 0.021073, 0.045787, Iris-setosa
4.60, 3.40, 1.40, 0.30, 0.979487, 0.006506, 0.014006, Iris-setosa
5.00, 3.40, 1.50, 0.20, 0.999611, 0.000121, 0.000268, Iris-setosa
4.40, 2.90, 1.40, 0.20, 0.931555, 0.021534, 0.046911, Iris-setosa
4.90, 3.10, 1.50, 0.10, 0.983690, 0.005043, 0.011267, Iris-setosa
5.40, 3.70, 1.50, 0.20, 0.967214, 0.010466, 0.022320, Iris-setosa
4.80, 3.40, 1.60, 0.20, 0.992280, 0.002387, 0.005333, Iris-setosa
4.80, 3.00, 1.40, 0.10, 0.971746, 0.008832, 0.019422, Iris-setosa
4.30, 3.00, 1.10, 0.10, 0.923696, 0.025000, 0.051304, Iris-setosa
5.80, 4.00, 1.20, 0.20, 0.888396, 0.038099, 0.073505, Iris-setosa
5.70, 4.40, 1.50, 0.40, 0.839271, 0.055018, 0.105711, Iris-setosa
5.40, 3.90, 1.30, 0.40, 0.945516, 0.017961, 0.036523, Iris-setosa
5.10, 3.50, 1.40, 0.30, 0.996307, 0.001168, 0.002525, Iris-setosa
5.70, 3.80, 1.70, 0.30, 0.903061, 0.030649, 0.066290, Iris-setosa
5.10, 3.80, 1.50, 0.30, 0.978068, 0.007013, 0.014920, Iris-setosa
5.40, 3.40, 1.70, 0.20, 0.968754, 0.009495, 0.021751, Iris-setosa
5.10, 3.70, 1.50, 0.40, 0.983901, 0.005089, 0.011010, Iris-setosa
4.60, 3.60, 1.00, 0.20, 0.958129, 0.014011, 0.027860, Iris-setosa
5.10, 3.30, 1.70, 0.50, 0.979778, 0.006008, 0.014214, Iris-setosa
4.80, 3.40, 1.90, 0.20, 0.967267, 0.009736, 0.022998, Iris-setosa
5.00, 3.00, 1.60, 0.20, 0.974903, 0.007571, 0.017526, Iris-setosa
5.00, 3.40, 1.60, 0.40, 0.994860, 0.001569, 0.003571, Iris-setosa
5.20, 3.50, 1.50, 0.20, 0.993092, 0.002167, 0.004741, Iris-setosa
5.20, 3.40, 1.40, 0.20, 0.993660, 0.002001, 0.004339, Iris-setosa
4.70, 3.20, 1.60, 0.20, 0.980239, 0.006061, 0.013700, Iris-setosa
4.80, 3.10, 1.60, 0.20, 0.979751, 0.006163, 0.014087, Iris-setosa
5.40, 3.40, 1.50, 0.40, 0.974273, 0.007968, 0.017759, Iris-setosa
5.20, 4.10, 1.50, 0.10, 0.936925, 0.020863, 0.042212, Iris-setosa
5.50, 4.20, 1.40, 0.20, 0.902383, 0.032953, 0.064664, Iris-setosa
4.90, 3.10, 1.50, 0.10, 0.983690, 0.005043, 0.011267, Iris-setosa
5.00, 3.20, 1.20, 0.20, 0.985406, 0.004673, 0.009921, Iris-setosa
5.50, 3.50, 1.30, 0.20, 0.963826, 0.011681, 0.024494, Iris-setosa
4.90, 3.10, 1.50, 0.10, 0.983690, 0.005043, 0.011267, Iris-setosa
4.40, 3.00, 1.30, 0.20, 0.940569, 0.018952, 0.040479, Iris-setosa
5.10, 3.40, 1.50, 0.20, 0.998342, 0.000517, 0.001141, Iris-setosa
5.00, 3.50, 1.30, 0.30, 0.994361, 0.001806, 0.003833, Iris-setosa
4.50, 2.30, 1.30, 0.30, 0.852725, 0.046371, 0.100903, Iris-setosa
4.40, 3.20, 1.30, 0.20, 0.953071, 0.015063, 0.031866, Iris-setosa
5.00, 3.50, 1.60, 0.60, 0.978870, 0.006458, 0.014672, Iris-setosa
5.10, 3.80, 1.90, 0.40, 0.944174, 0.016935, 0.038892, Iris-setosa
4.80, 3.00, 1.40, 0.30, 0.973201, 0.008305, 0.018494, Iris-setosa
5.10, 3.80, 1.60, 0.20, 0.975755, 0.007695, 0.016550, Iris-setosa
4.60, 3.20, 1.40, 0.20, 0.974770, 0.007954, 0.017276, Iris-setosa
5.30, 3.70, 1.50, 0.20, 0.976396, 0.007523, 0.016082, Iris-setosa
5.00, 3.30, 1.40, 0.20, 0.997361, 0.000829, 0.001810, Iris-setosa
7.00, 3.20, 4.70, 1.40, 0.044600, 0.501142, 0.454258, Iris-versicolor
6.40, 3.20, 4.50, 1.50, 0.029177, 0.206783, 0.764040, Iris-versicolor
6.90, 3.10, 4.90, 1.50, 0.031287, 0.599970, 0.368743, Iris-versicolor
5.50, 2.30, 4.00, 1.30, 0.049530, 0.080467, 0.870002, Iris-versicolor
6.50, 2.80, 4.60, 1.50, 0.024135, 0.217133, 0.758732, Iris-versicolor
5.70, 2.80, 4.50, 1.30, 0.005752, 0.020471, 0.973777, Iris-versicolor
6.30, 3.30, 4.70, 1.60, 0.029806, 0.297186, 0.673008, Iris-versicolor
4.90, 2.40, 3.30, 1.00, 0.286343, 0.132120, 0.581537, Iris-versicolor
6.60, 2.90, 4.60, 1.30, 0.031266, 0.247716, 0.721018, Iris-versicolor
5.20, 2.70, 3.90, 1.40, 0.074970, 0.094713, 0.830317, Iris-versicolor
5.00, 2.00, 3.50, 1.00, 0.219399, 0.144913, 0.635688, Iris-versicolor
5.90, 3.00, 4.20, 1.50, 0.009197, 0.028734, 0.962069, Iris-versicolor
6.00, 2.20, 4.00, 1.00, 0.055830, 0.101129, 0.843041, Iris-versicolor
6.10, 2.90, 4.70, 1.40, 0.012124, 0.088214, 0.899661, Iris-versicolor
5.60, 2.90, 3.60, 1.30, 0.091870, 0.092185, 0.815945, Iris-versicolor
6.70, 3.10, 4.40, 1.40, 0.041750, 0.268372, 0.689878, Iris-versicolor
5.60, 3.00, 4.50, 1.50, 0.014173, 0.052682, 0.933145, Iris-versicolor
5.80, 2.70, 4.10, 1.00, 0.025969, 0.048384, 0.925647, Iris-versicolor
6.20, 2.20, 4.50, 1.50, 0.027211, 0.137442, 0.835347, Iris-versicolor
5.60, 2.50, 3.90, 1.10, 0.051743, 0.070788, 0.877468, Iris-versicolor
5.90, 3.20, 4.80, 1.80, 0.027631, 0.250738, 0.721631, Iris-versicolor
6.10, 2.80, 4.00, 1.30, 0.019534, 0.046235, 0.934231, Iris-versicolor
6.30, 2.50, 4.90, 1.50, 0.024009, 0.270596, 0.705395, Iris-versicolor
6.10, 2.80, 4.70, 1.20, 0.013951, 0.083311, 0.902738, Iris-versicolor
6.40, 2.90, 4.30, 1.30, 0.022933, 0.101162, 0.875906, Iris-versicolor
6.60, 3.00, 4.40, 1.40, 0.033971, 0.211246, 0.754783, Iris-versicolor
6.80, 2.80, 4.80, 1.40, 0.033643, 0.442714, 0.523643, Iris-versicolor
6.70, 3.00, 5.00, 1.70, 0.021200, 0.672503, 0.306297, Iris-versicolor
6.00, 2.90, 4.50, 1.50, 0.004938, 0.026167, 0.968895, Iris-versicolor
5.70, 2.60, 3.50, 1.00, 0.128786, 0.104629, 0.766585, Iris-versicolor
5.50, 2.40, 3.80, 1.10, 0.078106, 0.089894, 0.832000, Iris-versicolor
5.50, 2.40, 3.70, 1.00, 0.104196, 0.100729, 0.795074, Iris-versicolor
5.80, 2.70, 3.90, 1.20, 0.031074, 0.050322, 0.918604, Iris-versicolor
6.00, 2.70, 5.10, 1.60, 0.024001, 0.319730, 0.656269, Iris-versicolor
5.40, 3.00, 4.50, 1.50, 0.026422, 0.082466, 0.891112, Iris-versicolor
6.00, 3.40, 4.50, 1.60, 0.032150, 0.170681, 0.797169, Iris-versicolor
6.70, 3.10, 4.70, 1.50, 0.033476, 0.411109, 0.555415, Iris-versicolor
6.30, 2.30, 4.40, 1.30, 0.026930, 0.115486, 0.857584, Iris-versicolor
5.60, 3.00, 4.10, 1.30, 0.024139, 0.046997, 0.928864, Iris-versicolor
5.50, 2.50, 4.00, 1.30, 0.038309, 0.062404, 0.899287, Iris-versicolor
5.50, 2.60, 4.40, 1.20, 0.019688, 0.049251, 0.931062, Iris-versicolor
6.10, 3.00, 4.60, 1.40, 0.011625, 0.072694, 0.915682, Iris-versicolor
5.80, 2.60, 4.00, 1.20, 0.022590, 0.041808, 0.935601, Iris-versicolor
5.00, 2.30, 3.30, 1.00, 0.270098, 0.132557, 0.597345, Iris-versicolor
5.60, 2.70, 4.20, 1.30, 0.012719, 0.028463, 0.958817, Iris-versicolor
5.70, 3.00, 4.20, 1.20, 0.016814, 0.037683, 0.945503, Iris-versicolor
5.70, 2.90, 4.20, 1.30, 0.009599, 0.023023, 0.967378, Iris-versicolor
6.20, 2.90, 4.30, 1.30, 0.011419, 0.044707, 0.943874, Iris-versicolor
5.10, 2.50, 3.00, 1.10, 0.356758, 0.124264, 0.518978, Iris-versicolor
5.70, 2.80, 4.10, 1.30, 0.012726, 0.026755, 0.960519, Iris-versicolor
6.30, 3.30, 6.00, 2.50, 0.019366, 0.859886, 0.120748, Iris-virginica
5.80, 2.70, 5.10, 1.90, 0.029333, 0.355147, 0.615521, Iris-virginica
7.10, 3.00, 5.90, 2.10, 0.006082, 0.955752, 0.038167, Iris-virginica
6.30, 2.90, 5.60, 1.80, 0.012533, 0.845553, 0.141914, Iris-virginica
6.50, 3.00, 5.80, 2.20, 0.004757, 0.957603, 0.037640, Iris-virginica
7.60, 3.00, 6.60, 2.10, 0.035481, 0.811828, 0.152691, Iris-virginica
4.90, 2.50, 4.50, 1.70, 0.073138, 0.167051, 0.759811, Iris-virginica
7.30, 2.90, 6.30, 1.80, 0.021916, 0.862928, 0.115157, Iris-virginica
6.70, 2.50, 5.80, 1.80, 0.014009, 0.868653, 0.117338, Iris-virginica
7.20, 3.60, 6.10, 2.50, 0.024422, 0.860969, 0.114610, Iris-virginica
6.50, 3.20, 5.10, 2.00, 0.016768, 0.773390, 0.209842, Iris-virginica
6.40, 2.70, 5.30, 1.90, 0.015769, 0.761148, 0.223084, Iris-virginica
6.80, 3.00, 5.50, 2.10, 0.001166, 0.988824, 0.010010, Iris-virginica
5.70, 2.50, 5.00, 2.00, 0.034416, 0.305701, 0.659883, Iris-virginica
5.80, 2.80, 5.10, 2.40, 0.038403, 0.500657, 0.460940, Iris-virginica
6.40, 3.20, 5.30, 2.30, 0.014066, 0.849894, 0.136040, Iris-virginica
6.50, 3.00, 5.50, 1.80, 0.007163, 0.913252, 0.079585, Iris-virginica
7.70, 3.80, 6.70, 2.20, 0.050593, 0.763570, 0.185837, Iris-virginica
7.70, 2.60, 6.90, 2.30, 0.049217, 0.757517, 0.193266, Iris-virginica
6.00, 2.20, 5.00, 1.50, 0.032254, 0.257113, 0.710633, Iris-virginica
6.90, 3.20, 5.70, 2.30, 0.003831, 0.970461, 0.025709, Iris-virginica
5.60, 2.80, 4.90, 2.00, 0.033680, 0.259411, 0.706909, Iris-virginica
7.70, 2.80, 6.70, 2.00, 0.042000, 0.783157, 0.174843, Iris-virginica
6.30, 2.70, 4.90, 1.80, 0.022826, 0.381469, 0.595705, Iris-virginica
6.70, 3.30, 5.70, 2.10, 0.002915, 0.975340, 0.021745, Iris-virginica
7.20, 3.20, 6.00, 1.80, 0.012916, 0.911899, 0.075184, Iris-virginica
6.20, 2.80, 4.80, 1.80, 0.020999, 0.271259, 0.707742, Iris-virginica
6.10, 3.00, 4.90, 1.80, 0.023107, 0.330022, 0.646871, Iris-virginica
6.40, 2.80, 5.60, 2.10, 0.008363, 0.908657, 0.082981, Iris-virginica
7.20, 3.00, 5.80, 1.60, 0.014457, 0.890782, 0.094761, Iris-virginica
7.40, 2.80, 6.10, 1.90, 0.019803, 0.872732, 0.107464, Iris-virginica
7.90, 3.80, 6.40, 2.00, 0.050907, 0.760079, 0.189014, Iris-virginica
6.40, 2.80, 5.60, 2.20, 0.008962, 0.906214, 0.084824, Iris-virginica
6.30, 2.80, 5.10, 1.50, 0.023414, 0.436421, 0.540165, Iris-virginica
6.10, 2.60, 5.60, 1.40, 0.031224, 0.576089, 0.392686, Iris-virginica
7.70, 3.00, 6.10, 2.30, 0.028678, 0.839529, 0.131792, Iris-virginica
6.30, 3.40, 5.60, 2.40, 0.017229, 0.854080, 0.128691, Iris-virginica
6.40, 3.10, 5.50, 1.80, 0.009786, 0.880177, 0.110037, Iris-virginica
6.00, 3.00, 4.80, 1.80, 0.021740, 0.228381, 0.749879, Iris-virginica
6.90, 3.10, 5.40, 2.10, 0.003490, 0.967556, 0.028954, Iris-virginica
6.70, 3.10, 5.60, 2.40, 0.005080, 0.957241, 0.037679, Iris-virginica
6.90, 3.10, 5.10, 2.30, 0.015407, 0.855126, 0.129467, Iris-virginica
5.80, 2.70, 5.10, 1.90, 0.029333, 0.355147, 0.615521, Iris-virginica
6.80, 3.20, 5.90, 2.30, 0.005254, 0.961000, 0.033747, Iris-virginica
6.70, 3.30, 5.70, 2.50, 0.009705, 0.927108, 0.063187, Iris-virginica
6.70, 3.00, 5.20, 2.30, 0.011266, 0.882375, 0.106359, Iris-virginica
6.30, 2.50, 5.00, 1.90, 0.025831, 0.466711, 0.507459, Iris-virginica
6.50, 3.00, 5.20, 2.00, 0.012118, 0.831504, 0.156378, Iris-virginica
6.20, 3.40, 5.40, 2.30, 0.021584, 0.789402, 0.189014, Iris-virginica
5.90, 3.00, 5.10, 1.80, 0.026941, 0.391323, 0.581736, Iris-virginica
