% Title: Iris
%
% Centers:
% 	6.775040 3.052408 5.646818 2.053572 
% 	5.889141 2.761214 4.364167 1.397400 
% 	5.003561 3.403038 1.484997 0.251539 
%

@RELATION

@ATTRIBUTE Attribute0 	 REAL
@ATTRIBUTE Attribute1 	 REAL
@ATTRIBUTE Attribute2 	 REAL
@ATTRIBUTE Attribute3 	 REAL
@ATTRIBUTE MU 	 FUZZY {Zhluk0, Zhluk1, Zhluk2}
@ATTRIBUTE class 	 {Iris-setosa, Iris-versicolor, Iris-virginica}

@DATA
5.10, 3.50, 1.40, 0.20, 0.001163, 0.002501, 0.996336, Iris-setosa
4.90, 3.00, 1.40, 0.20, 0.007156, 0.015889, 0.976955, Iris-setosa
4.70, 3.20, 1.30, 0.20, 0.006261, 0.013428, 0.980311, Iris-setosa
4.60, 3.10, 1.50, 0.20, 0.009833, 0.021853, 0.968314, Iris-setosa
5.00, 3.60, 1.40, 0.20, 0.001942, 0.004131, 0.993927, Iris-setosa
5.40, 3.90, 1.70, 0.40, 0.021071, 0.045783, 0.933145, Iris-setosa
4.60, 3.40, 1.40, 0.30, 0.006506, 0.014005, 0.979489, Iris-setosa
5.00, 3.40, 1.50, 0.20, 0.000121, 0.000268, 0.999611, Iris-setosa
4.40, 2.90, 1.40, 0.20, 0.021533, 0.046907, 0.931560, Iris-setosa
4.90, 3.10, 1.50, 0.10, 0.005043, 0.011266, 0.983691, Iris-setosa
5.40, 3.70, 1.50, 0.20, 0.010466, 0.022319, 0.967216, Iris-setosa
4.80, 3.40, 1.60, 0.20, 0.002387, 0.005332, 0.992281, Iris-setosa
4.80, 3.00, 1.40, 0.10, 0.008832, 0.019420, 0.971749, Iris-setosa
4.30, 3.00, 1.10, 0.10, 0.024999, 0.051300, 0.923701, Iris-setosa
5.80, 4.00, 1.20, 0.20, 0.038097, 0.073502, 0.888401, Iris-setosa
5.70, 4.40, 1.50, 0.40, 0.055016, 0.105706, 0.839279, Iris-setosa
5.40, 3.90, 1.30, 0.40, 0.017960, 0.036521, 0.945519, Iris-setosa
5.10, 3.50, 1.40, 0.30, 0.001168, 0.002524, 0.996307, Iris-setosa
5.70, 3.80, 1.70, 0.30, 0.030648, 0.066285, 0.903067, Iris-setosa
5.10, 3.80, 1.50, 0.30, 0.007012, 0.014919, 0.978069, Iris-setosa
5.40, 3.40, 1.70, 0.20, 0.009495, 0.021748, 0.968757, Iris-setosa
5.10, 3.70, 1.50, 0.40, 0.005089, 0.011010, 0.983902, Iris-setosa
4.60, 3.60, 1.00, 0.20, 0.014010, 0.027859, 0.958131, Iris-setosa
5.10, 3.30, 1.70, 0.50, 0.006007, 0.014212, 0.979781, Iris-setosa
4.80, 3.40, 1.90, 0.20, 0.009735, 0.022995, 0.967270, Iris-setosa
5.00, 3.00, 1.60, 0.20, 0.007571, 0.017523, 0.974906, Iris-setosa
5.00, 3.40, 1.60, 0.40, 0.001569, 0.003570, 0.994861, Iris-setosa
5.20, 3.50, 1.50, 0.20, 0.002167, 0.004740, 0.993093, Iris-setosa
5.20, 3.40, 1.40, 0.20, 0.002001, 0.004339, 0.993660, Iris-setosa
4.70, 3.20, 1.60, 0.20, 0.006061, 0.013698, 0.980241, Iris-setosa
4.80, 3.10, 1.60, 0.20, 0.006162, 0.014085, 0.979753, Iris-setosa
5.40, 3.40, 1.50, 0.40, 0.007968, 0.017757, 0.974275, Iris-setosa
5.20, 4.10, 1.50, 0.10, 0.020862, 0.042209, 0.936929, Iris-setosa
5.50, 4.20, 1.40, 0.20, 0.032952, 0.064660, 0.902388, Iris-setosa
4.90, 3.10, 1.50, 0.10, 0.005043, 0.011266, 0.983691, Iris-setosa
5.00, 3.20, 1.20, 0.20, 0.004673, 0.009920, 0.985407, Iris-setosa
5.50, 3.50, 1.30, 0.20, 0.011680, 0.024492, 0.963828, Iris-setosa
4.90, 3.10, 1.50, 0.10, 0.005043, 0.011266, 0.983691, Iris-setosa
4.40, 3.00, 1.30, 0.20, 0.018951, 0.040476, 0.940574, Iris-setosa
5.10, 3.40, 1.50, 0.20, 0.000517, 0.001141, 0.998342, Iris-setosa
5.00, 3.50, 1.30, 0.30, 0.001806, 0.003833, 0.994361, Iris-setosa
4.50, 2.30, 1.30, 0.30, 0.046369, 0.100895, 0.852736, Iris-setosa
4.40, 3.20, 1.30, 0.20, 0.015062, 0.031863, 0.953074, Iris-setosa
5.00, 3.50, 1.60, 0.60, 0.006457, 0.014671, 0.978872, Iris-setosa
5.10, 3.80, 1.90, 0.40, 0.016933, 0.038888, 0.944178, Iris-setosa
4.80, 3.00, 1.40, 0.30, 0.008305, 0.018492, 0.973203, Iris-setosa
5.10, 3.80, 1.60, 0.20, 0.007694, 0.016549, 0.975757, Iris-setosa
4.60, 3.20, 1.40, 0.20, 0.007954, 0.017274, 0.974772, Iris-setosa
5.30, 3.70, 1.50, 0.20, 0.007522, 0.016080, 0.976397, Iris-setosa
5.00, 3.30, 1.40, 0.20, 0.000829, 0.001810, 0.997361, Iris-setosa
7.00, 3.20, 4.70, 1.40, 0.501058, 0.454342, 0.044600, Iris-versicolor
6.40, 3.20, 4.50, 1.50, 0.206698, 0.764131, 0.029171, Iris-versicolor
6.90, 3.10, 4.90, 1.50, 0.599866, 0.368845, 0.031288, Iris-versicolor
5.50, 2.30, 4.00, 1.30, 0.080485, 0.869967, 0.049548, Iris-versicolor
6.50, 2.80, 4.60, 1.50, 0.217030, 0.758841, 0.024129, Iris-versicolor
5.70, 2.80, 4.50, 1.30, 0.020470, 0.973776, 0.005753, Iris-versicolor
6.30, 3.30, 4.70, 1.60, 0.297070, 0.673129, 0.029801, Iris-versicolor
4.90, 2.40, 3.30, 1.00, 0.132126, 0.581492, 0.286383, Iris-versicolor
6.60, 2.90, 4.60, 1.30, 0.247627, 0.721113, 0.031260, Iris-versicolor
5.20, 2.70, 3.90, 1.40, 0.094729, 0.830278, 0.074992, Iris-versicolor
5.00, 2.00, 3.50, 1.00, 0.144921, 0.635648, 0.219431, Iris-versicolor
5.90, 3.00, 4.20, 1.50, 0.028732, 0.962070, 0.009198, Iris-versicolor
6.00, 2.20, 4.00, 1.00, 0.101139, 0.843018, 0.055842, Iris-versicolor
6.10, 2.90, 4.70, 1.40, 0.088140, 0.899743, 0.012117, Iris-versicolor
5.60, 2.90, 3.60, 1.30, 0.092201, 0.815902, 0.091897, Iris-versicolor
6.70, 3.10, 4.40, 1.40, 0.268298, 0.689957, 0.041746, Iris-versicolor
5.60, 3.00, 4.50, 1.50, 0.052671, 0.933156, 0.014173, Iris-versicolor
5.80, 2.70, 4.10, 1.00, 0.048403, 0.925615, 0.025982, Iris-versicolor
6.20, 2.20, 4.50, 1.50, 0.137406, 0.835385, 0.027208, Iris-versicolor
5.60, 2.50, 3.90, 1.10, 0.070810, 0.877425, 0.051766, Iris-versicolor
5.90, 3.20, 4.80, 1.80, 0.250637, 0.721737, 0.027626, Iris-versicolor
6.10, 2.80, 4.00, 1.30, 0.046243, 0.934217, 0.019540, Iris-versicolor
6.30, 2.50, 4.90, 1.50, 0.270482, 0.705514, 0.024004, Iris-versicolor
6.10, 2.80, 4.70, 1.20, 0.083260, 0.902795, 0.013946, Iris-versicolor
6.40, 2.90, 4.30, 1.30, 0.101125, 0.875947, 0.022928, Iris-versicolor
6.60, 3.00, 4.40, 1.40, 0.211175, 0.754860, 0.033966, Iris-versicolor
6.80, 2.80, 4.80, 1.40, 0.442602, 0.523756, 0.033641, Iris-versicolor
6.70, 3.00, 5.00, 1.70, 0.672370, 0.306427, 0.021203, Iris-versicolor
6.00, 2.90, 4.50, 1.50, 0.026132, 0.968936, 0.004933, Iris-versicolor
5.70, 2.60, 3.50, 1.00, 0.104644, 0.766537, 0.128819, Iris-versicolor
5.50, 2.40, 3.80, 1.10, 0.089913, 0.831955, 0.078132, Iris-versicolor
5.50, 2.40, 3.70, 1.00, 0.100746, 0.795027, 0.104226, Iris-versicolor
5.80, 2.70, 3.90, 1.20, 0.050342, 0.918567, 0.031091, Iris-versicolor
6.00, 2.70, 5.10, 1.60, 0.319600, 0.656402, 0.023998, Iris-versicolor
5.40, 3.00, 4.50, 1.50, 0.082461, 0.891115, 0.026424, Iris-versicolor
6.00, 3.40, 4.50, 1.60, 0.170623, 0.797232, 0.032145, Iris-versicolor
6.70, 3.10, 4.70, 1.50, 0.410992, 0.555535, 0.033474, Iris-versicolor
6.30, 2.30, 4.40, 1.30, 0.115460, 0.857611, 0.026929, Iris-versicolor
5.60, 3.00, 4.10, 1.30, 0.047013, 0.928837, 0.024150, Iris-versicolor
5.50, 2.50, 4.00, 1.30, 0.062425, 0.899247, 0.038327, Iris-versicolor
5.50, 2.60, 4.40, 1.20, 0.049264, 0.931041, 0.019696, Iris-versicolor
6.10, 3.00, 4.60, 1.40, 0.072634, 0.915749, 0.011617, Iris-versicolor
5.80, 2.60, 4.00, 1.20, 0.041829, 0.935566, 0.022605, Iris-versicolor
5.00, 2.30, 3.30, 1.00, 0.132564, 0.597300, 0.270137, Iris-versicolor
5.60, 2.70, 4.20, 1.30, 0.028482, 0.958787, 0.012730, Iris-versicolor
5.70, 3.00, 4.20, 1.20, 0.037696, 0.945482, 0.016823, Iris-versicolor
5.70, 2.90, 4.20, 1.30, 0.023038, 0.967356, 0.009606, Iris-versicolor
6.20, 2.90, 4.30, 1.30, 0.044688, 0.943896, 0.011416, Iris-versicolor
5.10, 2.50, 3.00, 1.10, 0.124267, 0.518933, 0.356800, Iris-versicolor
5.70, 2.80, 4.10, 1.30, 0.026775, 0.960488, 0.012737, Iris-versicolor
6.30, 3.30, 6.00, 2.50, 0.859881, 0.120754, 0.019365, Iris-virginica
5.80, 2.70, 5.10, 1.90, 0.355037, 0.615633, 0.029330, Iris-virginica
7.10, 3.00, 5.90, 2.10, 0.955772, 0.038150, 0.006078, Iris-virginica
6.30, 2.90, 5.60, 1.80, 0.845477, 0.141986, 0.012537, Iris-virginica
6.50, 3.00, 5.80, 2.20, 0.957596, 0.037647, 0.004757, Iris-virginica
7.60, 3.00, 6.60, 2.10, 0.811847, 0.152679, 0.035475, Iris-virginica
4.90, 2.50, 4.50, 1.70, 0.167048, 0.759806, 0.073145, Iris-virginica
7.30, 2.90, 6.30, 1.80, 0.862944, 0.115145, 0.021911, Iris-virginica
6.70, 2.50, 5.80, 1.80, 0.868627, 0.117364, 0.014009, Iris-virginica
7.20, 3.60, 6.10, 2.50, 0.860988, 0.114596, 0.024416, Iris-virginica
6.50, 3.20, 5.10, 2.00, 0.773278, 0.209950, 0.016772, Iris-virginica
6.40, 2.70, 5.30, 1.90, 0.761028, 0.223199, 0.015773, Iris-virginica
6.80, 3.00, 5.50, 2.10, 0.988811, 0.010021, 0.001167, Iris-virginica
5.70, 2.50, 5.00, 2.00, 0.305621, 0.659965, 0.034414, Iris-virginica
5.80, 2.80, 5.10, 2.40, 0.500570, 0.461027, 0.038403, Iris-virginica
6.40, 3.20, 5.30, 2.30, 0.849831, 0.136100, 0.014069, Iris-virginica
6.50, 3.00, 5.50, 1.80, 0.913186, 0.079647, 0.007167, Iris-virginica
7.70, 3.80, 6.70, 2.20, 0.763586, 0.185828, 0.050586, Iris-virginica
7.70, 2.60, 6.90, 2.30, 0.757531, 0.193258, 0.049211, Iris-virginica
6.00, 2.20, 5.00, 1.50, 0.257043, 0.710706, 0.032250, Iris-virginica
6.90, 3.20, 5.70, 2.30, 0.970474, 0.025698, 0.003828, Iris-virginica
5.60, 2.80, 4.90, 2.00, 0.259338, 0.706986, 0.033677, Iris-virginica
7.70, 2.80, 6.70, 2.00, 0.783173, 0.174834, 0.041993, Iris-virginica
6.30, 2.70, 4.90, 1.80, 0.381312, 0.595865, 0.022823, Iris-virginica
6.70, 3.30, 5.70, 2.10, 0.975341, 0.021745, 0.002914, Iris-virginica
7.20, 3.20, 6.00, 1.80, 0.911916, 0.075172, 0.012912, Iris-virginica
6.20, 2.80, 4.80, 1.80, 0.271117, 0.707889, 0.020994, Iris-virginica
6.10, 3.00, 4.90, 1.80, 0.329872, 0.647024, 0.023103, Iris-virginica
6.40, 2.80, 5.60, 2.10, 0.908609, 0.083025, 0.008366, Iris-virginica
7.20, 3.00, 5.80, 1.60, 0.890783, 0.094762, 0.014455, Iris-virginica
7.40, 2.80, 6.10, 1.90, 0.872748, 0.107454, 0.019799, Iris-virginica
7.90, 3.80, 6.40, 2.00, 0.760093, 0.189007, 0.050900, Iris-virginica
6.40, 2.80, 5.60, 2.20, 0.906173, 0.084863, 0.008964, Iris-virginica
6.30, 2.80, 5.10, 1.50, 0.436264, 0.540323, 0.023413, Iris-virginica
6.10, 2.60, 5.60, 1.40, 0.575998, 0.392777, 0.031225, Iris-virginica
7.70, 3.00, 6.10, 2.30, 0.839548, 0.131780, 0.028672, Iris-virginica
6.30, 3.40, 5.60, 2.40, 0.854050, 0.128719, 0.017230, Iris-virginica
6.40, 3.10, 5.50, 1.80, 0.880102, 0.110108, 0.009790, Iris-virginica
6.00, 3.00, 4.80, 1.80, 0.228262, 0.750004, 0.021734, Iris-virginica
6.90, 3.10, 5.40, 2.10, 0.967540, 0.028969, 0.003491, Iris-virginica
6.70, 3.10, 5.60, 2.40, 0.957238, 0.037682, 0.005079, Iris-virginica
6.90, 3.10, 5.10, 2.30, 0.855081, 0.129510, 0.015409, Iris-virginica
5.80, 2.70, 5.10, 1.90, 0.355037, 0.615633, 0.029330, Iris-virginica
6.80, 3.20, 5.90, 2.30, 0.961017, 0.033732, 0.005251, Iris-virginica
6.70, 3.30, 5.70, 2.50, 0.927111, 0.063186, 0.009703, Iris-virginica
6.70, 3.00, 5.20, 2.30, 0.882321, 0.106410, 0.011269, Iris-virginica
6.30, 2.50, 5.00, 1.90, 0.466574, 0.507596, 0.025830, Iris-virginica
6.50, 3.00, 5.20, 2.00, 0.831396, 0.156482, 0.012122, Iris-virginica
6.20, 3.40, 5.40, 2.30, 0.789342, 0.189071, 0.021587, Iris-virginica
5.90, 3.00, 5.10, 1.80, 0.391190, 0.581871, 0.026939, Iris-virginica
