% Title: Title
%
% Centers:
% 	5.003561 3.403039 1.484995 0.251538 
% 	6.775022 3.052403 5.646795 2.053563 
% 	5.889123 2.761207 4.364142 1.397388 
%

@RELATION

@ATTRIBUTE Attribute0 	 REAL
@ATTRIBUTE Attribute1 	 REAL
@ATTRIBUTE Attribute2 	 REAL
@ATTRIBUTE Attribute3 	 REAL
@ATTRIBUTE MU 	 FUZZY {Zhluk0, Zhluk1, Zhluk2}
@ATTRIBUTE class 	 {Iris-setosa, Iris-versicolor, Iris-virginica}

@DATA
5.10, 3.50, 1.40, 0.20, 0.996336, 0.001163, 0.002501, Iris-setosa
4.90, 3.00, 1.40, 0.20, 0.976954, 0.007156, 0.015889, Iris-setosa
4.70, 3.20, 1.30, 0.20, 0.980310, 0.006261, 0.013429, Iris-setosa
4.60, 3.10, 1.50, 0.20, 0.968313, 0.009834, 0.021853, Iris-setosa
5.00, 3.60, 1.40, 0.20, 0.993927, 0.001942, 0.004131, Iris-setosa
5.40, 3.90, 1.70, 0.40, 0.933144, 0.021072, 0.045784, Iris-setosa
4.60, 3.40, 1.40, 0.30, 0.979488, 0.006506, 0.014006, Iris-setosa
5.00, 3.40, 1.50, 0.20, 0.999611, 0.000121, 0.000268, Iris-setosa
4.40, 2.90, 1.40, 0.20, 0.931559, 0.021533, 0.046908, Iris-setosa
4.90, 3.10, 1.50, 0.10, 0.983691, 0.005043, 0.011266, Iris-setosa
5.40, 3.70, 1.50, 0.20, 0.967215, 0.010466, 0.022319, Iris-setosa
4.80, 3.40, 1.60, 0.20, 0.992281, 0.002387, 0.005332, Iris-setosa
4.80, 3.00, 1.40, 0.10, 0.971748, 0.008832, 0.019420, Iris-setosa
4.30, 3.00, 1.10, 0.10, 0.923699, 0.024999, 0.051302, Iris-setosa
5.80, 4.00, 1.20, 0.20, 0.888399, 0.038098, 0.073503, Iris-setosa
5.70, 4.40, 1.50, 0.40, 0.839276, 0.055016, 0.105707, Iris-setosa
5.40, 3.90, 1.30, 0.40, 0.945518, 0.017961, 0.036521, Iris-setosa
5.10, 3.50, 1.40, 0.30, 0.996307, 0.001168, 0.002524, Iris-setosa
5.70, 3.80, 1.70, 0.30, 0.903065, 0.030648, 0.066287, Iris-setosa
5.10, 3.80, 1.50, 0.30, 0.978069, 0.007012, 0.014919, Iris-setosa
5.40, 3.40, 1.70, 0.20, 0.968756, 0.009495, 0.021749, Iris-setosa
5.10, 3.70, 1.50, 0.40, 0.983902, 0.005089, 0.011010, Iris-setosa
4.60, 3.60, 1.00, 0.20, 0.958130, 0.014010, 0.027859, Iris-setosa
5.10, 3.30, 1.70, 0.50, 0.979780, 0.006007, 0.014213, Iris-setosa
4.80, 3.40, 1.90, 0.20, 0.967269, 0.009735, 0.022996, Iris-setosa
5.00, 3.00, 1.60, 0.20, 0.974905, 0.007571, 0.017524, Iris-setosa
5.00, 3.40, 1.60, 0.40, 0.994861, 0.001569, 0.003570, Iris-setosa
5.20, 3.50, 1.50, 0.20, 0.993093, 0.002167, 0.004740, Iris-setosa
5.20, 3.40, 1.40, 0.20, 0.993660, 0.002001, 0.004339, Iris-setosa
4.70, 3.20, 1.60, 0.20, 0.980240, 0.006061, 0.013699, Iris-setosa
4.80, 3.10, 1.60, 0.20, 0.979752, 0.006162, 0.014086, Iris-setosa
5.40, 3.40, 1.50, 0.40, 0.974274, 0.007968, 0.017758, Iris-setosa
5.20, 4.10, 1.50, 0.10, 0.936928, 0.020862, 0.042210, Iris-setosa
5.50, 4.20, 1.40, 0.20, 0.902386, 0.032952, 0.064662, Iris-setosa
4.90, 3.10, 1.50, 0.10, 0.983691, 0.005043, 0.011266, Iris-setosa
5.00, 3.20, 1.20, 0.20, 0.985406, 0.004673, 0.009920, Iris-setosa
5.50, 3.50, 1.30, 0.20, 0.963827, 0.011680, 0.024493, Iris-setosa
4.90, 3.10, 1.50, 0.10, 0.983691, 0.005043, 0.011266, Iris-setosa
4.40, 3.00, 1.30, 0.20, 0.940572, 0.018951, 0.040477, Iris-setosa
5.10, 3.40, 1.50, 0.20, 0.998342, 0.000517, 0.001141, Iris-setosa
5.00, 3.50, 1.30, 0.30, 0.994361, 0.001806, 0.003833, Iris-setosa
4.50, 2.30, 1.30, 0.30, 0.852732, 0.046370, 0.100898, Iris-setosa
4.40, 3.20, 1.30, 0.20, 0.953073, 0.015063, 0.031864, Iris-setosa
5.00, 3.50, 1.60, 0.60, 0.978872, 0.006457, 0.014671, Iris-setosa
5.10, 3.80, 1.90, 0.40, 0.944177, 0.016934, 0.038889, Iris-setosa
4.80, 3.00, 1.40, 0.30, 0.973202, 0.008305, 0.018493, Iris-setosa
5.10, 3.80, 1.60, 0.20, 0.975756, 0.007695, 0.016549, Iris-setosa
4.60, 3.20, 1.40, 0.20, 0.974772, 0.007954, 0.017275, Iris-setosa
5.30, 3.70, 1.50, 0.20, 0.976397, 0.007523, 0.016081, Iris-setosa
5.00, 3.30, 1.40, 0.20, 0.997361, 0.000829, 0.001810, Iris-setosa
7.00, 3.20, 4.70, 1.40, 0.044600, 0.501086, 0.454314, Iris-versicolor
6.40, 3.20, 4.50, 1.50, 0.029173, 0.206726, 0.764101, Iris-versicolor
6.90, 3.10, 4.90, 1.50, 0.031288, 0.599900, 0.368812, Iris-versicolor
5.50, 2.30, 4.00, 1.30, 0.049542, 0.080479, 0.869979, Iris-versicolor
6.50, 2.80, 4.60, 1.50, 0.024131, 0.217064, 0.758805, Iris-versicolor
5.70, 2.80, 4.50, 1.30, 0.005753, 0.020471, 0.973777, Iris-versicolor
6.30, 3.30, 4.70, 1.60, 0.029803, 0.297108, 0.673089, Iris-versicolor
4.90, 2.40, 3.30, 1.00, 0.286370, 0.132123, 0.581507, Iris-versicolor
6.60, 2.90, 4.60, 1.30, 0.031262, 0.247656, 0.721082, Iris-versicolor
5.20, 2.70, 3.90, 1.40, 0.074985, 0.094723, 0.830292, Iris-versicolor
5.00, 2.00, 3.50, 1.00, 0.219420, 0.144918, 0.635662, Iris-versicolor
5.90, 3.00, 4.20, 1.50, 0.009197, 0.028733, 0.962070, Iris-versicolor
6.00, 2.20, 4.00, 1.00, 0.055838, 0.101136, 0.843026, Iris-versicolor
6.10, 2.90, 4.70, 1.40, 0.012119, 0.088165, 0.899716, Iris-versicolor
5.60, 2.90, 3.60, 1.30, 0.091888, 0.092196, 0.815916, Iris-versicolor
6.70, 3.10, 4.40, 1.40, 0.041747, 0.268322, 0.689931, Iris-versicolor
5.60, 3.00, 4.50, 1.50, 0.014173, 0.052675, 0.933153, Iris-versicolor
5.80, 2.70, 4.10, 1.00, 0.025978, 0.048397, 0.925626, Iris-versicolor
6.20, 2.20, 4.50, 1.50, 0.027209, 0.137418, 0.835373, Iris-versicolor
5.60, 2.50, 3.90, 1.10, 0.051758, 0.070802, 0.877440, Iris-versicolor
5.90, 3.20, 4.80, 1.80, 0.027628, 0.250670, 0.721702, Iris-versicolor
6.10, 2.80, 4.00, 1.30, 0.019538, 0.046240, 0.934221, Iris-versicolor
6.30, 2.50, 4.90, 1.50, 0.024006, 0.270519, 0.705475, Iris-versicolor
6.10, 2.80, 4.70, 1.20, 0.013948, 0.083277, 0.902776, Iris-versicolor
6.40, 2.90, 4.30, 1.30, 0.022930, 0.101137, 0.875933, Iris-versicolor
6.60, 3.00, 4.40, 1.40, 0.033968, 0.211198, 0.754834, Iris-versicolor
6.80, 2.80, 4.80, 1.40, 0.033642, 0.442639, 0.523719, Iris-versicolor
6.70, 3.00, 5.00, 1.70, 0.021202, 0.672413, 0.306384, Iris-versicolor
6.00, 2.90, 4.50, 1.50, 0.004935, 0.026143, 0.968922, Iris-versicolor
5.70, 2.60, 3.50, 1.00, 0.128808, 0.104639, 0.766553, Iris-versicolor
5.50, 2.40, 3.80, 1.10, 0.078123, 0.089907, 0.831970, Iris-versicolor
5.50, 2.40, 3.70, 1.00, 0.104216, 0.100740, 0.795043, Iris-versicolor
5.80, 2.70, 3.90, 1.20, 0.031085, 0.050335, 0.918579, Iris-versicolor
6.00, 2.70, 5.10, 1.60, 0.023999, 0.319642, 0.656359, Iris-versicolor
5.40, 3.00, 4.50, 1.50, 0.026423, 0.082462, 0.891114, Iris-versicolor
6.00, 3.40, 4.50, 1.60, 0.032147, 0.170642, 0.797212, Iris-versicolor
6.70, 3.10, 4.70, 1.50, 0.033474, 0.411030, 0.555495, Iris-versicolor
6.30, 2.30, 4.40, 1.30, 0.026929, 0.115468, 0.857602, Iris-versicolor
5.60, 3.00, 4.10, 1.30, 0.024146, 0.047007, 0.928846, Iris-versicolor
5.50, 2.50, 4.00, 1.30, 0.038321, 0.062418, 0.899261, Iris-versicolor
5.50, 2.60, 4.40, 1.20, 0.019693, 0.049259, 0.931048, Iris-versicolor
6.10, 3.00, 4.60, 1.40, 0.011620, 0.072654, 0.915726, Iris-versicolor
5.80, 2.60, 4.00, 1.20, 0.022600, 0.041822, 0.935578, Iris-versicolor
5.00, 2.30, 3.30, 1.00, 0.270124, 0.132561, 0.597315, Iris-versicolor
5.60, 2.70, 4.20, 1.30, 0.012726, 0.028476, 0.958798, Iris-versicolor
5.70, 3.00, 4.20, 1.20, 0.016820, 0.037691, 0.945489, Iris-versicolor
5.70, 2.90, 4.20, 1.30, 0.009604, 0.023033, 0.967363, Iris-versicolor
6.20, 2.90, 4.30, 1.30, 0.011417, 0.044695, 0.943888, Iris-versicolor
5.10, 2.50, 3.00, 1.10, 0.356786, 0.124265, 0.518948, Iris-versicolor
5.70, 2.80, 4.10, 1.30, 0.012733, 0.026768, 0.960499, Iris-versicolor
6.30, 3.30, 6.00, 2.50, 0.019365, 0.859883, 0.120752, Iris-virginica
5.80, 2.70, 5.10, 1.90, 0.029331, 0.355072, 0.615597, Iris-virginica
7.10, 3.00, 5.90, 2.10, 0.006079, 0.955766, 0.038155, Iris-virginica
6.30, 2.90, 5.60, 1.80, 0.012536, 0.845501, 0.141963, Iris-virginica
6.50, 3.00, 5.80, 2.20, 0.004757, 0.957598, 0.037645, Iris-virginica
7.60, 3.00, 6.60, 2.10, 0.035477, 0.811841, 0.152682, Iris-virginica
4.90, 2.50, 4.50, 1.70, 0.073143, 0.167049, 0.759809, Iris-virginica
7.30, 2.90, 6.30, 1.80, 0.021912, 0.862939, 0.115148, Iris-virginica
6.70, 2.50, 5.80, 1.80, 0.014009, 0.868636, 0.117355, Iris-virginica
7.20, 3.60, 6.10, 2.50, 0.024418, 0.860982, 0.114600, Iris-virginica
6.50, 3.20, 5.10, 2.00, 0.016771, 0.773314, 0.209915, Iris-virginica
6.40, 2.70, 5.30, 1.90, 0.015771, 0.761067, 0.223162, Iris-virginica
6.80, 3.00, 5.50, 2.10, 0.001167, 0.988815, 0.010018, Iris-virginica
5.70, 2.50, 5.00, 2.00, 0.034415, 0.305647, 0.659939, Iris-virginica
5.80, 2.80, 5.10, 2.40, 0.038403, 0.500598, 0.460999, Iris-virginica
6.40, 3.20, 5.30, 2.30, 0.014068, 0.849851, 0.136081, Iris-virginica
6.50, 3.00, 5.50, 1.80, 0.007166, 0.913207, 0.079627, Iris-virginica
7.70, 3.80, 6.70, 2.20, 0.050588, 0.763581, 0.185831, Iris-virginica
7.70, 2.60, 6.90, 2.30, 0.049213, 0.757527, 0.193260, Iris-virginica
6.00, 2.20, 5.00, 1.50, 0.032252, 0.257066, 0.710683, Iris-virginica
6.90, 3.20, 5.70, 2.30, 0.003829, 0.970470, 0.025701, Iris-virginica
5.60, 2.80, 4.90, 2.00, 0.033678, 0.259361, 0.706961, Iris-virginica
7.70, 2.80, 6.70, 2.00, 0.041995, 0.783169, 0.174836, Iris-virginica
6.30, 2.70, 4.90, 1.80, 0.022824, 0.381363, 0.595812, Iris-virginica
6.70, 3.30, 5.70, 2.10, 0.002914, 0.975341, 0.021745, Iris-virginica
7.20, 3.20, 6.00, 1.80, 0.012913, 0.911911, 0.075175, Iris-virginica
6.20, 2.80, 4.80, 1.80, 0.020995, 0.271164, 0.707841, Iris-virginica
6.10, 3.00, 4.90, 1.80, 0.023105, 0.329921, 0.646974, Iris-virginica
6.40, 2.80, 5.60, 2.10, 0.008365, 0.908624, 0.083011, Iris-virginica
7.20, 3.00, 5.80, 1.60, 0.014456, 0.890783, 0.094761, Iris-virginica
7.40, 2.80, 6.10, 1.90, 0.019800, 0.872743, 0.107457, Iris-virginica
7.90, 3.80, 6.40, 2.00, 0.050903, 0.760089, 0.189008, Iris-virginica
6.40, 2.80, 5.60, 2.20, 0.008963, 0.906186, 0.084851, Iris-virginica
6.30, 2.80, 5.10, 1.50, 0.023413, 0.436315, 0.540272, Iris-virginica
6.10, 2.60, 5.60, 1.40, 0.031225, 0.576028, 0.392747, Iris-virginica
7.70, 3.00, 6.10, 2.30, 0.028674, 0.839542, 0.131783, Iris-virginica
6.30, 3.40, 5.60, 2.40, 0.017230, 0.854060, 0.128710, Iris-virginica
6.40, 3.10, 5.50, 1.80, 0.009789, 0.880126, 0.110085, Iris-virginica
6.00, 3.00, 4.80, 1.80, 0.021736, 0.228301, 0.749963, Iris-virginica
6.90, 3.10, 5.40, 2.10, 0.003491, 0.967545, 0.028964, Iris-virginica
6.70, 3.10, 5.60, 2.40, 0.005079, 0.957239, 0.037681, Iris-virginica
6.90, 3.10, 5.10, 2.30, 0.015408, 0.855096, 0.129496, Iris-virginica
5.80, 2.70, 5.10, 1.90, 0.029331, 0.355072, 0.615597, Iris-virginica
6.80, 3.20, 5.90, 2.30, 0.005251, 0.961012, 0.033737, Iris-virginica
6.70, 3.30, 5.70, 2.50, 0.009704, 0.927110, 0.063186, Iris-virginica
6.70, 3.00, 5.20, 2.30, 0.011268, 0.882338, 0.106394, Iris-virginica
6.30, 2.50, 5.00, 1.90, 0.025830, 0.466618, 0.507552, Iris-virginica
6.50, 3.00, 5.20, 2.00, 0.012121, 0.831431, 0.156448, Iris-virginica
6.20, 3.40, 5.40, 2.30, 0.021586, 0.789361, 0.189053, Iris-virginica
5.90, 3.00, 5.10, 1.80, 0.026940, 0.391233, 0.581827, Iris-virginica
