% Title: Title
%
% Centers:
% 	5.889139 2.761213 4.364164 1.397399 
% 	6.775037 3.052408 5.646814 2.053571 
% 	5.003561 3.403038 1.484997 0.251539 
%

@RELATION

@ATTRIBUTE Attribute0 	 REAL
@ATTRIBUTE Attribute1 	 REAL
@ATTRIBUTE Attribute2 	 REAL
@ATTRIBUTE Attribute3 	 REAL
@ATTRIBUTE MU 	 FUZZY {Zhluk0, Zhluk1, Zhluk2}
@ATTRIBUTE class 	 {Iris-setosa, Iris-versicolor, Iris-virginica}

@DATA
5.10, 3.50, 1.40, 0.20, 0.002501, 0.001163, 0.996336, Iris-setosa
4.90, 3.00, 1.40, 0.20, 0.015889, 0.007156, 0.976955, Iris-setosa
4.70, 3.20, 1.30, 0.20, 0.013428, 0.006261, 0.980311, Iris-setosa
4.60, 3.10, 1.50, 0.20, 0.021853, 0.009833, 0.968314, Iris-setosa
5.00, 3.60, 1.40, 0.20, 0.004131, 0.001942, 0.993927, Iris-setosa
5.40, 3.90, 1.70, 0.40, 0.045783, 0.021072, 0.933145, Iris-setosa
4.60, 3.40, 1.40, 0.30, 0.014005, 0.006506, 0.979489, Iris-setosa
5.00, 3.40, 1.50, 0.20, 0.000268, 0.000121, 0.999611, Iris-setosa
4.40, 2.90, 1.40, 0.20, 0.046907, 0.021533, 0.931560, Iris-setosa
4.90, 3.10, 1.50, 0.10, 0.011266, 0.005043, 0.983691, Iris-setosa
5.40, 3.70, 1.50, 0.20, 0.022319, 0.010466, 0.967216, Iris-setosa
4.80, 3.40, 1.60, 0.20, 0.005332, 0.002387, 0.992281, Iris-setosa
4.80, 3.00, 1.40, 0.10, 0.019420, 0.008832, 0.971749, Iris-setosa
4.30, 3.00, 1.10, 0.10, 0.051300, 0.024999, 0.923701, Iris-setosa
5.80, 4.00, 1.20, 0.20, 0.073502, 0.038097, 0.888401, Iris-setosa
5.70, 4.40, 1.50, 0.40, 0.105706, 0.055016, 0.839278, Iris-setosa
5.40, 3.90, 1.30, 0.40, 0.036521, 0.017960, 0.945519, Iris-setosa
5.10, 3.50, 1.40, 0.30, 0.002524, 0.001168, 0.996307, Iris-setosa
5.70, 3.80, 1.70, 0.30, 0.066285, 0.030648, 0.903067, Iris-setosa
5.10, 3.80, 1.50, 0.30, 0.014919, 0.007012, 0.978069, Iris-setosa
5.40, 3.40, 1.70, 0.20, 0.021748, 0.009495, 0.968757, Iris-setosa
5.10, 3.70, 1.50, 0.40, 0.011010, 0.005089, 0.983902, Iris-setosa
4.60, 3.60, 1.00, 0.20, 0.027859, 0.014010, 0.958131, Iris-setosa
5.10, 3.30, 1.70, 0.50, 0.014212, 0.006007, 0.979781, Iris-setosa
4.80, 3.40, 1.90, 0.20, 0.022995, 0.009735, 0.967270, Iris-setosa
5.00, 3.00, 1.60, 0.20, 0.017523, 0.007571, 0.974906, Iris-setosa
5.00, 3.40, 1.60, 0.40, 0.003570, 0.001569, 0.994861, Iris-setosa
5.20, 3.50, 1.50, 0.20, 0.004740, 0.002167, 0.993093, Iris-setosa
5.20, 3.40, 1.40, 0.20, 0.004339, 0.002001, 0.993660, Iris-setosa
4.70, 3.20, 1.60, 0.20, 0.013698, 0.006061, 0.980241, Iris-setosa
4.80, 3.10, 1.60, 0.20, 0.014085, 0.006162, 0.979753, Iris-setosa
5.40, 3.40, 1.50, 0.40, 0.017757, 0.007968, 0.974275, Iris-setosa
5.20, 4.10, 1.50, 0.10, 0.042209, 0.020862, 0.936928, Iris-setosa
5.50, 4.20, 1.40, 0.20, 0.064661, 0.032952, 0.902388, Iris-setosa
4.90, 3.10, 1.50, 0.10, 0.011266, 0.005043, 0.983691, Iris-setosa
5.00, 3.20, 1.20, 0.20, 0.009920, 0.004673, 0.985407, Iris-setosa
5.50, 3.50, 1.30, 0.20, 0.024492, 0.011680, 0.963828, Iris-setosa
4.90, 3.10, 1.50, 0.10, 0.011266, 0.005043, 0.983691, Iris-setosa
4.40, 3.00, 1.30, 0.20, 0.040476, 0.018951, 0.940573, Iris-setosa
5.10, 3.40, 1.50, 0.20, 0.001141, 0.000517, 0.998342, Iris-setosa
5.00, 3.50, 1.30, 0.30, 0.003833, 0.001806, 0.994361, Iris-setosa
4.50, 2.30, 1.30, 0.30, 0.100895, 0.046369, 0.852736, Iris-setosa
4.40, 3.20, 1.30, 0.20, 0.031863, 0.015062, 0.953074, Iris-setosa
5.00, 3.50, 1.60, 0.60, 0.014671, 0.006457, 0.978872, Iris-setosa
5.10, 3.80, 1.90, 0.40, 0.038888, 0.016934, 0.944178, Iris-setosa
4.80, 3.00, 1.40, 0.30, 0.018492, 0.008305, 0.973203, Iris-setosa
5.10, 3.80, 1.60, 0.20, 0.016549, 0.007694, 0.975757, Iris-setosa
4.60, 3.20, 1.40, 0.20, 0.017274, 0.007954, 0.974772, Iris-setosa
5.30, 3.70, 1.50, 0.20, 0.016081, 0.007523, 0.976397, Iris-setosa
5.00, 3.30, 1.40, 0.20, 0.001810, 0.000829, 0.997361, Iris-setosa
7.00, 3.20, 4.70, 1.40, 0.454339, 0.501061, 0.044600, Iris-versicolor
6.40, 3.20, 4.50, 1.50, 0.764128, 0.206701, 0.029171, Iris-versicolor
6.90, 3.10, 4.90, 1.50, 0.368842, 0.599870, 0.031288, Iris-versicolor
5.50, 2.30, 4.00, 1.30, 0.869967, 0.080485, 0.049547, Iris-versicolor
6.50, 2.80, 4.60, 1.50, 0.758838, 0.217034, 0.024129, Iris-versicolor
5.70, 2.80, 4.50, 1.30, 0.973776, 0.020471, 0.005753, Iris-versicolor
6.30, 3.30, 4.70, 1.60, 0.673124, 0.297075, 0.029801, Iris-versicolor
4.90, 2.40, 3.30, 1.00, 0.581492, 0.132126, 0.286382, Iris-versicolor
6.60, 2.90, 4.60, 1.30, 0.721110, 0.247630, 0.031260, Iris-versicolor
5.20, 2.70, 3.90, 1.40, 0.830279, 0.094729, 0.074992, Iris-versicolor
5.00, 2.00, 3.50, 1.00, 0.635649, 0.144921, 0.219430, Iris-versicolor
5.90, 3.00, 4.20, 1.50, 0.962070, 0.028733, 0.009198, Iris-versicolor
6.00, 2.20, 4.00, 1.00, 0.843019, 0.101140, 0.055842, Iris-versicolor
6.10, 2.90, 4.70, 1.40, 0.899740, 0.088143, 0.012117, Iris-versicolor
5.60, 2.90, 3.60, 1.30, 0.815902, 0.092201, 0.091896, Iris-versicolor
6.70, 3.10, 4.40, 1.40, 0.689954, 0.268300, 0.041746, Iris-versicolor
5.60, 3.00, 4.50, 1.50, 0.933155, 0.052672, 0.014173, Iris-versicolor
5.80, 2.70, 4.10, 1.00, 0.925616, 0.048403, 0.025982, Iris-versicolor
6.20, 2.20, 4.50, 1.50, 0.835383, 0.137408, 0.027208, Iris-versicolor
5.60, 2.50, 3.90, 1.10, 0.877426, 0.070809, 0.051765, Iris-versicolor
5.90, 3.20, 4.80, 1.80, 0.721733, 0.250641, 0.027626, Iris-versicolor
6.10, 2.80, 4.00, 1.30, 0.934217, 0.046243, 0.019540, Iris-versicolor
6.30, 2.50, 4.90, 1.50, 0.705510, 0.270486, 0.024004, Iris-versicolor
6.10, 2.80, 4.70, 1.20, 0.902793, 0.083261, 0.013946, Iris-versicolor
6.40, 2.90, 4.30, 1.30, 0.875945, 0.101126, 0.022928, Iris-versicolor
6.60, 3.00, 4.40, 1.40, 0.754857, 0.211177, 0.033966, Iris-versicolor
6.80, 2.80, 4.80, 1.40, 0.523752, 0.442606, 0.033641, Iris-versicolor
6.70, 3.00, 5.00, 1.70, 0.306421, 0.672376, 0.021203, Iris-versicolor
6.00, 2.90, 4.50, 1.50, 0.968935, 0.026133, 0.004933, Iris-versicolor
5.70, 2.60, 3.50, 1.00, 0.766538, 0.104644, 0.128818, Iris-versicolor
5.50, 2.40, 3.80, 1.10, 0.831956, 0.089913, 0.078131, Iris-versicolor
5.50, 2.40, 3.70, 1.00, 0.795028, 0.100746, 0.104226, Iris-versicolor
5.80, 2.70, 3.90, 1.20, 0.918567, 0.050342, 0.031091, Iris-versicolor
6.00, 2.70, 5.10, 1.60, 0.656397, 0.319606, 0.023998, Iris-versicolor
5.40, 3.00, 4.50, 1.50, 0.891114, 0.082462, 0.026424, Iris-versicolor
6.00, 3.40, 4.50, 1.60, 0.797230, 0.170625, 0.032145, Iris-versicolor
6.70, 3.10, 4.70, 1.50, 0.555530, 0.410996, 0.033474, Iris-versicolor
6.30, 2.30, 4.40, 1.30, 0.857610, 0.115461, 0.026929, Iris-versicolor
5.60, 3.00, 4.10, 1.30, 0.928837, 0.047013, 0.024150, Iris-versicolor
5.50, 2.50, 4.00, 1.30, 0.899248, 0.062425, 0.038327, Iris-versicolor
5.50, 2.60, 4.40, 1.20, 0.931041, 0.049264, 0.019696, Iris-versicolor
6.10, 3.00, 4.60, 1.40, 0.915747, 0.072636, 0.011618, Iris-versicolor
5.80, 2.60, 4.00, 1.20, 0.935567, 0.041829, 0.022604, Iris-versicolor
5.00, 2.30, 3.30, 1.00, 0.597300, 0.132564, 0.270136, Iris-versicolor
5.60, 2.70, 4.20, 1.30, 0.958788, 0.028482, 0.012730, Iris-versicolor
5.70, 3.00, 4.20, 1.20, 0.945482, 0.037696, 0.016822, Iris-versicolor
5.70, 2.90, 4.20, 1.30, 0.967356, 0.023038, 0.009606, Iris-versicolor
6.20, 2.90, 4.30, 1.30, 0.943895, 0.044689, 0.011416, Iris-versicolor
5.10, 2.50, 3.00, 1.10, 0.518934, 0.124267, 0.356799, Iris-versicolor
5.70, 2.80, 4.10, 1.30, 0.960489, 0.026774, 0.012737, Iris-versicolor
6.30, 3.30, 6.00, 2.50, 0.120754, 0.859881, 0.019365, Iris-virginica
5.80, 2.70, 5.10, 1.90, 0.615628, 0.355042, 0.029330, Iris-virginica
7.10, 3.00, 5.90, 2.10, 0.038151, 0.955771, 0.006078, Iris-virginica
6.30, 2.90, 5.60, 1.80, 0.141982, 0.845481, 0.012537, Iris-virginica
6.50, 3.00, 5.80, 2.20, 0.037646, 0.957596, 0.004757, Iris-virginica
7.60, 3.00, 6.60, 2.10, 0.152680, 0.811845, 0.035475, Iris-virginica
4.90, 2.50, 4.50, 1.70, 0.759806, 0.167049, 0.073145, Iris-virginica
7.30, 2.90, 6.30, 1.80, 0.115147, 0.862942, 0.021911, Iris-virginica
6.70, 2.50, 5.80, 1.80, 0.117363, 0.868628, 0.014009, Iris-virginica
7.20, 3.60, 6.10, 2.50, 0.114598, 0.860986, 0.024416, Iris-virginica
6.50, 3.20, 5.10, 2.00, 0.209944, 0.773284, 0.016772, Iris-virginica
6.40, 2.70, 5.30, 1.90, 0.223194, 0.761034, 0.015772, Iris-virginica
6.80, 3.00, 5.50, 2.10, 0.010021, 0.988812, 0.001167, Iris-virginica
5.70, 2.50, 5.00, 2.00, 0.659961, 0.305625, 0.034414, Iris-virginica
5.80, 2.80, 5.10, 2.40, 0.461022, 0.500574, 0.038403, Iris-virginica
6.40, 3.20, 5.30, 2.30, 0.136097, 0.849834, 0.014069, Iris-virginica
6.50, 3.00, 5.50, 1.80, 0.079644, 0.913189, 0.007167, Iris-virginica
7.70, 3.80, 6.70, 2.20, 0.185830, 0.763584, 0.050586, Iris-virginica
7.70, 2.60, 6.90, 2.30, 0.193259, 0.757530, 0.049211, Iris-virginica
6.00, 2.20, 5.00, 1.50, 0.710703, 0.257046, 0.032251, Iris-virginica
6.90, 3.20, 5.70, 2.30, 0.025698, 0.970473, 0.003828, Iris-virginica
5.60, 2.80, 4.90, 2.00, 0.706982, 0.259341, 0.033677, Iris-virginica
7.70, 2.80, 6.70, 2.00, 0.174835, 0.783171, 0.041994, Iris-virginica
6.30, 2.70, 4.90, 1.80, 0.595858, 0.381319, 0.022823, Iris-virginica
6.70, 3.30, 5.70, 2.10, 0.021745, 0.975341, 0.002914, Iris-virginica
7.20, 3.20, 6.00, 1.80, 0.075173, 0.911914, 0.012912, Iris-virginica
6.20, 2.80, 4.80, 1.80, 0.707883, 0.271123, 0.020994, Iris-virginica
6.10, 3.00, 4.90, 1.80, 0.647018, 0.329879, 0.023103, Iris-virginica
6.40, 2.80, 5.60, 2.10, 0.083023, 0.908612, 0.008365, Iris-virginica
7.20, 3.00, 5.80, 1.60, 0.094763, 0.890782, 0.014455, Iris-virginica
7.40, 2.80, 6.10, 1.90, 0.107455, 0.872746, 0.019799, Iris-virginica
7.90, 3.80, 6.40, 2.00, 0.189008, 0.760091, 0.050901, Iris-virginica
6.40, 2.80, 5.60, 2.20, 0.084861, 0.906175, 0.008964, Iris-virginica
6.30, 2.80, 5.10, 1.50, 0.540317, 0.436270, 0.023413, Iris-virginica
6.10, 2.60, 5.60, 1.40, 0.392773, 0.576002, 0.031225, Iris-virginica
7.70, 3.00, 6.10, 2.30, 0.131781, 0.839546, 0.028673, Iris-virginica
6.30, 3.40, 5.60, 2.40, 0.128718, 0.854052, 0.017230, Iris-virginica
6.40, 3.10, 5.50, 1.80, 0.110104, 0.880106, 0.009790, Iris-virginica
6.00, 3.00, 4.80, 1.80, 0.749999, 0.228267, 0.021734, Iris-virginica
6.90, 3.10, 5.40, 2.10, 0.028968, 0.967541, 0.003491, Iris-virginica
6.70, 3.10, 5.60, 2.40, 0.037682, 0.957239, 0.005079, Iris-virginica
6.90, 3.10, 5.10, 2.30, 0.129508, 0.855083, 0.015409, Iris-virginica
5.80, 2.70, 5.10, 1.90, 0.615628, 0.355042, 0.029330, Iris-virginica
6.80, 3.20, 5.90, 2.30, 0.033733, 0.961016, 0.005251, Iris-virginica
6.70, 3.30, 5.70, 2.50, 0.063186, 0.927111, 0.009703, Iris-virginica
6.70, 3.00, 5.20, 2.30, 0.106407, 0.882324, 0.011269, Iris-virginica
6.30, 2.50, 5.00, 1.90, 0.507590, 0.466580, 0.025830, Iris-virginica
6.50, 3.00, 5.20, 2.00, 0.156476, 0.831402, 0.012122, Iris-virginica
6.20, 3.40, 5.40, 2.30, 0.189068, 0.789346, 0.021587, Iris-virginica
5.90, 3.00, 5.10, 1.80, 0.581865, 0.391196, 0.026939, Iris-virginica
