% Title: Title
%
% Centers:
% 	5.889104 2.761201 4.364116 1.397375 
% 	5.003561 3.403040 1.484994 0.251538 
% 	6.775004 3.052397 5.646771 2.053553 
%

@RELATION

@ATTRIBUTE Attribute0 	 REAL
@ATTRIBUTE Attribute1 	 REAL
@ATTRIBUTE Attribute2 	 REAL
@ATTRIBUTE Attribute3 	 REAL
@ATTRIBUTE MU 	 FUZZY {Zhluk0, Zhluk1, Zhluk2}
@ATTRIBUTE class 	 {Iris-setosa, Iris-versicolor, Iris-virginica}

@DATA
5.10, 3.50, 1.40, 0.20, 0.002501, 0.996336, 0.001163, Iris-setosa
4.90, 3.00, 1.40, 0.20, 0.015890, 0.976954, 0.007157, Iris-setosa
4.70, 3.20, 1.30, 0.20, 0.013429, 0.980310, 0.006261, Iris-setosa
4.60, 3.10, 1.50, 0.20, 0.021854, 0.968312, 0.009834, Iris-setosa
5.00, 3.60, 1.40, 0.20, 0.004131, 0.993927, 0.001942, Iris-setosa
5.40, 3.90, 1.70, 0.40, 0.045786, 0.933142, 0.021072, Iris-setosa
4.60, 3.40, 1.40, 0.30, 0.014006, 0.979488, 0.006506, Iris-setosa
5.00, 3.40, 1.50, 0.20, 0.000268, 0.999611, 0.000121, Iris-setosa
4.40, 2.90, 1.40, 0.20, 0.046909, 0.931557, 0.021534, Iris-setosa
4.90, 3.10, 1.50, 0.10, 0.011267, 0.983690, 0.005043, Iris-setosa
5.40, 3.70, 1.50, 0.20, 0.022320, 0.967214, 0.010466, Iris-setosa
4.80, 3.40, 1.60, 0.20, 0.005333, 0.992280, 0.002387, Iris-setosa
4.80, 3.00, 1.40, 0.10, 0.019421, 0.971747, 0.008832, Iris-setosa
4.30, 3.00, 1.10, 0.10, 0.051303, 0.923698, 0.024999, Iris-setosa
5.80, 4.00, 1.20, 0.20, 0.073504, 0.888398, 0.038098, Iris-setosa
5.70, 4.40, 1.50, 0.40, 0.105709, 0.839274, 0.055017, Iris-setosa
5.40, 3.90, 1.30, 0.40, 0.036522, 0.945517, 0.017961, Iris-setosa
5.10, 3.50, 1.40, 0.30, 0.002525, 0.996307, 0.001168, Iris-setosa
5.70, 3.80, 1.70, 0.30, 0.066288, 0.903063, 0.030649, Iris-setosa
5.10, 3.80, 1.50, 0.30, 0.014919, 0.978068, 0.007012, Iris-setosa
5.40, 3.40, 1.70, 0.20, 0.021750, 0.968755, 0.009495, Iris-setosa
5.10, 3.70, 1.50, 0.40, 0.011010, 0.983901, 0.005089, Iris-setosa
4.60, 3.60, 1.00, 0.20, 0.027860, 0.958130, 0.014011, Iris-setosa
5.10, 3.30, 1.70, 0.50, 0.014214, 0.979779, 0.006008, Iris-setosa
4.80, 3.40, 1.90, 0.20, 0.022997, 0.967268, 0.009735, Iris-setosa
5.00, 3.00, 1.60, 0.20, 0.017525, 0.974904, 0.007571, Iris-setosa
5.00, 3.40, 1.60, 0.40, 0.003571, 0.994861, 0.001569, Iris-setosa
5.20, 3.50, 1.50, 0.20, 0.004740, 0.993092, 0.002167, Iris-setosa
5.20, 3.40, 1.40, 0.20, 0.004339, 0.993660, 0.002001, Iris-setosa
4.70, 3.20, 1.60, 0.20, 0.013699, 0.980239, 0.006061, Iris-setosa
4.80, 3.10, 1.60, 0.20, 0.014086, 0.979751, 0.006162, Iris-setosa
5.40, 3.40, 1.50, 0.40, 0.017758, 0.974274, 0.007968, Iris-setosa
5.20, 4.10, 1.50, 0.10, 0.042211, 0.936927, 0.020862, Iris-setosa
5.50, 4.20, 1.40, 0.20, 0.064663, 0.902385, 0.032952, Iris-setosa
4.90, 3.10, 1.50, 0.10, 0.011267, 0.983690, 0.005043, Iris-setosa
5.00, 3.20, 1.20, 0.20, 0.009920, 0.985406, 0.004673, Iris-setosa
5.50, 3.50, 1.30, 0.20, 0.024493, 0.963826, 0.011680, Iris-setosa
4.90, 3.10, 1.50, 0.10, 0.011267, 0.983690, 0.005043, Iris-setosa
4.40, 3.00, 1.30, 0.20, 0.040478, 0.940571, 0.018951, Iris-setosa
5.10, 3.40, 1.50, 0.20, 0.001141, 0.998342, 0.000517, Iris-setosa
5.00, 3.50, 1.30, 0.30, 0.003833, 0.994361, 0.001806, Iris-setosa
4.50, 2.30, 1.30, 0.30, 0.100901, 0.852729, 0.046371, Iris-setosa
4.40, 3.20, 1.30, 0.20, 0.031865, 0.953072, 0.015063, Iris-setosa
5.00, 3.50, 1.60, 0.60, 0.014672, 0.978871, 0.006457, Iris-setosa
5.10, 3.80, 1.90, 0.40, 0.038891, 0.944175, 0.016934, Iris-setosa
4.80, 3.00, 1.40, 0.30, 0.018493, 0.973201, 0.008305, Iris-setosa
5.10, 3.80, 1.60, 0.20, 0.016550, 0.975756, 0.007695, Iris-setosa
4.60, 3.20, 1.40, 0.20, 0.017275, 0.974771, 0.007954, Iris-setosa
5.30, 3.70, 1.50, 0.20, 0.016081, 0.976396, 0.007523, Iris-setosa
5.00, 3.30, 1.40, 0.20, 0.001810, 0.997361, 0.000829, Iris-setosa
7.00, 3.20, 4.70, 1.40, 0.454285, 0.044600, 0.501115, Iris-versicolor
6.40, 3.20, 4.50, 1.50, 0.764069, 0.029175, 0.206756, Iris-versicolor
6.90, 3.10, 4.90, 1.50, 0.368776, 0.031288, 0.599936, Iris-versicolor
5.50, 2.30, 4.00, 1.30, 0.869992, 0.049536, 0.080472, Iris-versicolor
6.50, 2.80, 4.60, 1.50, 0.758767, 0.024133, 0.217100, Iris-versicolor
5.70, 2.80, 4.50, 1.30, 0.973777, 0.005752, 0.020470, Iris-versicolor
6.30, 3.30, 4.70, 1.60, 0.673047, 0.029805, 0.297148, Iris-versicolor
4.90, 2.40, 3.30, 1.00, 0.581523, 0.286355, 0.132121, Iris-versicolor
6.60, 2.90, 4.60, 1.30, 0.721049, 0.031264, 0.247687, Iris-versicolor
5.20, 2.70, 3.90, 1.40, 0.830306, 0.074977, 0.094717, Iris-versicolor
5.00, 2.00, 3.50, 1.00, 0.635676, 0.219409, 0.144915, Iris-versicolor
5.90, 3.00, 4.20, 1.50, 0.962070, 0.009197, 0.028733, Iris-versicolor
6.00, 2.20, 4.00, 1.00, 0.843034, 0.055834, 0.101132, Iris-versicolor
6.10, 2.90, 4.70, 1.40, 0.899687, 0.012122, 0.088191, Iris-versicolor
5.60, 2.90, 3.60, 1.30, 0.815932, 0.091878, 0.092190, Iris-versicolor
6.70, 3.10, 4.40, 1.40, 0.689903, 0.041749, 0.268348, Iris-versicolor
5.60, 3.00, 4.50, 1.50, 0.933149, 0.014173, 0.052678, Iris-versicolor
5.80, 2.70, 4.10, 1.00, 0.925637, 0.025973, 0.048390, Iris-versicolor
6.20, 2.20, 4.50, 1.50, 0.835360, 0.027210, 0.137430, Iris-versicolor
5.60, 2.50, 3.90, 1.10, 0.877455, 0.051750, 0.070794, Iris-versicolor
5.90, 3.20, 4.80, 1.80, 0.721666, 0.027630, 0.250704, Iris-versicolor
6.10, 2.80, 4.00, 1.30, 0.934226, 0.019536, 0.046237, Iris-versicolor
6.30, 2.50, 4.90, 1.50, 0.705434, 0.024007, 0.270559, Iris-versicolor
6.10, 2.80, 4.70, 1.20, 0.902756, 0.013950, 0.083294, Iris-versicolor
6.40, 2.90, 4.30, 1.30, 0.875918, 0.022932, 0.101150, Iris-versicolor
6.60, 3.00, 4.40, 1.40, 0.754807, 0.033969, 0.211223, Iris-versicolor
6.80, 2.80, 4.80, 1.40, 0.523680, 0.033643, 0.442678, Iris-versicolor
6.70, 3.00, 5.00, 1.70, 0.306340, 0.021202, 0.672459, Iris-versicolor
6.00, 2.90, 4.50, 1.50, 0.968907, 0.004937, 0.026156, Iris-versicolor
5.70, 2.60, 3.50, 1.00, 0.766570, 0.128797, 0.104633, Iris-versicolor
5.50, 2.40, 3.80, 1.10, 0.831987, 0.078114, 0.089899, Iris-versicolor
5.50, 2.40, 3.70, 1.00, 0.795060, 0.104206, 0.100734, Iris-versicolor
5.80, 2.70, 3.90, 1.20, 0.918593, 0.031079, 0.050328, Iris-versicolor
6.00, 2.70, 5.10, 1.60, 0.656313, 0.024000, 0.319687, Iris-versicolor
5.40, 3.00, 4.50, 1.50, 0.891114, 0.026423, 0.082464, Iris-versicolor
6.00, 3.40, 4.50, 1.60, 0.797190, 0.032148, 0.170662, Iris-versicolor
6.70, 3.10, 4.70, 1.50, 0.555453, 0.033475, 0.411071, Iris-versicolor
6.30, 2.30, 4.40, 1.30, 0.857593, 0.026930, 0.115477, Iris-versicolor
5.60, 3.00, 4.10, 1.30, 0.928856, 0.024142, 0.047001, Iris-versicolor
5.50, 2.50, 4.00, 1.30, 0.899275, 0.038315, 0.062410, Iris-versicolor
5.50, 2.60, 4.40, 1.20, 0.931056, 0.019690, 0.049254, Iris-versicolor
6.10, 3.00, 4.60, 1.40, 0.915703, 0.011622, 0.072675, Iris-versicolor
5.80, 2.60, 4.00, 1.20, 0.935591, 0.022595, 0.041814, Iris-versicolor
5.00, 2.30, 3.30, 1.00, 0.597332, 0.270110, 0.132559, Iris-versicolor
5.60, 2.70, 4.20, 1.30, 0.958809, 0.012723, 0.028469, Iris-versicolor
5.70, 3.00, 4.20, 1.20, 0.945497, 0.016817, 0.037686, Iris-versicolor
5.70, 2.90, 4.20, 1.30, 0.967372, 0.009601, 0.023027, Iris-versicolor
6.20, 2.90, 4.30, 1.30, 0.943881, 0.011418, 0.044701, Iris-versicolor
5.10, 2.50, 3.00, 1.10, 0.518965, 0.356771, 0.124264, Iris-versicolor
5.70, 2.80, 4.10, 1.30, 0.960510, 0.012729, 0.026761, Iris-versicolor
6.30, 3.30, 6.00, 2.50, 0.120750, 0.019366, 0.859885, Iris-virginica
5.80, 2.70, 5.10, 1.90, 0.615559, 0.029332, 0.355110, Iris-virginica
7.10, 3.00, 5.90, 2.10, 0.038160, 0.006080, 0.955759, Iris-virginica
6.30, 2.90, 5.60, 1.80, 0.141939, 0.012535, 0.845527, Iris-virginica
6.50, 3.00, 5.80, 2.20, 0.037642, 0.004757, 0.957600, Iris-virginica
7.60, 3.00, 6.60, 2.10, 0.152685, 0.035479, 0.811836, Iris-virginica
4.90, 2.50, 4.50, 1.70, 0.759811, 0.073140, 0.167049, Iris-virginica
7.30, 2.90, 6.30, 1.80, 0.115152, 0.021914, 0.862935, Iris-virginica
6.70, 2.50, 5.80, 1.80, 0.117346, 0.014009, 0.868645, Iris-virginica
7.20, 3.60, 6.10, 2.50, 0.114604, 0.024420, 0.860976, Iris-virginica
6.50, 3.20, 5.10, 2.00, 0.209878, 0.016770, 0.773352, Iris-virginica
6.40, 2.70, 5.30, 1.90, 0.223123, 0.015770, 0.761107, Iris-virginica
6.80, 3.00, 5.50, 2.10, 0.010014, 0.001167, 0.988819, Iris-virginica
5.70, 2.50, 5.00, 2.00, 0.659911, 0.034415, 0.305674, Iris-virginica
5.80, 2.80, 5.10, 2.40, 0.460970, 0.038403, 0.500627, Iris-virginica
6.40, 3.20, 5.30, 2.30, 0.136061, 0.014067, 0.849872, Iris-virginica
6.50, 3.00, 5.50, 1.80, 0.079606, 0.007165, 0.913229, Iris-virginica
7.70, 3.80, 6.70, 2.20, 0.185833, 0.050591, 0.763576, Iris-virginica
7.70, 2.60, 6.90, 2.30, 0.193262, 0.049215, 0.757523, Iris-virginica
6.00, 2.20, 5.00, 1.50, 0.710658, 0.032253, 0.257090, Iris-virginica
6.90, 3.20, 5.70, 2.30, 0.025704, 0.003830, 0.970466, Iris-virginica
5.60, 2.80, 4.90, 2.00, 0.706935, 0.033679, 0.259386, Iris-virginica
7.70, 2.80, 6.70, 2.00, 0.174838, 0.041998, 0.783164, Iris-virginica
6.30, 2.70, 4.90, 1.80, 0.595757, 0.022825, 0.381417, Iris-virginica
6.70, 3.30, 5.70, 2.10, 0.021745, 0.002915, 0.975340, Iris-virginica
7.20, 3.20, 6.00, 1.80, 0.075179, 0.012915, 0.911906, Iris-virginica
6.20, 2.80, 4.80, 1.80, 0.707790, 0.020997, 0.271213, Iris-virginica
6.10, 3.00, 4.90, 1.80, 0.646921, 0.023106, 0.329972, Iris-virginica
6.40, 2.80, 5.60, 2.10, 0.082996, 0.008364, 0.908640, Iris-virginica
7.20, 3.00, 5.80, 1.60, 0.094760, 0.014456, 0.890784, Iris-virginica
7.40, 2.80, 6.10, 1.90, 0.107460, 0.019802, 0.872739, Iris-virginica
7.90, 3.80, 6.40, 2.00, 0.189010, 0.050905, 0.760085, Iris-virginica
6.40, 2.80, 5.60, 2.20, 0.084838, 0.008963, 0.906200, Iris-virginica
6.30, 2.80, 5.10, 1.50, 0.540217, 0.023414, 0.436369, Iris-virginica
6.10, 2.60, 5.60, 1.40, 0.392716, 0.031225, 0.576059, Iris-virginica
7.70, 3.00, 6.10, 2.30, 0.131787, 0.028676, 0.839537, Iris-virginica
6.30, 3.40, 5.60, 2.40, 0.128701, 0.017230, 0.854069, Iris-virginica
6.40, 3.10, 5.50, 1.80, 0.110061, 0.009788, 0.880151, Iris-virginica
6.00, 3.00, 4.80, 1.80, 0.749920, 0.021738, 0.228342, Iris-virginica
6.90, 3.10, 5.40, 2.10, 0.028959, 0.003490, 0.967550, Iris-virginica
6.70, 3.10, 5.60, 2.40, 0.037680, 0.005080, 0.957240, Iris-virginica
6.90, 3.10, 5.10, 2.30, 0.129481, 0.015407, 0.855111, Iris-virginica
5.80, 2.70, 5.10, 1.90, 0.615559, 0.029332, 0.355110, Iris-virginica
6.80, 3.20, 5.90, 2.30, 0.033741, 0.005252, 0.961006, Iris-virginica
6.70, 3.30, 5.70, 2.50, 0.063187, 0.009704, 0.927109, Iris-virginica
6.70, 3.00, 5.20, 2.30, 0.106377, 0.011267, 0.882356, Iris-virginica
6.30, 2.50, 5.00, 1.90, 0.507505, 0.025831, 0.466665, Iris-virginica
6.50, 3.00, 5.20, 2.00, 0.156414, 0.012119, 0.831467, Iris-virginica
6.20, 3.40, 5.40, 2.30, 0.189034, 0.021585, 0.789381, Iris-virginica
5.90, 3.00, 5.10, 1.80, 0.581781, 0.026941, 0.391278, Iris-virginica
