% Title: Title
%
% Centers:
% 	5.889110 2.761203 4.364124 1.397379 
% 	5.003561 3.403040 1.484994 0.251538 
% 	6.775010 3.052399 5.646779 2.053556 
%

@RELATION

@ATTRIBUTE Attribute0 	 REAL
@ATTRIBUTE Attribute1 	 REAL
@ATTRIBUTE Attribute2 	 REAL
@ATTRIBUTE Attribute3 	 REAL
@ATTRIBUTE MU 	 FUZZY {Zhluk0, Zhluk1, Zhluk2}
@ATTRIBUTE class 	 {Iris-setosa, Iris-versicolor, Iris-virginica}

@DATA
5.10, 3.50, 1.40, 0.20, 0.002501, 0.996336, 0.001163, Iris-setosa
4.90, 3.00, 1.40, 0.20, 0.015890, 0.976954, 0.007157, Iris-setosa
4.70, 3.20, 1.30, 0.20, 0.013429, 0.980310, 0.006261, Iris-setosa
4.60, 3.10, 1.50, 0.20, 0.021854, 0.968313, 0.009834, Iris-setosa
5.00, 3.60, 1.40, 0.20, 0.004131, 0.993927, 0.001942, Iris-setosa
5.40, 3.90, 1.70, 0.40, 0.045785, 0.933143, 0.021072, Iris-setosa
4.60, 3.40, 1.40, 0.30, 0.014006, 0.979488, 0.006506, Iris-setosa
5.00, 3.40, 1.50, 0.20, 0.000268, 0.999611, 0.000121, Iris-setosa
4.40, 2.90, 1.40, 0.20, 0.046909, 0.931557, 0.021534, Iris-setosa
4.90, 3.10, 1.50, 0.10, 0.011267, 0.983690, 0.005043, Iris-setosa
5.40, 3.70, 1.50, 0.20, 0.022320, 0.967215, 0.010466, Iris-setosa
4.80, 3.40, 1.60, 0.20, 0.005333, 0.992280, 0.002387, Iris-setosa
4.80, 3.00, 1.40, 0.10, 0.019421, 0.971747, 0.008832, Iris-setosa
4.30, 3.00, 1.10, 0.10, 0.051303, 0.923698, 0.024999, Iris-setosa
5.80, 4.00, 1.20, 0.20, 0.073504, 0.888398, 0.038098, Iris-setosa
5.70, 4.40, 1.50, 0.40, 0.105709, 0.839275, 0.055017, Iris-setosa
5.40, 3.90, 1.30, 0.40, 0.036522, 0.945518, 0.017961, Iris-setosa
5.10, 3.50, 1.40, 0.30, 0.002525, 0.996307, 0.001168, Iris-setosa
5.70, 3.80, 1.70, 0.30, 0.066288, 0.903064, 0.030648, Iris-setosa
5.10, 3.80, 1.50, 0.30, 0.014919, 0.978068, 0.007012, Iris-setosa
5.40, 3.40, 1.70, 0.20, 0.021750, 0.968755, 0.009495, Iris-setosa
5.10, 3.70, 1.50, 0.40, 0.011010, 0.983901, 0.005089, Iris-setosa
4.60, 3.60, 1.00, 0.20, 0.027860, 0.958130, 0.014010, Iris-setosa
5.10, 3.30, 1.70, 0.50, 0.014213, 0.979779, 0.006007, Iris-setosa
4.80, 3.40, 1.90, 0.20, 0.022997, 0.967268, 0.009735, Iris-setosa
5.00, 3.00, 1.60, 0.20, 0.017525, 0.974904, 0.007571, Iris-setosa
5.00, 3.40, 1.60, 0.40, 0.003570, 0.994861, 0.001569, Iris-setosa
5.20, 3.50, 1.50, 0.20, 0.004740, 0.993092, 0.002167, Iris-setosa
5.20, 3.40, 1.40, 0.20, 0.004339, 0.993660, 0.002001, Iris-setosa
4.70, 3.20, 1.60, 0.20, 0.013699, 0.980239, 0.006061, Iris-setosa
4.80, 3.10, 1.60, 0.20, 0.014086, 0.979752, 0.006162, Iris-setosa
5.40, 3.40, 1.50, 0.40, 0.017758, 0.974274, 0.007968, Iris-setosa
5.20, 4.10, 1.50, 0.10, 0.042211, 0.936927, 0.020862, Iris-setosa
5.50, 4.20, 1.40, 0.20, 0.064662, 0.902385, 0.032952, Iris-setosa
4.90, 3.10, 1.50, 0.10, 0.011267, 0.983690, 0.005043, Iris-setosa
5.00, 3.20, 1.20, 0.20, 0.009920, 0.985406, 0.004673, Iris-setosa
5.50, 3.50, 1.30, 0.20, 0.024493, 0.963827, 0.011680, Iris-setosa
4.90, 3.10, 1.50, 0.10, 0.011267, 0.983690, 0.005043, Iris-setosa
4.40, 3.00, 1.30, 0.20, 0.040478, 0.940571, 0.018951, Iris-setosa
5.10, 3.40, 1.50, 0.20, 0.001141, 0.998342, 0.000517, Iris-setosa
5.00, 3.50, 1.30, 0.30, 0.003833, 0.994361, 0.001806, Iris-setosa
4.50, 2.30, 1.30, 0.30, 0.100900, 0.852730, 0.046370, Iris-setosa
4.40, 3.20, 1.30, 0.20, 0.031865, 0.953073, 0.015063, Iris-setosa
5.00, 3.50, 1.60, 0.60, 0.014672, 0.978871, 0.006457, Iris-setosa
5.10, 3.80, 1.90, 0.40, 0.038890, 0.944176, 0.016934, Iris-setosa
4.80, 3.00, 1.40, 0.30, 0.018493, 0.973202, 0.008305, Iris-setosa
5.10, 3.80, 1.60, 0.20, 0.016550, 0.975756, 0.007695, Iris-setosa
4.60, 3.20, 1.40, 0.20, 0.017275, 0.974771, 0.007954, Iris-setosa
5.30, 3.70, 1.50, 0.20, 0.016081, 0.976396, 0.007523, Iris-setosa
5.00, 3.30, 1.40, 0.20, 0.001810, 0.997361, 0.000829, Iris-setosa
7.00, 3.20, 4.70, 1.40, 0.454294, 0.044601, 0.501106, Iris-versicolor
6.40, 3.20, 4.50, 1.50, 0.764079, 0.029175, 0.206746, Iris-versicolor
6.90, 3.10, 4.90, 1.50, 0.368788, 0.031288, 0.599925, Iris-versicolor
5.50, 2.30, 4.00, 1.30, 0.869989, 0.049537, 0.080474, Iris-versicolor
6.50, 2.80, 4.60, 1.50, 0.758779, 0.024132, 0.217089, Iris-versicolor
5.70, 2.80, 4.50, 1.30, 0.973777, 0.005753, 0.020470, Iris-versicolor
6.30, 3.30, 4.70, 1.60, 0.673061, 0.029804, 0.297135, Iris-versicolor
4.90, 2.40, 3.30, 1.00, 0.581519, 0.286360, 0.132122, Iris-versicolor
6.60, 2.90, 4.60, 1.30, 0.721059, 0.031264, 0.247678, Iris-versicolor
5.20, 2.70, 3.90, 1.40, 0.830302, 0.074979, 0.094719, Iris-versicolor
5.00, 2.00, 3.50, 1.00, 0.635672, 0.219412, 0.144915, Iris-versicolor
5.90, 3.00, 4.20, 1.50, 0.962070, 0.009197, 0.028733, Iris-versicolor
6.00, 2.20, 4.00, 1.00, 0.843032, 0.055835, 0.101133, Iris-versicolor
6.10, 2.90, 4.70, 1.40, 0.899696, 0.012121, 0.088183, Iris-versicolor
5.60, 2.90, 3.60, 1.30, 0.815928, 0.091881, 0.092191, Iris-versicolor
6.70, 3.10, 4.40, 1.40, 0.689912, 0.041749, 0.268340, Iris-versicolor
5.60, 3.00, 4.50, 1.50, 0.933150, 0.014173, 0.052677, Iris-versicolor
5.80, 2.70, 4.10, 1.00, 0.925634, 0.025974, 0.048392, Iris-versicolor
6.20, 2.20, 4.50, 1.50, 0.835364, 0.027210, 0.137426, Iris-versicolor
5.60, 2.50, 3.90, 1.10, 0.877451, 0.051753, 0.070797, Iris-versicolor
5.90, 3.20, 4.80, 1.80, 0.721678, 0.027629, 0.250693, Iris-versicolor
6.10, 2.80, 4.00, 1.30, 0.934225, 0.019537, 0.046238, Iris-versicolor
6.30, 2.50, 4.90, 1.50, 0.705447, 0.024007, 0.270546, Iris-versicolor
6.10, 2.80, 4.70, 1.20, 0.902762, 0.013949, 0.083289, Iris-versicolor
6.40, 2.90, 4.30, 1.30, 0.875923, 0.022931, 0.101146, Iris-versicolor
6.60, 3.00, 4.40, 1.40, 0.754816, 0.033969, 0.211215, Iris-versicolor
6.80, 2.80, 4.80, 1.40, 0.523692, 0.033643, 0.442665, Iris-versicolor
6.70, 3.00, 5.00, 1.70, 0.306355, 0.021202, 0.672443, Iris-versicolor
6.00, 2.90, 4.50, 1.50, 0.968912, 0.004936, 0.026152, Iris-versicolor
5.70, 2.60, 3.50, 1.00, 0.766565, 0.128800, 0.104635, Iris-versicolor
5.50, 2.40, 3.80, 1.10, 0.831982, 0.078117, 0.089901, Iris-versicolor
5.50, 2.40, 3.70, 1.00, 0.795056, 0.104209, 0.100735, Iris-versicolor
5.80, 2.70, 3.90, 1.20, 0.918589, 0.031081, 0.050330, Iris-versicolor
6.00, 2.70, 5.10, 1.60, 0.656328, 0.024000, 0.319672, Iris-versicolor
5.40, 3.00, 4.50, 1.50, 0.891114, 0.026423, 0.082463, Iris-versicolor
6.00, 3.40, 4.50, 1.60, 0.797197, 0.032148, 0.170655, Iris-versicolor
6.70, 3.10, 4.70, 1.50, 0.555467, 0.033475, 0.411058, Iris-versicolor
6.30, 2.30, 4.40, 1.30, 0.857596, 0.026930, 0.115474, Iris-versicolor
5.60, 3.00, 4.10, 1.30, 0.928854, 0.024143, 0.047003, Iris-versicolor
5.50, 2.50, 4.00, 1.30, 0.899271, 0.038316, 0.062412, Iris-versicolor
5.50, 2.60, 4.40, 1.20, 0.931054, 0.019691, 0.049255, Iris-versicolor
6.10, 3.00, 4.60, 1.40, 0.915710, 0.011622, 0.072669, Iris-versicolor
5.80, 2.60, 4.00, 1.20, 0.935587, 0.022596, 0.041816, Iris-versicolor
5.00, 2.30, 3.30, 1.00, 0.597327, 0.270114, 0.132559, Iris-versicolor
5.60, 2.70, 4.20, 1.30, 0.958806, 0.012724, 0.028471, Iris-versicolor
5.70, 3.00, 4.20, 1.20, 0.945494, 0.016818, 0.037688, Iris-versicolor
5.70, 2.90, 4.20, 1.30, 0.967369, 0.009602, 0.023029, Iris-versicolor
6.20, 2.90, 4.30, 1.30, 0.943883, 0.011418, 0.044699, Iris-versicolor
5.10, 2.50, 3.00, 1.10, 0.518960, 0.356776, 0.124264, Iris-versicolor
5.70, 2.80, 4.10, 1.30, 0.960507, 0.012730, 0.026763, Iris-versicolor
6.30, 3.30, 6.00, 2.50, 0.120750, 0.019366, 0.859884, Iris-virginica
5.80, 2.70, 5.10, 1.90, 0.615572, 0.029332, 0.355097, Iris-virginica
7.10, 3.00, 5.90, 2.10, 0.038158, 0.006080, 0.955762, Iris-virginica
6.30, 2.90, 5.60, 1.80, 0.141947, 0.012535, 0.845518, Iris-virginica
6.50, 3.00, 5.80, 2.20, 0.037643, 0.004757, 0.957599, Iris-virginica
7.60, 3.00, 6.60, 2.10, 0.152684, 0.035478, 0.811839, Iris-virginica
4.90, 2.50, 4.50, 1.70, 0.759811, 0.073141, 0.167048, Iris-virginica
7.30, 2.90, 6.30, 1.80, 0.115150, 0.021913, 0.862937, Iris-virginica
6.70, 2.50, 5.80, 1.80, 0.117349, 0.014009, 0.868642, Iris-virginica
7.20, 3.60, 6.10, 2.50, 0.114602, 0.024419, 0.860979, Iris-virginica
6.50, 3.20, 5.10, 2.00, 0.209891, 0.016770, 0.773339, Iris-virginica
6.40, 2.70, 5.30, 1.90, 0.223137, 0.015771, 0.761093, Iris-virginica
6.80, 3.00, 5.50, 2.10, 0.010015, 0.001167, 0.988818, Iris-virginica
5.70, 2.50, 5.00, 2.00, 0.659921, 0.034415, 0.305664, Iris-virginica
5.80, 2.80, 5.10, 2.40, 0.460980, 0.038404, 0.500616, Iris-virginica
6.40, 3.20, 5.30, 2.30, 0.136068, 0.014068, 0.849864, Iris-virginica
6.50, 3.00, 5.50, 1.80, 0.079614, 0.007165, 0.913221, Iris-virginica
7.70, 3.80, 6.70, 2.20, 0.185832, 0.050590, 0.763579, Iris-virginica
7.70, 2.60, 6.90, 2.30, 0.193261, 0.049214, 0.757525, Iris-virginica
6.00, 2.20, 5.00, 1.50, 0.710666, 0.032252, 0.257081, Iris-virginica
6.90, 3.20, 5.70, 2.30, 0.025703, 0.003829, 0.970468, Iris-virginica
5.60, 2.80, 4.90, 2.00, 0.706944, 0.033679, 0.259377, Iris-virginica
7.70, 2.80, 6.70, 2.00, 0.174837, 0.041997, 0.783166, Iris-virginica
6.30, 2.70, 4.90, 1.80, 0.595776, 0.022825, 0.381399, Iris-virginica
6.70, 3.30, 5.70, 2.10, 0.021745, 0.002915, 0.975340, Iris-virginica
7.20, 3.20, 6.00, 1.80, 0.075177, 0.012914, 0.911909, Iris-virginica
6.20, 2.80, 4.80, 1.80, 0.707807, 0.020997, 0.271196, Iris-virginica
6.10, 3.00, 4.90, 1.80, 0.646939, 0.023106, 0.329955, Iris-virginica
6.40, 2.80, 5.60, 2.10, 0.083002, 0.008364, 0.908634, Iris-virginica
7.20, 3.00, 5.80, 1.60, 0.094760, 0.014456, 0.890784, Iris-virginica
7.40, 2.80, 6.10, 1.90, 0.107458, 0.019801, 0.872741, Iris-virginica
7.90, 3.80, 6.40, 2.00, 0.189009, 0.050904, 0.760087, Iris-virginica
6.40, 2.80, 5.60, 2.20, 0.084842, 0.008963, 0.906194, Iris-virginica
6.30, 2.80, 5.10, 1.50, 0.540235, 0.023414, 0.436351, Iris-virginica
6.10, 2.60, 5.60, 1.40, 0.392727, 0.031225, 0.576048, Iris-virginica
7.70, 3.00, 6.10, 2.30, 0.131785, 0.028675, 0.839540, Iris-virginica
6.30, 3.40, 5.60, 2.40, 0.128704, 0.017230, 0.854066, Iris-virginica
6.40, 3.10, 5.50, 1.80, 0.110070, 0.009788, 0.880142, Iris-virginica
6.00, 3.00, 4.80, 1.80, 0.749934, 0.021738, 0.228328, Iris-virginica
6.90, 3.10, 5.40, 2.10, 0.028961, 0.003491, 0.967549, Iris-virginica
6.70, 3.10, 5.60, 2.40, 0.037681, 0.005080, 0.957240, Iris-virginica
6.90, 3.10, 5.10, 2.30, 0.129486, 0.015408, 0.855106, Iris-virginica
5.80, 2.70, 5.10, 1.90, 0.615572, 0.029332, 0.355097, Iris-virginica
6.80, 3.20, 5.90, 2.30, 0.033740, 0.005252, 0.961008, Iris-virginica
6.70, 3.30, 5.70, 2.50, 0.063186, 0.009704, 0.927110, Iris-virginica
6.70, 3.00, 5.20, 2.30, 0.106383, 0.011268, 0.882350, Iris-virginica
6.30, 2.50, 5.00, 1.90, 0.507521, 0.025831, 0.466649, Iris-virginica
6.50, 3.00, 5.20, 2.00, 0.156426, 0.012120, 0.831454, Iris-virginica
6.20, 3.40, 5.40, 2.30, 0.189040, 0.021586, 0.789374, Iris-virginica
5.90, 3.00, 5.10, 1.80, 0.581797, 0.026941, 0.391263, Iris-virginica
