% Title: Title
%
% Centers:
% 	6.775219 3.052461 5.647042 2.053659 
% 	5.889291 2.761268 4.364386 1.397513 
% 	5.003562 3.403031 1.485009 0.251544 
%

@RELATION

@ATTRIBUTE Attribute0 	 REAL
@ATTRIBUTE Attribute1 	 REAL
@ATTRIBUTE Attribute2 	 REAL
@ATTRIBUTE Attribute3 	 REAL
@ATTRIBUTE MU 	 FUZZY {Zhluk0, Zhluk1, Zhluk2}
@ATTRIBUTE class 	 {Iris-setosa, Iris-versicolor, Iris-virginica}

@DATA
5.10, 3.50, 1.40, 0.20, 0.001164, 0.002501, 0.996336, Iris-setosa
4.90, 3.00, 1.40, 0.20, 0.007155, 0.015884, 0.976961, Iris-setosa
4.70, 3.20, 1.30, 0.20, 0.006260, 0.013425, 0.980315, Iris-setosa
4.60, 3.10, 1.50, 0.20, 0.009831, 0.021847, 0.968322, Iris-setosa
5.00, 3.60, 1.40, 0.20, 0.001942, 0.004131, 0.993927, Iris-setosa
5.40, 3.90, 1.70, 0.40, 0.021068, 0.045773, 0.933159, Iris-setosa
4.60, 3.40, 1.40, 0.30, 0.006505, 0.014002, 0.979493, Iris-setosa
5.00, 3.40, 1.50, 0.20, 0.000121, 0.000268, 0.999611, Iris-setosa
4.40, 2.90, 1.40, 0.20, 0.021529, 0.046895, 0.931575, Iris-setosa
4.90, 3.10, 1.50, 0.10, 0.005042, 0.011263, 0.983696, Iris-setosa
5.40, 3.70, 1.50, 0.20, 0.010464, 0.022314, 0.967222, Iris-setosa
4.80, 3.40, 1.60, 0.20, 0.002386, 0.005331, 0.992283, Iris-setosa
4.80, 3.00, 1.40, 0.10, 0.008830, 0.019415, 0.971755, Iris-setosa
4.30, 3.00, 1.10, 0.10, 0.024995, 0.051290, 0.923715, Iris-setosa
5.80, 4.00, 1.20, 0.20, 0.038093, 0.073491, 0.888416, Iris-setosa
5.70, 4.40, 1.50, 0.40, 0.055009, 0.105691, 0.839300, Iris-setosa
5.40, 3.90, 1.30, 0.40, 0.017958, 0.036515, 0.945527, Iris-setosa
5.10, 3.50, 1.40, 0.30, 0.001168, 0.002524, 0.996308, Iris-setosa
5.70, 3.80, 1.70, 0.30, 0.030643, 0.066271, 0.903086, Iris-setosa
5.10, 3.80, 1.50, 0.30, 0.007011, 0.014916, 0.978073, Iris-setosa
5.40, 3.40, 1.70, 0.20, 0.009493, 0.021742, 0.968765, Iris-setosa
5.10, 3.70, 1.50, 0.40, 0.005088, 0.011007, 0.983905, Iris-setosa
4.60, 3.60, 1.00, 0.20, 0.014009, 0.027855, 0.958136, Iris-setosa
5.10, 3.30, 1.70, 0.50, 0.006005, 0.014207, 0.979788, Iris-setosa
4.80, 3.40, 1.90, 0.20, 0.009732, 0.022987, 0.967280, Iris-setosa
5.00, 3.00, 1.60, 0.20, 0.007569, 0.017518, 0.974914, Iris-setosa
5.00, 3.40, 1.60, 0.40, 0.001568, 0.003569, 0.994864, Iris-setosa
5.20, 3.50, 1.50, 0.20, 0.002167, 0.004739, 0.993094, Iris-setosa
5.20, 3.40, 1.40, 0.20, 0.002001, 0.004338, 0.993661, Iris-setosa
4.70, 3.20, 1.60, 0.20, 0.006060, 0.013694, 0.980246, Iris-setosa
4.80, 3.10, 1.60, 0.20, 0.006161, 0.014080, 0.979759, Iris-setosa
5.40, 3.40, 1.50, 0.40, 0.007966, 0.017752, 0.974281, Iris-setosa
5.20, 4.10, 1.50, 0.10, 0.020859, 0.042202, 0.936938, Iris-setosa
5.50, 4.20, 1.40, 0.20, 0.032948, 0.064651, 0.902402, Iris-setosa
4.90, 3.10, 1.50, 0.10, 0.005042, 0.011263, 0.983696, Iris-setosa
5.00, 3.20, 1.20, 0.20, 0.004673, 0.009918, 0.985409, Iris-setosa
5.50, 3.50, 1.30, 0.20, 0.011679, 0.024488, 0.963834, Iris-setosa
4.90, 3.10, 1.50, 0.10, 0.005042, 0.011263, 0.983696, Iris-setosa
4.40, 3.00, 1.30, 0.20, 0.018948, 0.040467, 0.940586, Iris-setosa
5.10, 3.40, 1.50, 0.20, 0.000517, 0.001141, 0.998343, Iris-setosa
5.00, 3.50, 1.30, 0.30, 0.001806, 0.003833, 0.994361, Iris-setosa
4.50, 2.30, 1.30, 0.30, 0.046362, 0.100872, 0.852766, Iris-setosa
4.40, 3.20, 1.30, 0.20, 0.015060, 0.031856, 0.953084, Iris-setosa
5.00, 3.50, 1.60, 0.60, 0.006456, 0.014666, 0.978878, Iris-setosa
5.10, 3.80, 1.90, 0.40, 0.016930, 0.038878, 0.944192, Iris-setosa
4.80, 3.00, 1.40, 0.30, 0.008303, 0.018487, 0.973210, Iris-setosa
5.10, 3.80, 1.60, 0.20, 0.007693, 0.016546, 0.975761, Iris-setosa
4.60, 3.20, 1.40, 0.20, 0.007952, 0.017270, 0.974778, Iris-setosa
5.30, 3.70, 1.50, 0.20, 0.007521, 0.016077, 0.976401, Iris-setosa
5.00, 3.30, 1.40, 0.20, 0.000829, 0.001810, 0.997361, Iris-setosa
7.00, 3.20, 4.70, 1.40, 0.500814, 0.454586, 0.044601, Iris-versicolor
6.40, 3.20, 4.50, 1.50, 0.206450, 0.764396, 0.029155, Iris-versicolor
6.90, 3.10, 4.90, 1.50, 0.599562, 0.369144, 0.031294, Iris-versicolor
5.50, 2.30, 4.00, 1.30, 0.080531, 0.869872, 0.049596, Iris-versicolor
6.50, 2.80, 4.60, 1.50, 0.216730, 0.759158, 0.024112, Iris-versicolor
5.70, 2.80, 4.50, 1.30, 0.020467, 0.973777, 0.005755, Iris-versicolor
6.30, 3.30, 4.70, 1.60, 0.296730, 0.673481, 0.029789, Iris-versicolor
4.90, 2.40, 3.30, 1.00, 0.132136, 0.581369, 0.286495, Iris-versicolor
6.60, 2.90, 4.60, 1.30, 0.247367, 0.721387, 0.031247, Iris-versicolor
5.20, 2.70, 3.90, 1.40, 0.094770, 0.830175, 0.075054, Iris-versicolor
5.00, 2.00, 3.50, 1.00, 0.144935, 0.635543, 0.219522, Iris-versicolor
5.90, 3.00, 4.20, 1.50, 0.028727, 0.962072, 0.009201, Iris-versicolor
6.00, 2.20, 4.00, 1.00, 0.101164, 0.842958, 0.055878, Iris-versicolor
6.10, 2.90, 4.70, 1.40, 0.087927, 0.899977, 0.012096, Iris-versicolor
5.60, 2.90, 3.60, 1.30, 0.092242, 0.815784, 0.091974, Iris-versicolor
6.70, 3.10, 4.40, 1.40, 0.268081, 0.690184, 0.041735, Iris-versicolor
5.60, 3.00, 4.50, 1.50, 0.052635, 0.933194, 0.014171, Iris-versicolor
5.80, 2.70, 4.10, 1.00, 0.048453, 0.925527, 0.026020, Iris-versicolor
6.20, 2.20, 4.50, 1.50, 0.137298, 0.835500, 0.027201, Iris-versicolor
5.60, 2.50, 3.90, 1.10, 0.070866, 0.877306, 0.051828, Iris-versicolor
5.90, 3.20, 4.80, 1.80, 0.250332, 0.722056, 0.027612, Iris-versicolor
6.10, 2.80, 4.00, 1.30, 0.046263, 0.934179, 0.019558, Iris-versicolor
6.30, 2.50, 4.90, 1.50, 0.270142, 0.705866, 0.023992, Iris-versicolor
6.10, 2.80, 4.70, 1.20, 0.083113, 0.902958, 0.013930, Iris-versicolor
6.40, 2.90, 4.30, 1.30, 0.101020, 0.876062, 0.022917, Iris-versicolor
6.60, 3.00, 4.40, 1.40, 0.210967, 0.755081, 0.033952, Iris-versicolor
6.80, 2.80, 4.80, 1.40, 0.442275, 0.524086, 0.033639, Iris-versicolor
6.70, 3.00, 5.00, 1.70, 0.671970, 0.306816, 0.021214, Iris-versicolor
6.00, 2.90, 4.50, 1.50, 0.026031, 0.969053, 0.004917, Iris-versicolor
5.70, 2.60, 3.50, 1.00, 0.104682, 0.766406, 0.128912, Iris-versicolor
5.50, 2.40, 3.80, 1.10, 0.089963, 0.831832, 0.078205, Iris-versicolor
5.50, 2.40, 3.70, 1.00, 0.100790, 0.794899, 0.104310, Iris-versicolor
5.80, 2.70, 3.90, 1.20, 0.050399, 0.918462, 0.031139, Iris-versicolor
6.00, 2.70, 5.10, 1.60, 0.319211, 0.656801, 0.023988, Iris-versicolor
5.40, 3.00, 4.50, 1.50, 0.082438, 0.891132, 0.026430, Iris-versicolor
6.00, 3.40, 4.50, 1.60, 0.170450, 0.797419, 0.032131, Iris-versicolor
6.70, 3.10, 4.70, 1.50, 0.410645, 0.555886, 0.033469, Iris-versicolor
6.30, 2.30, 4.40, 1.30, 0.115383, 0.857693, 0.026924, Iris-versicolor
5.60, 3.00, 4.10, 1.30, 0.047054, 0.928763, 0.024183, Iris-versicolor
5.50, 2.50, 4.00, 1.30, 0.062481, 0.899142, 0.038377, Iris-versicolor
5.50, 2.60, 4.40, 1.20, 0.049296, 0.930986, 0.019718, Iris-versicolor
6.10, 3.00, 4.60, 1.40, 0.072463, 0.915939, 0.011598, Iris-versicolor
5.80, 2.60, 4.00, 1.20, 0.041885, 0.935469, 0.022645, Iris-versicolor
5.00, 2.30, 3.30, 1.00, 0.132576, 0.597176, 0.270247, Iris-versicolor
5.60, 2.70, 4.20, 1.30, 0.028534, 0.958706, 0.012759, Iris-versicolor
5.70, 3.00, 4.20, 1.20, 0.037731, 0.945423, 0.016846, Iris-versicolor
5.70, 2.90, 4.20, 1.30, 0.023079, 0.967293, 0.009628, Iris-versicolor
6.20, 2.90, 4.30, 1.30, 0.044636, 0.943956, 0.011409, Iris-versicolor
5.10, 2.50, 3.00, 1.10, 0.124270, 0.518810, 0.356920, Iris-versicolor
5.70, 2.80, 4.10, 1.30, 0.026828, 0.960403, 0.012768, Iris-versicolor
6.30, 3.30, 6.00, 2.50, 0.859866, 0.120774, 0.019360, Iris-virginica
5.80, 2.70, 5.10, 1.90, 0.354702, 0.615974, 0.029324, Iris-virginica
7.10, 3.00, 5.90, 2.10, 0.955843, 0.038091, 0.006066, Iris-virginica
6.30, 2.90, 5.60, 1.80, 0.845240, 0.142211, 0.012549, Iris-virginica
6.50, 3.00, 5.80, 2.20, 0.957573, 0.037669, 0.004758, Iris-virginica
7.60, 3.00, 6.60, 2.10, 0.811915, 0.152632, 0.035453, Iris-virginica
4.90, 2.50, 4.50, 1.70, 0.167029, 0.759805, 0.073166, Iris-virginica
7.30, 2.90, 6.30, 1.80, 0.863005, 0.115101, 0.021894, Iris-virginica
6.70, 2.50, 5.80, 1.80, 0.868550, 0.117439, 0.014012, Iris-virginica
7.20, 3.60, 6.10, 2.50, 0.861055, 0.114548, 0.024397, Iris-virginica
6.50, 3.20, 5.10, 2.00, 0.772931, 0.210282, 0.016787, Iris-virginica
6.40, 2.70, 5.30, 1.90, 0.760659, 0.223555, 0.015786, Iris-virginica
6.80, 3.00, 5.50, 2.10, 0.988771, 0.010058, 0.001171, Iris-virginica
5.70, 2.50, 5.00, 2.00, 0.305374, 0.660219, 0.034407, Iris-virginica
5.80, 2.80, 5.10, 2.40, 0.500298, 0.461296, 0.038406, Iris-virginica
6.40, 3.20, 5.30, 2.30, 0.849630, 0.136290, 0.014081, Iris-virginica
6.50, 3.00, 5.50, 1.80, 0.912978, 0.079841, 0.007180, Iris-virginica
7.70, 3.80, 6.70, 2.20, 0.763645, 0.185793, 0.050562, Iris-virginica
7.70, 2.60, 6.90, 2.30, 0.757584, 0.193226, 0.049190, Iris-virginica
6.00, 2.20, 5.00, 1.50, 0.256830, 0.710927, 0.032242, Iris-virginica
6.90, 3.20, 5.70, 2.30, 0.970518, 0.025661, 0.003821, Iris-virginica
5.60, 2.80, 4.90, 2.00, 0.259110, 0.707223, 0.033668, Iris-virginica
7.70, 2.80, 6.70, 2.00, 0.783231, 0.174796, 0.041972, Iris-virginica
6.30, 2.70, 4.90, 1.80, 0.380842, 0.596342, 0.022816, Iris-virginica
6.70, 3.30, 5.70, 2.10, 0.975346, 0.021741, 0.002912, Iris-virginica
7.20, 3.20, 6.00, 1.80, 0.911977, 0.075125, 0.012899, Iris-virginica
6.20, 2.80, 4.80, 1.80, 0.270696, 0.708325, 0.020979, Iris-virginica
6.10, 3.00, 4.90, 1.80, 0.329425, 0.647482, 0.023093, Iris-virginica
6.40, 2.80, 5.60, 2.10, 0.908459, 0.083166, 0.008375, Iris-virginica
7.20, 3.00, 5.80, 1.60, 0.890795, 0.094757, 0.014448, Iris-virginica
7.40, 2.80, 6.10, 1.90, 0.872806, 0.107411, 0.019784, Iris-virginica
7.90, 3.80, 6.40, 2.00, 0.760147, 0.188975, 0.050878, Iris-virginica
6.40, 2.80, 5.60, 2.20, 0.906040, 0.084988, 0.008972, Iris-virginica
6.30, 2.80, 5.10, 1.50, 0.435796, 0.540795, 0.023409, Iris-virginica
6.10, 2.60, 5.60, 1.40, 0.575722, 0.393049, 0.031229, Iris-virginica
7.70, 3.00, 6.10, 2.30, 0.839616, 0.131731, 0.028652, Iris-virginica
6.30, 3.40, 5.60, 2.40, 0.853959, 0.128807, 0.017234, Iris-virginica
6.40, 3.10, 5.50, 1.80, 0.879867, 0.110329, 0.009804, Iris-virginica
6.00, 3.00, 4.80, 1.80, 0.227909, 0.750374, 0.021718, Iris-virginica
6.90, 3.10, 5.40, 2.10, 0.967493, 0.029012, 0.003494, Iris-virginica
6.70, 3.10, 5.60, 2.40, 0.957229, 0.037693, 0.005078, Iris-virginica
6.90, 3.10, 5.10, 2.30, 0.854944, 0.129640, 0.015416, Iris-virginica
5.80, 2.70, 5.10, 1.90, 0.354702, 0.615974, 0.029324, Iris-virginica
6.80, 3.20, 5.90, 2.30, 0.961073, 0.033686, 0.005241, Iris-virginica
6.70, 3.30, 5.70, 2.50, 0.927124, 0.063178, 0.009698, Iris-virginica
6.70, 3.00, 5.20, 2.30, 0.882153, 0.106568, 0.011279, Iris-virginica
6.30, 2.50, 5.00, 1.90, 0.466158, 0.508012, 0.025829, Iris-virginica
6.50, 3.00, 5.20, 2.00, 0.831058, 0.156803, 0.012138, Iris-virginica
6.20, 3.40, 5.40, 2.30, 0.789157, 0.189248, 0.021596, Iris-virginica
5.90, 3.00, 5.10, 1.80, 0.390787, 0.582279, 0.026934, Iris-virginica
