% Title: Title
%
% Centers:
% 	5.889111 2.761203 4.364125 1.397380 
% 	6.775011 3.052400 5.646780 2.053557 
% 	5.003561 3.403040 1.484994 0.251538 
%

@RELATION

@ATTRIBUTE Attribute0 	 REAL
@ATTRIBUTE Attribute1 	 REAL
@ATTRIBUTE Attribute2 	 REAL
@ATTRIBUTE Attribute3 	 REAL
@ATTRIBUTE MU 	 FUZZY {Zhluk0, Zhluk1, Zhluk2}
@ATTRIBUTE class 	 {Iris-setosa, Iris-versicolor, Iris-virginica}

@DATA
5.10, 3.50, 1.40, 0.20, 0.002501, 0.001163, 0.996336, Iris-setosa
4.90, 3.00, 1.40, 0.20, 0.015890, 0.007157, 0.976954, Iris-setosa
4.70, 3.20, 1.30, 0.20, 0.013429, 0.006261, 0.980310, Iris-setosa
4.60, 3.10, 1.50, 0.20, 0.021854, 0.009834, 0.968313, Iris-setosa
5.00, 3.60, 1.40, 0.20, 0.004131, 0.001942, 0.993927, Iris-setosa
5.40, 3.90, 1.70, 0.40, 0.045785, 0.021072, 0.933143, Iris-setosa
4.60, 3.40, 1.40, 0.30, 0.014006, 0.006506, 0.979488, Iris-setosa
5.00, 3.40, 1.50, 0.20, 0.000268, 0.000121, 0.999611, Iris-setosa
4.40, 2.90, 1.40, 0.20, 0.046909, 0.021534, 0.931557, Iris-setosa
4.90, 3.10, 1.50, 0.10, 0.011267, 0.005043, 0.983690, Iris-setosa
5.40, 3.70, 1.50, 0.20, 0.022320, 0.010466, 0.967215, Iris-setosa
4.80, 3.40, 1.60, 0.20, 0.005333, 0.002387, 0.992280, Iris-setosa
4.80, 3.00, 1.40, 0.10, 0.019421, 0.008832, 0.971747, Iris-setosa
4.30, 3.00, 1.10, 0.10, 0.051302, 0.024999, 0.923698, Iris-setosa
5.80, 4.00, 1.20, 0.20, 0.073504, 0.038098, 0.888398, Iris-setosa
5.70, 4.40, 1.50, 0.40, 0.105709, 0.055017, 0.839275, Iris-setosa
5.40, 3.90, 1.30, 0.40, 0.036522, 0.017961, 0.945518, Iris-setosa
5.10, 3.50, 1.40, 0.30, 0.002525, 0.001168, 0.996307, Iris-setosa
5.70, 3.80, 1.70, 0.30, 0.066288, 0.030648, 0.903064, Iris-setosa
5.10, 3.80, 1.50, 0.30, 0.014919, 0.007012, 0.978068, Iris-setosa
5.40, 3.40, 1.70, 0.20, 0.021750, 0.009495, 0.968755, Iris-setosa
5.10, 3.70, 1.50, 0.40, 0.011010, 0.005089, 0.983901, Iris-setosa
4.60, 3.60, 1.00, 0.20, 0.027860, 0.014010, 0.958130, Iris-setosa
5.10, 3.30, 1.70, 0.50, 0.014213, 0.006007, 0.979779, Iris-setosa
4.80, 3.40, 1.90, 0.20, 0.022997, 0.009735, 0.967268, Iris-setosa
5.00, 3.00, 1.60, 0.20, 0.017525, 0.007571, 0.974904, Iris-setosa
5.00, 3.40, 1.60, 0.40, 0.003570, 0.001569, 0.994861, Iris-setosa
5.20, 3.50, 1.50, 0.20, 0.004740, 0.002167, 0.993092, Iris-setosa
5.20, 3.40, 1.40, 0.20, 0.004339, 0.002001, 0.993660, Iris-setosa
4.70, 3.20, 1.60, 0.20, 0.013699, 0.006061, 0.980239, Iris-setosa
4.80, 3.10, 1.60, 0.20, 0.014086, 0.006162, 0.979752, Iris-setosa
5.40, 3.40, 1.50, 0.40, 0.017758, 0.007968, 0.974274, Iris-setosa
5.20, 4.10, 1.50, 0.10, 0.042211, 0.020862, 0.936927, Iris-setosa
5.50, 4.20, 1.40, 0.20, 0.064662, 0.032952, 0.902385, Iris-setosa
4.90, 3.10, 1.50, 0.10, 0.011267, 0.005043, 0.983690, Iris-setosa
5.00, 3.20, 1.20, 0.20, 0.009920, 0.004673, 0.985406, Iris-setosa
5.50, 3.50, 1.30, 0.20, 0.024493, 0.011680, 0.963827, Iris-setosa
4.90, 3.10, 1.50, 0.10, 0.011267, 0.005043, 0.983690, Iris-setosa
4.40, 3.00, 1.30, 0.20, 0.040478, 0.018951, 0.940571, Iris-setosa
5.10, 3.40, 1.50, 0.20, 0.001141, 0.000517, 0.998342, Iris-setosa
5.00, 3.50, 1.30, 0.30, 0.003833, 0.001806, 0.994361, Iris-setosa
4.50, 2.30, 1.30, 0.30, 0.100900, 0.046370, 0.852730, Iris-setosa
4.40, 3.20, 1.30, 0.20, 0.031865, 0.015063, 0.953073, Iris-setosa
5.00, 3.50, 1.60, 0.60, 0.014672, 0.006457, 0.978871, Iris-setosa
5.10, 3.80, 1.90, 0.40, 0.038890, 0.016934, 0.944176, Iris-setosa
4.80, 3.00, 1.40, 0.30, 0.018493, 0.008305, 0.973202, Iris-setosa
5.10, 3.80, 1.60, 0.20, 0.016550, 0.007695, 0.975756, Iris-setosa
4.60, 3.20, 1.40, 0.20, 0.017275, 0.007954, 0.974771, Iris-setosa
5.30, 3.70, 1.50, 0.20, 0.016081, 0.007523, 0.976396, Iris-setosa
5.00, 3.30, 1.40, 0.20, 0.001810, 0.000829, 0.997361, Iris-setosa
7.00, 3.20, 4.70, 1.40, 0.454295, 0.501104, 0.044601, Iris-versicolor
6.40, 3.20, 4.50, 1.50, 0.764081, 0.206745, 0.029175, Iris-versicolor
6.90, 3.10, 4.90, 1.50, 0.368789, 0.599923, 0.031288, Iris-versicolor
5.50, 2.30, 4.00, 1.30, 0.869988, 0.080474, 0.049538, Iris-versicolor
6.50, 2.80, 4.60, 1.50, 0.758781, 0.217087, 0.024132, Iris-versicolor
5.70, 2.80, 4.50, 1.30, 0.973777, 0.020470, 0.005753, Iris-versicolor
6.30, 3.30, 4.70, 1.60, 0.673063, 0.297133, 0.029804, Iris-versicolor
4.90, 2.40, 3.30, 1.00, 0.581518, 0.132122, 0.286360, Iris-versicolor
6.60, 2.90, 4.60, 1.30, 0.721060, 0.247676, 0.031264, Iris-versicolor
5.20, 2.70, 3.90, 1.40, 0.830302, 0.094719, 0.074979, Iris-versicolor
5.00, 2.00, 3.50, 1.00, 0.635672, 0.144915, 0.219413, Iris-versicolor
5.90, 3.00, 4.20, 1.50, 0.962070, 0.028733, 0.009197, Iris-versicolor
6.00, 2.20, 4.00, 1.00, 0.843032, 0.101133, 0.055835, Iris-versicolor
6.10, 2.90, 4.70, 1.40, 0.899697, 0.088181, 0.012121, Iris-versicolor
5.60, 2.90, 3.60, 1.30, 0.815927, 0.092192, 0.091882, Iris-versicolor
6.70, 3.10, 4.40, 1.40, 0.689913, 0.268339, 0.041749, Iris-versicolor
5.60, 3.00, 4.50, 1.50, 0.933151, 0.052676, 0.014173, Iris-versicolor
5.80, 2.70, 4.10, 1.00, 0.925633, 0.048392, 0.025975, Iris-versicolor
6.20, 2.20, 4.50, 1.50, 0.835365, 0.137425, 0.027210, Iris-versicolor
5.60, 2.50, 3.90, 1.10, 0.877450, 0.070797, 0.051753, Iris-versicolor
5.90, 3.20, 4.80, 1.80, 0.721680, 0.250691, 0.027629, Iris-versicolor
6.10, 2.80, 4.00, 1.30, 0.934225, 0.046238, 0.019537, Iris-versicolor
6.30, 2.50, 4.90, 1.50, 0.705449, 0.270544, 0.024007, Iris-versicolor
6.10, 2.80, 4.70, 1.20, 0.902763, 0.083288, 0.013949, Iris-versicolor
6.40, 2.90, 4.30, 1.30, 0.875923, 0.101145, 0.022931, Iris-versicolor
6.60, 3.00, 4.40, 1.40, 0.754817, 0.211214, 0.033969, Iris-versicolor
6.80, 2.80, 4.80, 1.40, 0.523694, 0.442663, 0.033643, Iris-versicolor
6.70, 3.00, 5.00, 1.70, 0.306357, 0.672441, 0.021202, Iris-versicolor
6.00, 2.90, 4.50, 1.50, 0.968912, 0.026152, 0.004936, Iris-versicolor
5.70, 2.60, 3.50, 1.00, 0.766565, 0.104635, 0.128801, Iris-versicolor
5.50, 2.40, 3.80, 1.10, 0.831982, 0.089901, 0.078117, Iris-versicolor
5.50, 2.40, 3.70, 1.00, 0.795055, 0.100736, 0.104209, Iris-versicolor
5.80, 2.70, 3.90, 1.20, 0.918588, 0.050330, 0.031081, Iris-versicolor
6.00, 2.70, 5.10, 1.60, 0.656331, 0.319669, 0.024000, Iris-versicolor
5.40, 3.00, 4.50, 1.50, 0.891114, 0.082463, 0.026423, Iris-versicolor
6.00, 3.40, 4.50, 1.60, 0.797198, 0.170654, 0.032148, Iris-versicolor
6.70, 3.10, 4.70, 1.50, 0.555469, 0.411056, 0.033475, Iris-versicolor
6.30, 2.30, 4.40, 1.30, 0.857597, 0.115474, 0.026930, Iris-versicolor
5.60, 3.00, 4.10, 1.30, 0.928853, 0.047003, 0.024144, Iris-versicolor
5.50, 2.50, 4.00, 1.30, 0.899271, 0.062413, 0.038317, Iris-versicolor
5.50, 2.60, 4.40, 1.20, 0.931054, 0.049255, 0.019691, Iris-versicolor
6.10, 3.00, 4.60, 1.40, 0.915711, 0.072668, 0.011622, Iris-versicolor
5.80, 2.60, 4.00, 1.20, 0.935587, 0.041817, 0.022597, Iris-versicolor
5.00, 2.30, 3.30, 1.00, 0.597326, 0.132559, 0.270115, Iris-versicolor
5.60, 2.70, 4.20, 1.30, 0.958805, 0.028471, 0.012724, Iris-versicolor
5.70, 3.00, 4.20, 1.20, 0.945494, 0.037688, 0.016818, Iris-versicolor
5.70, 2.90, 4.20, 1.30, 0.967369, 0.023029, 0.009602, Iris-versicolor
6.20, 2.90, 4.30, 1.30, 0.943883, 0.044699, 0.011418, Iris-versicolor
5.10, 2.50, 3.00, 1.10, 0.518959, 0.124264, 0.356776, Iris-versicolor
5.70, 2.80, 4.10, 1.30, 0.960506, 0.026763, 0.012730, Iris-versicolor
6.30, 3.30, 6.00, 2.50, 0.120751, 0.859884, 0.019365, Iris-virginica
5.80, 2.70, 5.10, 1.90, 0.615574, 0.355095, 0.029332, Iris-virginica
7.10, 3.00, 5.90, 2.10, 0.038158, 0.955763, 0.006080, Iris-virginica
6.30, 2.90, 5.60, 1.80, 0.141949, 0.845516, 0.012535, Iris-virginica
6.50, 3.00, 5.80, 2.20, 0.037643, 0.957599, 0.004757, Iris-virginica
7.60, 3.00, 6.60, 2.10, 0.152683, 0.811839, 0.035478, Iris-virginica
4.90, 2.50, 4.50, 1.70, 0.759811, 0.167048, 0.073141, Iris-virginica
7.30, 2.90, 6.30, 1.80, 0.115150, 0.862937, 0.021913, Iris-virginica
6.70, 2.50, 5.80, 1.80, 0.117349, 0.868641, 0.014009, Iris-virginica
7.20, 3.60, 6.10, 2.50, 0.114602, 0.860979, 0.024419, Iris-virginica
6.50, 3.20, 5.10, 2.00, 0.209893, 0.773337, 0.016770, Iris-virginica
6.40, 2.70, 5.30, 1.90, 0.223139, 0.761090, 0.015771, Iris-virginica
6.80, 3.00, 5.50, 2.10, 0.010016, 0.988818, 0.001167, Iris-virginica
5.70, 2.50, 5.00, 2.00, 0.659922, 0.305663, 0.034415, Iris-virginica
5.80, 2.80, 5.10, 2.40, 0.460982, 0.500615, 0.038404, Iris-virginica
6.40, 3.20, 5.30, 2.30, 0.136069, 0.849863, 0.014068, Iris-virginica
6.50, 3.00, 5.50, 1.80, 0.079615, 0.913220, 0.007165, Iris-virginica
7.70, 3.80, 6.70, 2.20, 0.185831, 0.763579, 0.050590, Iris-virginica
7.70, 2.60, 6.90, 2.30, 0.193261, 0.757525, 0.049214, Iris-virginica
6.00, 2.20, 5.00, 1.50, 0.710668, 0.257080, 0.032252, Iris-virginica
6.90, 3.20, 5.70, 2.30, 0.025703, 0.970468, 0.003829, Iris-virginica
5.60, 2.80, 4.90, 2.00, 0.706946, 0.259376, 0.033679, Iris-virginica
7.70, 2.80, 6.70, 2.00, 0.174837, 0.783167, 0.041997, Iris-virginica
6.30, 2.70, 4.90, 1.80, 0.595778, 0.381397, 0.022825, Iris-virginica
6.70, 3.30, 5.70, 2.10, 0.021745, 0.975341, 0.002915, Iris-virginica
7.20, 3.20, 6.00, 1.80, 0.075177, 0.911909, 0.012914, Iris-virginica
6.20, 2.80, 4.80, 1.80, 0.707809, 0.271194, 0.020997, Iris-virginica
6.10, 3.00, 4.90, 1.80, 0.646941, 0.329953, 0.023106, Iris-virginica
6.40, 2.80, 5.60, 2.10, 0.083003, 0.908633, 0.008364, Iris-virginica
7.20, 3.00, 5.80, 1.60, 0.094759, 0.890785, 0.014456, Iris-virginica
7.40, 2.80, 6.10, 1.90, 0.107458, 0.872741, 0.019801, Iris-virginica
7.90, 3.80, 6.40, 2.00, 0.189009, 0.760088, 0.050904, Iris-virginica
6.40, 2.80, 5.60, 2.20, 0.084843, 0.906194, 0.008963, Iris-virginica
6.30, 2.80, 5.10, 1.50, 0.540238, 0.436348, 0.023414, Iris-virginica
6.10, 2.60, 5.60, 1.40, 0.392728, 0.576047, 0.031225, Iris-virginica
7.70, 3.00, 6.10, 2.30, 0.131785, 0.839540, 0.028675, Iris-virginica
6.30, 3.40, 5.60, 2.40, 0.128705, 0.854065, 0.017230, Iris-virginica
6.40, 3.10, 5.50, 1.80, 0.110071, 0.880140, 0.009788, Iris-virginica
6.00, 3.00, 4.80, 1.80, 0.749936, 0.228326, 0.021737, Iris-virginica
6.90, 3.10, 5.40, 2.10, 0.028961, 0.967548, 0.003491, Iris-virginica
6.70, 3.10, 5.60, 2.40, 0.037681, 0.957240, 0.005080, Iris-virginica
6.90, 3.10, 5.10, 2.30, 0.129487, 0.855105, 0.015408, Iris-virginica
5.80, 2.70, 5.10, 1.90, 0.615574, 0.355095, 0.029332, Iris-virginica
6.80, 3.20, 5.90, 2.30, 0.033739, 0.961009, 0.005252, Iris-virginica
6.70, 3.30, 5.70, 2.50, 0.063186, 0.927110, 0.009704, Iris-virginica
6.70, 3.00, 5.20, 2.30, 0.106384, 0.882349, 0.011268, Iris-virginica
6.30, 2.50, 5.00, 1.90, 0.507523, 0.466646, 0.025831, Iris-virginica
6.50, 3.00, 5.20, 2.00, 0.156428, 0.831452, 0.012120, Iris-virginica
6.20, 3.40, 5.40, 2.30, 0.189041, 0.789373, 0.021586, Iris-virginica
5.90, 3.00, 5.10, 1.80, 0.581799, 0.391260, 0.026941, Iris-virginica
