% Title: Title
%
% Centers:
% 	5.003561 3.403040 1.484995 0.251538 
% 	5.889114 2.761204 4.364129 1.397382 
% 	6.775015 3.052401 5.646785 2.053558 
%

@RELATION

@ATTRIBUTE Attribute0 	 REAL
@ATTRIBUTE Attribute1 	 REAL
@ATTRIBUTE Attribute2 	 REAL
@ATTRIBUTE Attribute3 	 REAL
@ATTRIBUTE MU 	 FUZZY {Zhluk0, Zhluk1, Zhluk2}
@ATTRIBUTE class 	 {Iris-setosa, Iris-versicolor, Iris-virginica}

@DATA
5.10, 3.50, 1.40, 0.20, 0.996336, 0.002501, 0.001163, Iris-setosa
4.90, 3.00, 1.40, 0.20, 0.976954, 0.015889, 0.007156, Iris-setosa
4.70, 3.20, 1.30, 0.20, 0.980310, 0.013429, 0.006261, Iris-setosa
4.60, 3.10, 1.50, 0.20, 0.968313, 0.021854, 0.009834, Iris-setosa
5.00, 3.60, 1.40, 0.20, 0.993927, 0.004131, 0.001942, Iris-setosa
5.40, 3.90, 1.70, 0.40, 0.933143, 0.045785, 0.021072, Iris-setosa
4.60, 3.40, 1.40, 0.30, 0.979488, 0.014006, 0.006506, Iris-setosa
5.00, 3.40, 1.50, 0.20, 0.999611, 0.000268, 0.000121, Iris-setosa
4.40, 2.90, 1.40, 0.20, 0.931558, 0.046909, 0.021534, Iris-setosa
4.90, 3.10, 1.50, 0.10, 0.983690, 0.011267, 0.005043, Iris-setosa
5.40, 3.70, 1.50, 0.20, 0.967215, 0.022319, 0.010466, Iris-setosa
4.80, 3.40, 1.60, 0.20, 0.992281, 0.005333, 0.002387, Iris-setosa
4.80, 3.00, 1.40, 0.10, 0.971747, 0.019421, 0.008832, Iris-setosa
4.30, 3.00, 1.10, 0.10, 0.923699, 0.051302, 0.024999, Iris-setosa
5.80, 4.00, 1.20, 0.20, 0.888399, 0.073504, 0.038098, Iris-setosa
5.70, 4.40, 1.50, 0.40, 0.839275, 0.105708, 0.055017, Iris-setosa
5.40, 3.90, 1.30, 0.40, 0.945518, 0.036522, 0.017961, Iris-setosa
5.10, 3.50, 1.40, 0.30, 0.996307, 0.002524, 0.001168, Iris-setosa
5.70, 3.80, 1.70, 0.30, 0.903064, 0.066287, 0.030648, Iris-setosa
5.10, 3.80, 1.50, 0.30, 0.978068, 0.014919, 0.007012, Iris-setosa
5.40, 3.40, 1.70, 0.20, 0.968755, 0.021750, 0.009495, Iris-setosa
5.10, 3.70, 1.50, 0.40, 0.983901, 0.011010, 0.005089, Iris-setosa
4.60, 3.60, 1.00, 0.20, 0.958130, 0.027860, 0.014010, Iris-setosa
5.10, 3.30, 1.70, 0.50, 0.979779, 0.014213, 0.006007, Iris-setosa
4.80, 3.40, 1.90, 0.20, 0.967268, 0.022997, 0.009735, Iris-setosa
5.00, 3.00, 1.60, 0.20, 0.974905, 0.017525, 0.007571, Iris-setosa
5.00, 3.40, 1.60, 0.40, 0.994861, 0.003570, 0.001569, Iris-setosa
5.20, 3.50, 1.50, 0.20, 0.993092, 0.004740, 0.002167, Iris-setosa
5.20, 3.40, 1.40, 0.20, 0.993660, 0.004339, 0.002001, Iris-setosa
4.70, 3.20, 1.60, 0.20, 0.980240, 0.013699, 0.006061, Iris-setosa
4.80, 3.10, 1.60, 0.20, 0.979752, 0.014086, 0.006162, Iris-setosa
5.40, 3.40, 1.50, 0.40, 0.974274, 0.017758, 0.007968, Iris-setosa
5.20, 4.10, 1.50, 0.10, 0.936927, 0.042211, 0.020862, Iris-setosa
5.50, 4.20, 1.40, 0.20, 0.902386, 0.064662, 0.032952, Iris-setosa
4.90, 3.10, 1.50, 0.10, 0.983690, 0.011267, 0.005043, Iris-setosa
5.00, 3.20, 1.20, 0.20, 0.985406, 0.009920, 0.004673, Iris-setosa
5.50, 3.50, 1.30, 0.20, 0.963827, 0.024493, 0.011680, Iris-setosa
4.90, 3.10, 1.50, 0.10, 0.983690, 0.011267, 0.005043, Iris-setosa
4.40, 3.00, 1.30, 0.20, 0.940571, 0.040478, 0.018951, Iris-setosa
5.10, 3.40, 1.50, 0.20, 0.998342, 0.001141, 0.000517, Iris-setosa
5.00, 3.50, 1.30, 0.30, 0.994361, 0.003833, 0.001806, Iris-setosa
4.50, 2.30, 1.30, 0.30, 0.852731, 0.100899, 0.046370, Iris-setosa
4.40, 3.20, 1.30, 0.20, 0.953073, 0.031864, 0.015063, Iris-setosa
5.00, 3.50, 1.60, 0.60, 0.978871, 0.014672, 0.006457, Iris-setosa
5.10, 3.80, 1.90, 0.40, 0.944176, 0.038890, 0.016934, Iris-setosa
4.80, 3.00, 1.40, 0.30, 0.973202, 0.018493, 0.008305, Iris-setosa
5.10, 3.80, 1.60, 0.20, 0.975756, 0.016550, 0.007695, Iris-setosa
4.60, 3.20, 1.40, 0.20, 0.974771, 0.017275, 0.007954, Iris-setosa
5.30, 3.70, 1.50, 0.20, 0.976396, 0.016081, 0.007523, Iris-setosa
5.00, 3.30, 1.40, 0.20, 0.997361, 0.001810, 0.000829, Iris-setosa
7.00, 3.20, 4.70, 1.40, 0.044601, 0.454300, 0.501100, Iris-versicolor
6.40, 3.20, 4.50, 1.50, 0.029174, 0.764086, 0.206740, Iris-versicolor
6.90, 3.10, 4.90, 1.50, 0.031288, 0.368795, 0.599917, Iris-versicolor
5.50, 2.30, 4.00, 1.30, 0.049539, 0.869986, 0.080475, Iris-versicolor
6.50, 2.80, 4.60, 1.50, 0.024132, 0.758787, 0.217081, Iris-versicolor
5.70, 2.80, 4.50, 1.30, 0.005753, 0.973777, 0.020470, Iris-versicolor
6.30, 3.30, 4.70, 1.60, 0.029804, 0.673069, 0.297127, Iris-versicolor
4.90, 2.40, 3.30, 1.00, 0.286362, 0.581516, 0.132122, Iris-versicolor
6.60, 2.90, 4.60, 1.30, 0.031263, 0.721065, 0.247671, Iris-versicolor
5.20, 2.70, 3.90, 1.40, 0.074981, 0.830300, 0.094720, Iris-versicolor
5.00, 2.00, 3.50, 1.00, 0.219414, 0.635670, 0.144916, Iris-versicolor
5.90, 3.00, 4.20, 1.50, 0.009197, 0.962070, 0.028733, Iris-versicolor
6.00, 2.20, 4.00, 1.00, 0.055836, 0.843031, 0.101133, Iris-versicolor
6.10, 2.90, 4.70, 1.40, 0.012121, 0.899702, 0.088177, Iris-versicolor
5.60, 2.90, 3.60, 1.30, 0.091883, 0.815925, 0.092192, Iris-versicolor
6.70, 3.10, 4.40, 1.40, 0.041748, 0.689917, 0.268335, Iris-versicolor
5.60, 3.00, 4.50, 1.50, 0.014173, 0.933151, 0.052676, Iris-versicolor
5.80, 2.70, 4.10, 1.00, 0.025975, 0.925632, 0.048393, Iris-versicolor
6.20, 2.20, 4.50, 1.50, 0.027210, 0.835367, 0.137423, Iris-versicolor
5.60, 2.50, 3.90, 1.10, 0.051754, 0.877448, 0.070798, Iris-versicolor
5.90, 3.20, 4.80, 1.80, 0.027629, 0.721686, 0.250685, Iris-versicolor
6.10, 2.80, 4.00, 1.30, 0.019537, 0.934224, 0.046239, Iris-versicolor
6.30, 2.50, 4.90, 1.50, 0.024007, 0.705456, 0.270538, Iris-versicolor
6.10, 2.80, 4.70, 1.20, 0.013949, 0.902766, 0.083285, Iris-versicolor
6.40, 2.90, 4.30, 1.30, 0.022931, 0.875926, 0.101144, Iris-versicolor
6.60, 3.00, 4.40, 1.40, 0.033969, 0.754821, 0.211210, Iris-versicolor
6.80, 2.80, 4.80, 1.40, 0.033642, 0.523700, 0.442657, Iris-versicolor
6.70, 3.00, 5.00, 1.70, 0.021202, 0.306364, 0.672434, Iris-versicolor
6.00, 2.90, 4.50, 1.50, 0.004936, 0.968915, 0.026150, Iris-versicolor
5.70, 2.60, 3.50, 1.00, 0.128802, 0.766562, 0.104635, Iris-versicolor
5.50, 2.40, 3.80, 1.10, 0.078118, 0.831979, 0.089902, Iris-versicolor
5.50, 2.40, 3.70, 1.00, 0.104211, 0.795053, 0.100737, Iris-versicolor
5.80, 2.70, 3.90, 1.20, 0.031082, 0.918587, 0.050331, Iris-versicolor
6.00, 2.70, 5.10, 1.60, 0.024000, 0.656338, 0.319662, Iris-versicolor
5.40, 3.00, 4.50, 1.50, 0.026423, 0.891115, 0.082462, Iris-versicolor
6.00, 3.40, 4.50, 1.60, 0.032148, 0.797201, 0.170651, Iris-versicolor
6.70, 3.10, 4.70, 1.50, 0.033475, 0.555475, 0.411050, Iris-versicolor
6.30, 2.30, 4.40, 1.30, 0.026930, 0.857598, 0.115472, Iris-versicolor
5.60, 3.00, 4.10, 1.30, 0.024144, 0.928852, 0.047004, Iris-versicolor
5.50, 2.50, 4.00, 1.30, 0.038318, 0.899269, 0.062414, Iris-versicolor
5.50, 2.60, 4.40, 1.20, 0.019691, 0.931053, 0.049256, Iris-versicolor
6.10, 3.00, 4.60, 1.40, 0.011621, 0.915714, 0.072664, Iris-versicolor
5.80, 2.60, 4.00, 1.20, 0.022597, 0.935585, 0.041818, Iris-versicolor
5.00, 2.30, 3.30, 1.00, 0.270117, 0.597324, 0.132559, Iris-versicolor
5.60, 2.70, 4.20, 1.30, 0.012724, 0.958804, 0.028472, Iris-versicolor
5.70, 3.00, 4.20, 1.20, 0.016818, 0.945493, 0.037689, Iris-versicolor
5.70, 2.90, 4.20, 1.30, 0.009602, 0.967368, 0.023030, Iris-versicolor
6.20, 2.90, 4.30, 1.30, 0.011418, 0.943884, 0.044698, Iris-versicolor
5.10, 2.50, 3.00, 1.10, 0.356779, 0.518957, 0.124264, Iris-versicolor
5.70, 2.80, 4.10, 1.30, 0.012731, 0.960505, 0.026764, Iris-versicolor
6.30, 3.30, 6.00, 2.50, 0.019365, 0.120751, 0.859884, Iris-virginica
5.80, 2.70, 5.10, 1.90, 0.029332, 0.615580, 0.355088, Iris-virginica
7.10, 3.00, 5.90, 2.10, 0.006079, 0.038157, 0.955764, Iris-virginica
6.30, 2.90, 5.60, 1.80, 0.012535, 0.141953, 0.845512, Iris-virginica
6.50, 3.00, 5.80, 2.20, 0.004757, 0.037644, 0.957599, Iris-virginica
7.60, 3.00, 6.60, 2.10, 0.035477, 0.152682, 0.811840, Iris-virginica
4.90, 2.50, 4.50, 1.70, 0.073141, 0.759811, 0.167048, Iris-virginica
7.30, 2.90, 6.30, 1.80, 0.021913, 0.115149, 0.862938, Iris-virginica
6.70, 2.50, 5.80, 1.80, 0.014009, 0.117351, 0.868640, Iris-virginica
7.20, 3.60, 6.10, 2.50, 0.024418, 0.114601, 0.860981, Iris-virginica
6.50, 3.20, 5.10, 2.00, 0.016770, 0.209899, 0.773330, Iris-virginica
6.40, 2.70, 5.30, 1.90, 0.015771, 0.223145, 0.761084, Iris-virginica
6.80, 3.00, 5.50, 2.10, 0.001167, 0.010016, 0.988817, Iris-virginica
5.70, 2.50, 5.00, 2.00, 0.034415, 0.659927, 0.305658, Iris-virginica
5.80, 2.80, 5.10, 2.40, 0.038404, 0.460987, 0.500610, Iris-virginica
6.40, 3.20, 5.30, 2.30, 0.014068, 0.136073, 0.849859, Iris-virginica
6.50, 3.00, 5.50, 1.80, 0.007166, 0.079619, 0.913216, Iris-virginica
7.70, 3.80, 6.70, 2.20, 0.050589, 0.185831, 0.763580, Iris-virginica
7.70, 2.60, 6.90, 2.30, 0.049214, 0.193260, 0.757526, Iris-virginica
6.00, 2.20, 5.00, 1.50, 0.032252, 0.710672, 0.257076, Iris-virginica
6.90, 3.20, 5.70, 2.30, 0.003829, 0.025702, 0.970469, Iris-virginica
5.60, 2.80, 4.90, 2.00, 0.033678, 0.706950, 0.259372, Iris-virginica
7.70, 2.80, 6.70, 2.00, 0.041996, 0.174836, 0.783168, Iris-virginica
6.30, 2.70, 4.90, 1.80, 0.022825, 0.595787, 0.381388, Iris-virginica
6.70, 3.30, 5.70, 2.10, 0.002915, 0.021745, 0.975341, Iris-virginica
7.20, 3.20, 6.00, 1.80, 0.012914, 0.075176, 0.911910, Iris-virginica
6.20, 2.80, 4.80, 1.80, 0.020997, 0.707817, 0.271186, Iris-virginica
6.10, 3.00, 4.90, 1.80, 0.023106, 0.646950, 0.329944, Iris-virginica
6.40, 2.80, 5.60, 2.10, 0.008364, 0.083005, 0.908630, Iris-virginica
7.20, 3.00, 5.80, 1.60, 0.014456, 0.094759, 0.890785, Iris-virginica
7.40, 2.80, 6.10, 1.90, 0.019801, 0.107457, 0.872743, Iris-virginica
7.90, 3.80, 6.40, 2.00, 0.050903, 0.189008, 0.760089, Iris-virginica
6.40, 2.80, 5.60, 2.20, 0.008963, 0.084846, 0.906191, Iris-virginica
6.30, 2.80, 5.10, 1.50, 0.023414, 0.540247, 0.436340, Iris-virginica
6.10, 2.60, 5.60, 1.40, 0.031225, 0.392733, 0.576042, Iris-virginica
7.70, 3.00, 6.10, 2.30, 0.028675, 0.131784, 0.839541, Iris-virginica
6.30, 3.40, 5.60, 2.40, 0.017230, 0.128706, 0.854064, Iris-virginica
6.40, 3.10, 5.50, 1.80, 0.009789, 0.110075, 0.880136, Iris-virginica
6.00, 3.00, 4.80, 1.80, 0.021737, 0.749943, 0.228320, Iris-virginica
6.90, 3.10, 5.40, 2.10, 0.003491, 0.028962, 0.967548, Iris-virginica
6.70, 3.10, 5.60, 2.40, 0.005080, 0.037681, 0.957240, Iris-virginica
6.90, 3.10, 5.10, 2.30, 0.015408, 0.129490, 0.855102, Iris-virginica
5.80, 2.70, 5.10, 1.90, 0.029332, 0.615580, 0.355088, Iris-virginica
6.80, 3.20, 5.90, 2.30, 0.005252, 0.033738, 0.961010, Iris-virginica
6.70, 3.30, 5.70, 2.50, 0.009704, 0.063186, 0.927110, Iris-virginica
6.70, 3.00, 5.20, 2.30, 0.011268, 0.106387, 0.882346, Iris-virginica
6.30, 2.50, 5.00, 1.90, 0.025831, 0.507531, 0.466639, Iris-virginica
6.50, 3.00, 5.20, 2.00, 0.012120, 0.156434, 0.831446, Iris-virginica
6.20, 3.40, 5.40, 2.30, 0.021586, 0.189045, 0.789370, Iris-virginica
5.90, 3.00, 5.10, 1.80, 0.026941, 0.581806, 0.391253, Iris-virginica
