% Title: Title
%
% Centers:
% 	6.775023 3.052403 5.646795 2.053562 
% 	5.889121 2.761206 4.364139 1.397387 
% 	5.003561 3.403039 1.484995 0.251538 
%

@RELATION

@ATTRIBUTE Attribute0 	 REAL
@ATTRIBUTE Attribute1 	 REAL
@ATTRIBUTE Attribute2 	 REAL
@ATTRIBUTE Attribute3 	 REAL
@ATTRIBUTE MU 	 FUZZY {Zhluk0, Zhluk1, Zhluk2}
@ATTRIBUTE class 	 {Iris-setosa, Iris-versicolor, Iris-virginica}

@DATA
5.10, 3.50, 1.40, 0.20, 0.001163, 0.002501, 0.996336, Iris-setosa
4.90, 3.00, 1.40, 0.20, 0.007156, 0.015889, 0.976954, Iris-setosa
4.70, 3.20, 1.30, 0.20, 0.006261, 0.013429, 0.980310, Iris-setosa
4.60, 3.10, 1.50, 0.20, 0.009834, 0.021853, 0.968313, Iris-setosa
5.00, 3.60, 1.40, 0.20, 0.001942, 0.004131, 0.993927, Iris-setosa
5.40, 3.90, 1.70, 0.40, 0.021072, 0.045785, 0.933144, Iris-setosa
4.60, 3.40, 1.40, 0.30, 0.006506, 0.014006, 0.979488, Iris-setosa
5.00, 3.40, 1.50, 0.20, 0.000121, 0.000268, 0.999611, Iris-setosa
4.40, 2.90, 1.40, 0.20, 0.021533, 0.046908, 0.931558, Iris-setosa
4.90, 3.10, 1.50, 0.10, 0.005043, 0.011267, 0.983691, Iris-setosa
5.40, 3.70, 1.50, 0.20, 0.010466, 0.022319, 0.967215, Iris-setosa
4.80, 3.40, 1.60, 0.20, 0.002387, 0.005332, 0.992281, Iris-setosa
4.80, 3.00, 1.40, 0.10, 0.008832, 0.019421, 0.971748, Iris-setosa
4.30, 3.00, 1.10, 0.10, 0.024999, 0.051302, 0.923699, Iris-setosa
5.80, 4.00, 1.20, 0.20, 0.038098, 0.073503, 0.888399, Iris-setosa
5.70, 4.40, 1.50, 0.40, 0.055016, 0.105708, 0.839276, Iris-setosa
5.40, 3.90, 1.30, 0.40, 0.017960, 0.036521, 0.945518, Iris-setosa
5.10, 3.50, 1.40, 0.30, 0.001168, 0.002524, 0.996307, Iris-setosa
5.70, 3.80, 1.70, 0.30, 0.030648, 0.066287, 0.903065, Iris-setosa
5.10, 3.80, 1.50, 0.30, 0.007012, 0.014919, 0.978069, Iris-setosa
5.40, 3.40, 1.70, 0.20, 0.009495, 0.021749, 0.968756, Iris-setosa
5.10, 3.70, 1.50, 0.40, 0.005089, 0.011010, 0.983902, Iris-setosa
4.60, 3.60, 1.00, 0.20, 0.014010, 0.027860, 0.958130, Iris-setosa
5.10, 3.30, 1.70, 0.50, 0.006007, 0.014213, 0.979780, Iris-setosa
4.80, 3.40, 1.90, 0.20, 0.009735, 0.022996, 0.967269, Iris-setosa
5.00, 3.00, 1.60, 0.20, 0.007571, 0.017524, 0.974905, Iris-setosa
5.00, 3.40, 1.60, 0.40, 0.001569, 0.003570, 0.994861, Iris-setosa
5.20, 3.50, 1.50, 0.20, 0.002167, 0.004740, 0.993093, Iris-setosa
5.20, 3.40, 1.40, 0.20, 0.002001, 0.004339, 0.993660, Iris-setosa
4.70, 3.20, 1.60, 0.20, 0.006061, 0.013699, 0.980240, Iris-setosa
4.80, 3.10, 1.60, 0.20, 0.006162, 0.014086, 0.979752, Iris-setosa
5.40, 3.40, 1.50, 0.40, 0.007968, 0.017758, 0.974274, Iris-setosa
5.20, 4.10, 1.50, 0.10, 0.020862, 0.042210, 0.936928, Iris-setosa
5.50, 4.20, 1.40, 0.20, 0.032952, 0.064662, 0.902386, Iris-setosa
4.90, 3.10, 1.50, 0.10, 0.005043, 0.011267, 0.983691, Iris-setosa
5.00, 3.20, 1.20, 0.20, 0.004673, 0.009920, 0.985406, Iris-setosa
5.50, 3.50, 1.30, 0.20, 0.011680, 0.024493, 0.963827, Iris-setosa
4.90, 3.10, 1.50, 0.10, 0.005043, 0.011267, 0.983691, Iris-setosa
4.40, 3.00, 1.30, 0.20, 0.018951, 0.040477, 0.940572, Iris-setosa
5.10, 3.40, 1.50, 0.20, 0.000517, 0.001141, 0.998342, Iris-setosa
5.00, 3.50, 1.30, 0.30, 0.001806, 0.003833, 0.994361, Iris-setosa
4.50, 2.30, 1.30, 0.30, 0.046370, 0.100898, 0.852732, Iris-setosa
4.40, 3.20, 1.30, 0.20, 0.015063, 0.031864, 0.953073, Iris-setosa
5.00, 3.50, 1.60, 0.60, 0.006457, 0.014671, 0.978871, Iris-setosa
5.10, 3.80, 1.90, 0.40, 0.016934, 0.038890, 0.944177, Iris-setosa
4.80, 3.00, 1.40, 0.30, 0.008305, 0.018493, 0.973202, Iris-setosa
5.10, 3.80, 1.60, 0.20, 0.007695, 0.016549, 0.975756, Iris-setosa
4.60, 3.20, 1.40, 0.20, 0.007954, 0.017275, 0.974772, Iris-setosa
5.30, 3.70, 1.50, 0.20, 0.007523, 0.016081, 0.976397, Iris-setosa
5.00, 3.30, 1.40, 0.20, 0.000829, 0.001810, 0.997361, Iris-setosa
7.00, 3.20, 4.70, 1.40, 0.501089, 0.454311, 0.044601, Iris-versicolor
6.40, 3.20, 4.50, 1.50, 0.206729, 0.764098, 0.029174, Iris-versicolor
6.90, 3.10, 4.90, 1.50, 0.599903, 0.368809, 0.031288, Iris-versicolor
5.50, 2.30, 4.00, 1.30, 0.080477, 0.869982, 0.049541, Iris-versicolor
6.50, 2.80, 4.60, 1.50, 0.217068, 0.758801, 0.024131, Iris-versicolor
5.70, 2.80, 4.50, 1.30, 0.020470, 0.973777, 0.005753, Iris-versicolor
6.30, 3.30, 4.70, 1.60, 0.297111, 0.673086, 0.029803, Iris-versicolor
4.90, 2.40, 3.30, 1.00, 0.132122, 0.581510, 0.286367, Iris-versicolor
6.60, 2.90, 4.60, 1.30, 0.247659, 0.721078, 0.031263, Iris-versicolor
5.20, 2.70, 3.90, 1.40, 0.094721, 0.830295, 0.074983, Iris-versicolor
5.00, 2.00, 3.50, 1.00, 0.144916, 0.635665, 0.219419, Iris-versicolor
5.90, 3.00, 4.20, 1.50, 0.028733, 0.962070, 0.009197, Iris-versicolor
6.00, 2.20, 4.00, 1.00, 0.101135, 0.843028, 0.055837, Iris-versicolor
6.10, 2.90, 4.70, 1.40, 0.088168, 0.899712, 0.012120, Iris-versicolor
5.60, 2.90, 3.60, 1.30, 0.092194, 0.815919, 0.091886, Iris-versicolor
6.70, 3.10, 4.40, 1.40, 0.268325, 0.689928, 0.041748, Iris-versicolor
5.60, 3.00, 4.50, 1.50, 0.052674, 0.933153, 0.014173, Iris-versicolor
5.80, 2.70, 4.10, 1.00, 0.048395, 0.925628, 0.025977, Iris-versicolor
6.20, 2.20, 4.50, 1.50, 0.137418, 0.835372, 0.027209, Iris-versicolor
5.60, 2.50, 3.90, 1.10, 0.070800, 0.877443, 0.051757, Iris-versicolor
5.90, 3.20, 4.80, 1.80, 0.250671, 0.721700, 0.027628, Iris-versicolor
6.10, 2.80, 4.00, 1.30, 0.046240, 0.934222, 0.019538, Iris-versicolor
6.30, 2.50, 4.90, 1.50, 0.270522, 0.705472, 0.024006, Iris-versicolor
6.10, 2.80, 4.70, 1.20, 0.083279, 0.902773, 0.013948, Iris-versicolor
6.40, 2.90, 4.30, 1.30, 0.101139, 0.875931, 0.022930, Iris-versicolor
6.60, 3.00, 4.40, 1.40, 0.211201, 0.754831, 0.033968, Iris-versicolor
6.80, 2.80, 4.80, 1.40, 0.442642, 0.523715, 0.033642, Iris-versicolor
6.70, 3.00, 5.00, 1.70, 0.672415, 0.306382, 0.021203, Iris-versicolor
6.00, 2.90, 4.50, 1.50, 0.026145, 0.968920, 0.004935, Iris-versicolor
5.70, 2.60, 3.50, 1.00, 0.104637, 0.766556, 0.128807, Iris-versicolor
5.50, 2.40, 3.80, 1.10, 0.089905, 0.831974, 0.078122, Iris-versicolor
5.50, 2.40, 3.70, 1.00, 0.100738, 0.795047, 0.104215, Iris-versicolor
5.80, 2.70, 3.90, 1.20, 0.050334, 0.918582, 0.031084, Iris-versicolor
6.00, 2.70, 5.10, 1.60, 0.319644, 0.656356, 0.023999, Iris-versicolor
5.40, 3.00, 4.50, 1.50, 0.082461, 0.891116, 0.026423, Iris-versicolor
6.00, 3.40, 4.50, 1.60, 0.170643, 0.797210, 0.032147, Iris-versicolor
6.70, 3.10, 4.70, 1.50, 0.411034, 0.555491, 0.033475, Iris-versicolor
6.30, 2.30, 4.40, 1.30, 0.115469, 0.857602, 0.026929, Iris-versicolor
5.60, 3.00, 4.10, 1.30, 0.047006, 0.928848, 0.024146, Iris-versicolor
5.50, 2.50, 4.00, 1.30, 0.062416, 0.899264, 0.038320, Iris-versicolor
5.50, 2.60, 4.40, 1.20, 0.049257, 0.931050, 0.019692, Iris-versicolor
6.10, 3.00, 4.60, 1.40, 0.072657, 0.915723, 0.011620, Iris-versicolor
5.80, 2.60, 4.00, 1.20, 0.041820, 0.935581, 0.022599, Iris-versicolor
5.00, 2.30, 3.30, 1.00, 0.132560, 0.597319, 0.270122, Iris-versicolor
5.60, 2.70, 4.20, 1.30, 0.028474, 0.958800, 0.012726, Iris-versicolor
5.70, 3.00, 4.20, 1.20, 0.037690, 0.945490, 0.016819, Iris-versicolor
5.70, 2.90, 4.20, 1.30, 0.023032, 0.967365, 0.009603, Iris-versicolor
6.20, 2.90, 4.30, 1.30, 0.044696, 0.943887, 0.011417, Iris-versicolor
5.10, 2.50, 3.00, 1.10, 0.124264, 0.518951, 0.356784, Iris-versicolor
5.70, 2.80, 4.10, 1.30, 0.026767, 0.960501, 0.012732, Iris-versicolor
6.30, 3.30, 6.00, 2.50, 0.859883, 0.120752, 0.019365, Iris-virginica
5.80, 2.70, 5.10, 1.90, 0.355073, 0.615596, 0.029331, Iris-virginica
7.10, 3.00, 5.90, 2.10, 0.955767, 0.038154, 0.006079, Iris-virginica
6.30, 2.90, 5.60, 1.80, 0.845501, 0.141963, 0.012536, Iris-virginica
6.50, 3.00, 5.80, 2.20, 0.957598, 0.037645, 0.004757, Iris-virginica
7.60, 3.00, 6.60, 2.10, 0.811843, 0.152680, 0.035476, Iris-virginica
4.90, 2.50, 4.50, 1.70, 0.167047, 0.759811, 0.073142, Iris-virginica
7.30, 2.90, 6.30, 1.80, 0.862941, 0.115147, 0.021912, Iris-virginica
6.70, 2.50, 5.80, 1.80, 0.868636, 0.117354, 0.014009, Iris-virginica
7.20, 3.60, 6.10, 2.50, 0.860984, 0.114599, 0.024417, Iris-virginica
6.50, 3.20, 5.10, 2.00, 0.773314, 0.209915, 0.016771, Iris-virginica
6.40, 2.70, 5.30, 1.90, 0.761066, 0.223162, 0.015772, Iris-virginica
6.80, 3.00, 5.50, 2.10, 0.988815, 0.010018, 0.001167, Iris-virginica
5.70, 2.50, 5.00, 2.00, 0.305647, 0.659939, 0.034415, Iris-virginica
5.80, 2.80, 5.10, 2.40, 0.500597, 0.460999, 0.038404, Iris-virginica
6.40, 3.20, 5.30, 2.30, 0.849850, 0.136082, 0.014068, Iris-virginica
6.50, 3.00, 5.50, 1.80, 0.913206, 0.079628, 0.007166, Iris-virginica
7.70, 3.80, 6.70, 2.20, 0.763583, 0.185829, 0.050588, Iris-virginica
7.70, 2.60, 6.90, 2.30, 0.757529, 0.193258, 0.049213, Iris-virginica
6.00, 2.20, 5.00, 1.50, 0.257066, 0.710682, 0.032252, Iris-virginica
6.90, 3.20, 5.70, 2.30, 0.970471, 0.025700, 0.003829, Iris-virginica
5.60, 2.80, 4.90, 2.00, 0.259361, 0.706961, 0.033678, Iris-virginica
7.70, 2.80, 6.70, 2.00, 0.783171, 0.174834, 0.041995, Iris-virginica
6.30, 2.70, 4.90, 1.80, 0.381366, 0.595809, 0.022825, Iris-virginica
6.70, 3.30, 5.70, 2.10, 0.975341, 0.021745, 0.002914, Iris-virginica
7.20, 3.20, 6.00, 1.80, 0.911913, 0.075174, 0.012913, Iris-virginica
6.20, 2.80, 4.80, 1.80, 0.271167, 0.707837, 0.020996, Iris-virginica
6.10, 3.00, 4.90, 1.80, 0.329924, 0.646971, 0.023105, Iris-virginica
6.40, 2.80, 5.60, 2.10, 0.908623, 0.083012, 0.008365, Iris-virginica
7.20, 3.00, 5.80, 1.60, 0.890785, 0.094759, 0.014455, Iris-virginica
7.40, 2.80, 6.10, 1.90, 0.872745, 0.107455, 0.019800, Iris-virginica
7.90, 3.80, 6.40, 2.00, 0.760091, 0.189006, 0.050902, Iris-virginica
6.40, 2.80, 5.60, 2.20, 0.906185, 0.084851, 0.008964, Iris-virginica
6.30, 2.80, 5.10, 1.50, 0.436318, 0.540268, 0.023414, Iris-virginica
6.10, 2.60, 5.60, 1.40, 0.576029, 0.392746, 0.031225, Iris-virginica
7.70, 3.00, 6.10, 2.30, 0.839545, 0.131781, 0.028674, Iris-virginica
6.30, 3.40, 5.60, 2.40, 0.854059, 0.128710, 0.017230, Iris-virginica
6.40, 3.10, 5.50, 1.80, 0.880125, 0.110085, 0.009789, Iris-virginica
6.00, 3.00, 4.80, 1.80, 0.228304, 0.749960, 0.021736, Iris-virginica
6.90, 3.10, 5.40, 2.10, 0.967545, 0.028964, 0.003491, Iris-virginica
6.70, 3.10, 5.60, 2.40, 0.957239, 0.037681, 0.005080, Iris-virginica
6.90, 3.10, 5.10, 2.30, 0.855096, 0.129496, 0.015408, Iris-virginica
5.80, 2.70, 5.10, 1.90, 0.355073, 0.615596, 0.029331, Iris-virginica
6.80, 3.20, 5.90, 2.30, 0.961012, 0.033736, 0.005251, Iris-virginica
6.70, 3.30, 5.70, 2.50, 0.927111, 0.063186, 0.009704, Iris-virginica
6.70, 3.00, 5.20, 2.30, 0.882338, 0.106394, 0.011268, Iris-virginica
6.30, 2.50, 5.00, 1.90, 0.466620, 0.507550, 0.025831, Iris-virginica
6.50, 3.00, 5.20, 2.00, 0.831430, 0.156449, 0.012121, Iris-virginica
6.20, 3.40, 5.40, 2.30, 0.789361, 0.189053, 0.021586, Iris-virginica
5.90, 3.00, 5.10, 1.80, 0.391234, 0.581825, 0.026940, Iris-virginica
