% Title: Title
%
% Centers:
% 	5.889097 2.761198 4.364105 1.397369 
% 	6.774995 3.052395 5.646760 2.053549 
% 	5.003561 3.403041 1.484993 0.251537 
%

@RELATION

@ATTRIBUTE Attribute0 	 REAL
@ATTRIBUTE Attribute1 	 REAL
@ATTRIBUTE Attribute2 	 REAL
@ATTRIBUTE Attribute3 	 REAL
@ATTRIBUTE MU 	 FUZZY {Zhluk0, Zhluk1, Zhluk2}
@ATTRIBUTE class 	 {Iris-setosa, Iris-versicolor, Iris-virginica}

@DATA
5.10, 3.50, 1.40, 0.20, 0.002501, 0.001163, 0.996336, Iris-setosa
4.90, 3.00, 1.40, 0.20, 0.015890, 0.007157, 0.976953, Iris-setosa
4.70, 3.20, 1.30, 0.20, 0.013429, 0.006261, 0.980310, Iris-setosa
4.60, 3.10, 1.50, 0.20, 0.021854, 0.009834, 0.968312, Iris-setosa
5.00, 3.60, 1.40, 0.20, 0.004131, 0.001942, 0.993927, Iris-setosa
5.40, 3.90, 1.70, 0.40, 0.045786, 0.021072, 0.933142, Iris-setosa
4.60, 3.40, 1.40, 0.30, 0.014006, 0.006506, 0.979487, Iris-setosa
5.00, 3.40, 1.50, 0.20, 0.000268, 0.000121, 0.999611, Iris-setosa
4.40, 2.90, 1.40, 0.20, 0.046910, 0.021534, 0.931556, Iris-setosa
4.90, 3.10, 1.50, 0.10, 0.011267, 0.005043, 0.983690, Iris-setosa
5.40, 3.70, 1.50, 0.20, 0.022320, 0.010466, 0.967214, Iris-setosa
4.80, 3.40, 1.60, 0.20, 0.005333, 0.002387, 0.992280, Iris-setosa
4.80, 3.00, 1.40, 0.10, 0.019421, 0.008832, 0.971747, Iris-setosa
4.30, 3.00, 1.10, 0.10, 0.051303, 0.024999, 0.923697, Iris-setosa
5.80, 4.00, 1.20, 0.20, 0.073505, 0.038098, 0.888397, Iris-setosa
5.70, 4.40, 1.50, 0.40, 0.105710, 0.055017, 0.839273, Iris-setosa
5.40, 3.90, 1.30, 0.40, 0.036522, 0.017961, 0.945517, Iris-setosa
5.10, 3.50, 1.40, 0.30, 0.002525, 0.001168, 0.996307, Iris-setosa
5.70, 3.80, 1.70, 0.30, 0.066289, 0.030649, 0.903062, Iris-setosa
5.10, 3.80, 1.50, 0.30, 0.014919, 0.007012, 0.978068, Iris-setosa
5.40, 3.40, 1.70, 0.20, 0.021750, 0.009495, 0.968754, Iris-setosa
5.10, 3.70, 1.50, 0.40, 0.011010, 0.005089, 0.983901, Iris-setosa
4.60, 3.60, 1.00, 0.20, 0.027860, 0.014011, 0.958129, Iris-setosa
5.10, 3.30, 1.70, 0.50, 0.014214, 0.006008, 0.979779, Iris-setosa
4.80, 3.40, 1.90, 0.20, 0.022997, 0.009735, 0.967267, Iris-setosa
5.00, 3.00, 1.60, 0.20, 0.017525, 0.007571, 0.974904, Iris-setosa
5.00, 3.40, 1.60, 0.40, 0.003571, 0.001569, 0.994861, Iris-setosa
5.20, 3.50, 1.50, 0.20, 0.004740, 0.002167, 0.993092, Iris-setosa
5.20, 3.40, 1.40, 0.20, 0.004339, 0.002001, 0.993660, Iris-setosa
4.70, 3.20, 1.60, 0.20, 0.013700, 0.006061, 0.980239, Iris-setosa
4.80, 3.10, 1.60, 0.20, 0.014086, 0.006162, 0.979751, Iris-setosa
5.40, 3.40, 1.50, 0.40, 0.017758, 0.007968, 0.974273, Iris-setosa
5.20, 4.10, 1.50, 0.10, 0.042211, 0.020863, 0.936926, Iris-setosa
5.50, 4.20, 1.40, 0.20, 0.064663, 0.032953, 0.902384, Iris-setosa
4.90, 3.10, 1.50, 0.10, 0.011267, 0.005043, 0.983690, Iris-setosa
5.00, 3.20, 1.20, 0.20, 0.009920, 0.004673, 0.985406, Iris-setosa
5.50, 3.50, 1.30, 0.20, 0.024493, 0.011680, 0.963826, Iris-setosa
4.90, 3.10, 1.50, 0.10, 0.011267, 0.005043, 0.983690, Iris-setosa
4.40, 3.00, 1.30, 0.20, 0.040479, 0.018951, 0.940570, Iris-setosa
5.10, 3.40, 1.50, 0.20, 0.001141, 0.000517, 0.998342, Iris-setosa
5.00, 3.50, 1.30, 0.30, 0.003833, 0.001806, 0.994361, Iris-setosa
4.50, 2.30, 1.30, 0.30, 0.100902, 0.046371, 0.852727, Iris-setosa
4.40, 3.20, 1.30, 0.20, 0.031865, 0.015063, 0.953072, Iris-setosa
5.00, 3.50, 1.60, 0.60, 0.014672, 0.006457, 0.978871, Iris-setosa
5.10, 3.80, 1.90, 0.40, 0.038891, 0.016934, 0.944175, Iris-setosa
4.80, 3.00, 1.40, 0.30, 0.018494, 0.008305, 0.973201, Iris-setosa
5.10, 3.80, 1.60, 0.20, 0.016550, 0.007695, 0.975755, Iris-setosa
4.60, 3.20, 1.40, 0.20, 0.017275, 0.007954, 0.974771, Iris-setosa
5.30, 3.70, 1.50, 0.20, 0.016081, 0.007523, 0.976396, Iris-setosa
5.00, 3.30, 1.40, 0.20, 0.001810, 0.000829, 0.997361, Iris-setosa
7.00, 3.20, 4.70, 1.40, 0.454273, 0.501127, 0.044600, Iris-versicolor
6.40, 3.20, 4.50, 1.50, 0.764056, 0.206768, 0.029176, Iris-versicolor
6.90, 3.10, 4.90, 1.50, 0.368762, 0.599951, 0.031287, Iris-versicolor
5.50, 2.30, 4.00, 1.30, 0.869997, 0.080470, 0.049533, Iris-versicolor
6.50, 2.80, 4.60, 1.50, 0.758752, 0.217115, 0.024134, Iris-versicolor
5.70, 2.80, 4.50, 1.30, 0.973777, 0.020471, 0.005752, Iris-versicolor
6.30, 3.30, 4.70, 1.60, 0.673030, 0.297164, 0.029805, Iris-versicolor
4.90, 2.40, 3.30, 1.00, 0.581529, 0.132121, 0.286350, Iris-versicolor
6.60, 2.90, 4.60, 1.30, 0.721035, 0.247700, 0.031265, Iris-versicolor
5.20, 2.70, 3.90, 1.40, 0.830311, 0.094715, 0.074974, Iris-versicolor
5.00, 2.00, 3.50, 1.00, 0.635681, 0.144914, 0.219404, Iris-versicolor
5.90, 3.00, 4.20, 1.50, 0.962069, 0.028734, 0.009197, Iris-versicolor
6.00, 2.20, 4.00, 1.00, 0.843037, 0.101131, 0.055832, Iris-versicolor
6.10, 2.90, 4.70, 1.40, 0.899676, 0.088201, 0.012123, Iris-versicolor
5.60, 2.90, 3.60, 1.30, 0.815938, 0.092188, 0.091875, Iris-versicolor
6.70, 3.10, 4.40, 1.40, 0.689892, 0.268359, 0.041749, Iris-versicolor
5.60, 3.00, 4.50, 1.50, 0.933147, 0.052680, 0.014173, Iris-versicolor
5.80, 2.70, 4.10, 1.00, 0.925641, 0.048387, 0.025971, Iris-versicolor
6.20, 2.20, 4.50, 1.50, 0.835354, 0.137435, 0.027211, Iris-versicolor
5.60, 2.50, 3.90, 1.10, 0.877461, 0.070792, 0.051747, Iris-versicolor
5.90, 3.20, 4.80, 1.80, 0.721650, 0.250719, 0.027630, Iris-versicolor
6.10, 2.80, 4.00, 1.30, 0.934228, 0.046236, 0.019535, Iris-versicolor
6.30, 2.50, 4.90, 1.50, 0.705417, 0.270575, 0.024008, Iris-versicolor
6.10, 2.80, 4.70, 1.20, 0.902748, 0.083302, 0.013950, Iris-versicolor
6.40, 2.90, 4.30, 1.30, 0.875913, 0.101155, 0.022932, Iris-versicolor
6.60, 3.00, 4.40, 1.40, 0.754797, 0.211233, 0.033970, Iris-versicolor
6.80, 2.80, 4.80, 1.40, 0.523664, 0.442693, 0.033643, Iris-versicolor
6.70, 3.00, 5.00, 1.70, 0.306321, 0.672478, 0.021201, Iris-versicolor
6.00, 2.90, 4.50, 1.50, 0.968902, 0.026161, 0.004937, Iris-versicolor
5.70, 2.60, 3.50, 1.00, 0.766577, 0.104631, 0.128792, Iris-versicolor
5.50, 2.40, 3.80, 1.10, 0.831993, 0.089897, 0.078110, Iris-versicolor
5.50, 2.40, 3.70, 1.00, 0.795067, 0.100732, 0.104202, Iris-versicolor
5.80, 2.70, 3.90, 1.20, 0.918598, 0.050325, 0.031077, Iris-versicolor
6.00, 2.70, 5.10, 1.60, 0.656294, 0.319705, 0.024001, Iris-versicolor
5.40, 3.00, 4.50, 1.50, 0.891113, 0.082465, 0.026422, Iris-versicolor
6.00, 3.40, 4.50, 1.60, 0.797181, 0.170670, 0.032149, Iris-versicolor
6.70, 3.10, 4.70, 1.50, 0.555436, 0.411088, 0.033476, Iris-versicolor
6.30, 2.30, 4.40, 1.30, 0.857589, 0.115481, 0.026930, Iris-versicolor
5.60, 3.00, 4.10, 1.30, 0.928860, 0.046999, 0.024141, Iris-versicolor
5.50, 2.50, 4.00, 1.30, 0.899280, 0.062408, 0.038312, Iris-versicolor
5.50, 2.60, 4.40, 1.20, 0.931059, 0.049252, 0.019689, Iris-versicolor
6.10, 3.00, 4.60, 1.40, 0.915693, 0.072683, 0.011623, Iris-versicolor
5.80, 2.60, 4.00, 1.20, 0.935596, 0.041812, 0.022593, Iris-versicolor
5.00, 2.30, 3.30, 1.00, 0.597338, 0.132558, 0.270104, Iris-versicolor
5.60, 2.70, 4.20, 1.30, 0.958812, 0.028466, 0.012721, Iris-versicolor
5.70, 3.00, 4.20, 1.20, 0.945499, 0.037685, 0.016816, Iris-versicolor
5.70, 2.90, 4.20, 1.30, 0.967375, 0.023025, 0.009600, Iris-versicolor
6.20, 2.90, 4.30, 1.30, 0.943878, 0.044704, 0.011418, Iris-versicolor
5.10, 2.50, 3.00, 1.10, 0.518971, 0.124264, 0.356765, Iris-versicolor
5.70, 2.80, 4.10, 1.30, 0.960514, 0.026758, 0.012727, Iris-versicolor
6.30, 3.30, 6.00, 2.50, 0.120749, 0.859885, 0.019366, Iris-virginica
5.80, 2.70, 5.10, 1.90, 0.615542, 0.355126, 0.029332, Iris-virginica
7.10, 3.00, 5.90, 2.10, 0.038163, 0.955756, 0.006081, Iris-virginica
6.30, 2.90, 5.60, 1.80, 0.141928, 0.845538, 0.012534, Iris-virginica
6.50, 3.00, 5.80, 2.20, 0.037641, 0.957601, 0.004757, Iris-virginica
7.60, 3.00, 6.60, 2.10, 0.152688, 0.811832, 0.035480, Iris-virginica
4.90, 2.50, 4.50, 1.70, 0.759811, 0.167050, 0.073139, Iris-virginica
7.30, 2.90, 6.30, 1.80, 0.115154, 0.862932, 0.021915, Iris-virginica
6.70, 2.50, 5.80, 1.80, 0.117343, 0.868649, 0.014009, Iris-virginica
7.20, 3.60, 6.10, 2.50, 0.114607, 0.860973, 0.024420, Iris-virginica
6.50, 3.20, 5.10, 2.00, 0.209862, 0.773369, 0.016769, Iris-virginica
6.40, 2.70, 5.30, 1.90, 0.223106, 0.761125, 0.015769, Iris-virginica
6.80, 3.00, 5.50, 2.10, 0.010012, 0.988821, 0.001166, Iris-virginica
5.70, 2.50, 5.00, 2.00, 0.659899, 0.305686, 0.034416, Iris-virginica
5.80, 2.80, 5.10, 2.40, 0.460957, 0.500640, 0.038403, Iris-virginica
6.40, 3.20, 5.30, 2.30, 0.136052, 0.849882, 0.014067, Iris-virginica
6.50, 3.00, 5.50, 1.80, 0.079597, 0.913239, 0.007164, Iris-virginica
7.70, 3.80, 6.70, 2.20, 0.185835, 0.763573, 0.050592, Iris-virginica
7.70, 2.60, 6.90, 2.30, 0.193264, 0.757520, 0.049216, Iris-virginica
6.00, 2.20, 5.00, 1.50, 0.710647, 0.257100, 0.032253, Iris-virginica
6.90, 3.20, 5.70, 2.30, 0.025706, 0.970464, 0.003830, Iris-virginica
5.60, 2.80, 4.90, 2.00, 0.706924, 0.259397, 0.033679, Iris-virginica
7.70, 2.80, 6.70, 2.00, 0.174840, 0.783161, 0.041999, Iris-virginica
6.30, 2.70, 4.90, 1.80, 0.595734, 0.381440, 0.022826, Iris-virginica
6.70, 3.30, 5.70, 2.10, 0.021745, 0.975340, 0.002915, Iris-virginica
7.20, 3.20, 6.00, 1.80, 0.075181, 0.911903, 0.012915, Iris-virginica
6.20, 2.80, 4.80, 1.80, 0.707769, 0.271233, 0.020998, Iris-virginica
6.10, 3.00, 4.90, 1.80, 0.646899, 0.329994, 0.023107, Iris-virginica
6.40, 2.80, 5.60, 2.10, 0.082989, 0.908647, 0.008363, Iris-virginica
7.20, 3.00, 5.80, 1.60, 0.094760, 0.890783, 0.014457, Iris-virginica
7.40, 2.80, 6.10, 1.90, 0.107462, 0.872736, 0.019803, Iris-virginica
7.90, 3.80, 6.40, 2.00, 0.189012, 0.760082, 0.050906, Iris-virginica
6.40, 2.80, 5.60, 2.20, 0.084832, 0.906206, 0.008962, Iris-virginica
6.30, 2.80, 5.10, 1.50, 0.540194, 0.436392, 0.023414, Iris-virginica
6.10, 2.60, 5.60, 1.40, 0.392703, 0.576072, 0.031224, Iris-virginica
7.70, 3.00, 6.10, 2.30, 0.131789, 0.839534, 0.028677, Iris-virginica
6.30, 3.40, 5.60, 2.40, 0.128697, 0.854074, 0.017230, Iris-virginica
6.40, 3.10, 5.50, 1.80, 0.110051, 0.880162, 0.009787, Iris-virginica
6.00, 3.00, 4.80, 1.80, 0.749902, 0.228359, 0.021739, Iris-virginica
6.90, 3.10, 5.40, 2.10, 0.028957, 0.967553, 0.003490, Iris-virginica
6.70, 3.10, 5.60, 2.40, 0.037680, 0.957241, 0.005080, Iris-virginica
6.90, 3.10, 5.10, 2.30, 0.129475, 0.855118, 0.015407, Iris-virginica
5.80, 2.70, 5.10, 1.90, 0.615542, 0.355126, 0.029332, Iris-virginica
6.80, 3.20, 5.90, 2.30, 0.033744, 0.961003, 0.005253, Iris-virginica
6.70, 3.30, 5.70, 2.50, 0.063187, 0.927109, 0.009705, Iris-virginica
6.70, 3.00, 5.20, 2.30, 0.106369, 0.882364, 0.011267, Iris-virginica
6.30, 2.50, 5.00, 1.90, 0.507484, 0.466685, 0.025831, Iris-virginica
6.50, 3.00, 5.20, 2.00, 0.156398, 0.831483, 0.012119, Iris-virginica
6.20, 3.40, 5.40, 2.30, 0.189025, 0.789390, 0.021585, Iris-virginica
5.90, 3.00, 5.10, 1.80, 0.581761, 0.391298, 0.026941, Iris-virginica
