% Title: Title
%
% Centers:
% 	5.003562 3.403030 1.485011 0.251545 
% 	5.889310 2.761275 4.364411 1.397526 
% 	6.775237 3.052466 5.647065 2.053669 
%

@RELATION

@ATTRIBUTE Attribute0 	 REAL
@ATTRIBUTE Attribute1 	 REAL
@ATTRIBUTE Attribute2 	 REAL
@ATTRIBUTE Attribute3 	 REAL
@ATTRIBUTE MU 	 FUZZY {Zhluk0, Zhluk1, Zhluk2}
@ATTRIBUTE class 	 {Iris-setosa, Iris-versicolor, Iris-virginica}

@DATA
5.10, 3.50, 1.40, 0.20, 0.996336, 0.002501, 0.001164, Iris-setosa
4.90, 3.00, 1.40, 0.20, 0.976962, 0.015884, 0.007155, Iris-setosa
4.70, 3.20, 1.30, 0.20, 0.980315, 0.013425, 0.006260, Iris-setosa
4.60, 3.10, 1.50, 0.20, 0.968323, 0.021846, 0.009831, Iris-setosa
5.00, 3.60, 1.40, 0.20, 0.993927, 0.004131, 0.001942, Iris-setosa
5.40, 3.90, 1.70, 0.40, 0.933160, 0.045772, 0.021068, Iris-setosa
4.60, 3.40, 1.40, 0.30, 0.979493, 0.014002, 0.006505, Iris-setosa
5.00, 3.40, 1.50, 0.20, 0.999611, 0.000268, 0.000121, Iris-setosa
4.40, 2.90, 1.40, 0.20, 0.931577, 0.046894, 0.021529, Iris-setosa
4.90, 3.10, 1.50, 0.10, 0.983696, 0.011262, 0.005041, Iris-setosa
5.40, 3.70, 1.50, 0.20, 0.967222, 0.022314, 0.010464, Iris-setosa
4.80, 3.40, 1.60, 0.20, 0.992283, 0.005330, 0.002386, Iris-setosa
4.80, 3.00, 1.40, 0.10, 0.971756, 0.019414, 0.008830, Iris-setosa
4.30, 3.00, 1.10, 0.10, 0.923716, 0.051289, 0.024995, Iris-setosa
5.80, 4.00, 1.20, 0.20, 0.888418, 0.073490, 0.038092, Iris-setosa
5.70, 4.40, 1.50, 0.40, 0.839302, 0.105689, 0.055009, Iris-setosa
5.40, 3.90, 1.30, 0.40, 0.945528, 0.036514, 0.017958, Iris-setosa
5.10, 3.50, 1.40, 0.30, 0.996308, 0.002524, 0.001168, Iris-setosa
5.70, 3.80, 1.70, 0.30, 0.903088, 0.066270, 0.030642, Iris-setosa
5.10, 3.80, 1.50, 0.30, 0.978073, 0.014916, 0.007011, Iris-setosa
5.40, 3.40, 1.70, 0.20, 0.968766, 0.021741, 0.009493, Iris-setosa
5.10, 3.70, 1.50, 0.40, 0.983905, 0.011007, 0.005088, Iris-setosa
4.60, 3.60, 1.00, 0.20, 0.958137, 0.027854, 0.014009, Iris-setosa
5.10, 3.30, 1.70, 0.50, 0.979789, 0.014206, 0.006005, Iris-setosa
4.80, 3.40, 1.90, 0.20, 0.967282, 0.022986, 0.009732, Iris-setosa
5.00, 3.00, 1.60, 0.20, 0.974915, 0.017517, 0.007569, Iris-setosa
5.00, 3.40, 1.60, 0.40, 0.994864, 0.003568, 0.001568, Iris-setosa
5.20, 3.50, 1.50, 0.20, 0.993094, 0.004739, 0.002167, Iris-setosa
5.20, 3.40, 1.40, 0.20, 0.993661, 0.004338, 0.002001, Iris-setosa
4.70, 3.20, 1.60, 0.20, 0.980247, 0.013694, 0.006059, Iris-setosa
4.80, 3.10, 1.60, 0.20, 0.979760, 0.014080, 0.006160, Iris-setosa
5.40, 3.40, 1.50, 0.40, 0.974282, 0.017752, 0.007966, Iris-setosa
5.20, 4.10, 1.50, 0.10, 0.936939, 0.042202, 0.020859, Iris-setosa
5.50, 4.20, 1.40, 0.20, 0.902403, 0.064649, 0.032947, Iris-setosa
4.90, 3.10, 1.50, 0.10, 0.983696, 0.011262, 0.005041, Iris-setosa
5.00, 3.20, 1.20, 0.20, 0.985409, 0.009918, 0.004673, Iris-setosa
5.50, 3.50, 1.30, 0.20, 0.963835, 0.024487, 0.011678, Iris-setosa
4.90, 3.10, 1.50, 0.10, 0.983696, 0.011262, 0.005041, Iris-setosa
4.40, 3.00, 1.30, 0.20, 0.940587, 0.040465, 0.018947, Iris-setosa
5.10, 3.40, 1.50, 0.20, 0.998343, 0.001141, 0.000517, Iris-setosa
5.00, 3.50, 1.30, 0.30, 0.994361, 0.003833, 0.001806, Iris-setosa
4.50, 2.30, 1.30, 0.30, 0.852770, 0.100869, 0.046362, Iris-setosa
4.40, 3.20, 1.30, 0.20, 0.953085, 0.031855, 0.015060, Iris-setosa
5.00, 3.50, 1.60, 0.60, 0.978879, 0.014666, 0.006455, Iris-setosa
5.10, 3.80, 1.90, 0.40, 0.944194, 0.038876, 0.016930, Iris-setosa
4.80, 3.00, 1.40, 0.30, 0.973211, 0.018486, 0.008303, Iris-setosa
5.10, 3.80, 1.60, 0.20, 0.975761, 0.016545, 0.007693, Iris-setosa
4.60, 3.20, 1.40, 0.20, 0.974778, 0.017269, 0.007952, Iris-setosa
5.30, 3.70, 1.50, 0.20, 0.976401, 0.016077, 0.007521, Iris-setosa
5.00, 3.30, 1.40, 0.20, 0.997361, 0.001810, 0.000829, Iris-setosa
7.00, 3.20, 4.70, 1.40, 0.044600, 0.454615, 0.500785, Iris-versicolor
6.40, 3.20, 4.50, 1.50, 0.029152, 0.764427, 0.206421, Iris-versicolor
6.90, 3.10, 4.90, 1.50, 0.031294, 0.369179, 0.599528, Iris-versicolor
5.50, 2.30, 4.00, 1.30, 0.049603, 0.869859, 0.080539, Iris-versicolor
6.50, 2.80, 4.60, 1.50, 0.024110, 0.759196, 0.216695, Iris-versicolor
5.70, 2.80, 4.50, 1.30, 0.005756, 0.973777, 0.020468, Iris-versicolor
6.30, 3.30, 4.70, 1.60, 0.029787, 0.673522, 0.296691, Iris-versicolor
4.90, 2.40, 3.30, 1.00, 0.286509, 0.581352, 0.132139, Iris-versicolor
6.60, 2.90, 4.60, 1.30, 0.031245, 0.721419, 0.247336, Iris-versicolor
5.20, 2.70, 3.90, 1.40, 0.075063, 0.830160, 0.094777, Iris-versicolor
5.00, 2.00, 3.50, 1.00, 0.219533, 0.635528, 0.144939, Iris-versicolor
5.90, 3.00, 4.20, 1.50, 0.009201, 0.962072, 0.028727, Iris-versicolor
6.00, 2.20, 4.00, 1.00, 0.055882, 0.842950, 0.101168, Iris-versicolor
6.10, 2.90, 4.70, 1.40, 0.012093, 0.900005, 0.087902, Iris-versicolor
5.60, 2.90, 3.60, 1.30, 0.091983, 0.815768, 0.092249, Iris-versicolor
6.70, 3.10, 4.40, 1.40, 0.041733, 0.690211, 0.268056, Iris-versicolor
5.60, 3.00, 4.50, 1.50, 0.014171, 0.933198, 0.052632, Iris-versicolor
5.80, 2.70, 4.10, 1.00, 0.026025, 0.925515, 0.048460, Iris-versicolor
6.20, 2.20, 4.50, 1.50, 0.027200, 0.835513, 0.137287, Iris-versicolor
5.60, 2.50, 3.90, 1.10, 0.051836, 0.877290, 0.070874, Iris-versicolor
5.90, 3.20, 4.80, 1.80, 0.027610, 0.722091, 0.250299, Iris-versicolor
6.10, 2.80, 4.00, 1.30, 0.019560, 0.934174, 0.046266, Iris-versicolor
6.30, 2.50, 4.90, 1.50, 0.023990, 0.705907, 0.270104, Iris-versicolor
6.10, 2.80, 4.70, 1.20, 0.013927, 0.902977, 0.083095, Iris-versicolor
6.40, 2.90, 4.30, 1.30, 0.022916, 0.876077, 0.101008, Iris-versicolor
6.60, 3.00, 4.40, 1.40, 0.033950, 0.755107, 0.210943, Iris-versicolor
6.80, 2.80, 4.80, 1.40, 0.033638, 0.524124, 0.442238, Iris-versicolor
6.70, 3.00, 5.00, 1.70, 0.021214, 0.306859, 0.671927, Iris-versicolor
6.00, 2.90, 4.50, 1.50, 0.004915, 0.969067, 0.026018, Iris-versicolor
5.70, 2.60, 3.50, 1.00, 0.128924, 0.766389, 0.104687, Iris-versicolor
5.50, 2.40, 3.80, 1.10, 0.078214, 0.831815, 0.089970, Iris-versicolor
5.50, 2.40, 3.70, 1.00, 0.104321, 0.794882, 0.100797, Iris-versicolor
5.80, 2.70, 3.90, 1.20, 0.031145, 0.918448, 0.050406, Iris-versicolor
6.00, 2.70, 5.10, 1.60, 0.023986, 0.656845, 0.319168, Iris-versicolor
5.40, 3.00, 4.50, 1.50, 0.026431, 0.891132, 0.082437, Iris-versicolor
6.00, 3.40, 4.50, 1.60, 0.032129, 0.797440, 0.170431, Iris-versicolor
6.70, 3.10, 4.70, 1.50, 0.033468, 0.555927, 0.410605, Iris-versicolor
6.30, 2.30, 4.40, 1.30, 0.026924, 0.857702, 0.115374, Iris-versicolor
5.60, 3.00, 4.10, 1.30, 0.024187, 0.928753, 0.047061, Iris-versicolor
5.50, 2.50, 4.00, 1.30, 0.038384, 0.899127, 0.062489, Iris-versicolor
5.50, 2.60, 4.40, 1.20, 0.019721, 0.930978, 0.049301, Iris-versicolor
6.10, 3.00, 4.60, 1.40, 0.011595, 0.915962, 0.072443, Iris-versicolor
5.80, 2.60, 4.00, 1.20, 0.022650, 0.935456, 0.041893, Iris-versicolor
5.00, 2.30, 3.30, 1.00, 0.270261, 0.597159, 0.132579, Iris-versicolor
5.60, 2.70, 4.20, 1.30, 0.012763, 0.958695, 0.028542, Iris-versicolor
5.70, 3.00, 4.20, 1.20, 0.016849, 0.945415, 0.037736, Iris-versicolor
5.70, 2.90, 4.20, 1.30, 0.009631, 0.967285, 0.023085, Iris-versicolor
6.20, 2.90, 4.30, 1.30, 0.011408, 0.943963, 0.044629, Iris-versicolor
5.10, 2.50, 3.00, 1.10, 0.356935, 0.518793, 0.124272, Iris-versicolor
5.70, 2.80, 4.10, 1.30, 0.012772, 0.960392, 0.026836, Iris-versicolor
6.30, 3.30, 6.00, 2.50, 0.019359, 0.120776, 0.859864, Iris-virginica
5.80, 2.70, 5.10, 1.90, 0.029323, 0.616011, 0.354666, Iris-virginica
7.10, 3.00, 5.90, 2.10, 0.006065, 0.038087, 0.955848, Iris-virginica
6.30, 2.90, 5.60, 1.80, 0.012550, 0.142234, 0.845216, Iris-virginica
6.50, 3.00, 5.80, 2.20, 0.004758, 0.037672, 0.957571, Iris-virginica
7.60, 3.00, 6.60, 2.10, 0.035451, 0.152629, 0.811920, Iris-virginica
4.90, 2.50, 4.50, 1.70, 0.073169, 0.759802, 0.167030, Iris-virginica
7.30, 2.90, 6.30, 1.80, 0.021893, 0.115099, 0.863008, Iris-virginica
6.70, 2.50, 5.80, 1.80, 0.014012, 0.117448, 0.868541, Iris-virginica
7.20, 3.60, 6.10, 2.50, 0.024395, 0.114545, 0.861060, Iris-virginica
6.50, 3.20, 5.10, 2.00, 0.016788, 0.210316, 0.772896, Iris-virginica
6.40, 2.70, 5.30, 1.90, 0.015787, 0.223592, 0.760621, Iris-virginica
6.80, 3.00, 5.50, 2.10, 0.001171, 0.010061, 0.988768, Iris-virginica
5.70, 2.50, 5.00, 2.00, 0.034406, 0.660245, 0.305349, Iris-virginica
5.80, 2.80, 5.10, 2.40, 0.038406, 0.461323, 0.500271, Iris-virginica
6.40, 3.20, 5.30, 2.30, 0.014081, 0.136308, 0.849610, Iris-virginica
6.50, 3.00, 5.50, 1.80, 0.007181, 0.079861, 0.912958, Iris-virginica
7.70, 3.80, 6.70, 2.20, 0.050560, 0.185791, 0.763649, Iris-virginica
7.70, 2.60, 6.90, 2.30, 0.049188, 0.193225, 0.757587, Iris-virginica
6.00, 2.20, 5.00, 1.50, 0.032241, 0.710951, 0.256808, Iris-virginica
6.90, 3.20, 5.70, 2.30, 0.003820, 0.025658, 0.970522, Iris-virginica
5.60, 2.80, 4.90, 2.00, 0.033667, 0.707247, 0.259086, Iris-virginica
7.70, 2.80, 6.70, 2.00, 0.041970, 0.174795, 0.783235, Iris-virginica
6.30, 2.70, 4.90, 1.80, 0.022815, 0.596395, 0.380790, Iris-virginica
6.70, 3.30, 5.70, 2.10, 0.002912, 0.021741, 0.975347, Iris-virginica
7.20, 3.20, 6.00, 1.80, 0.012898, 0.075122, 0.911980, Iris-virginica
6.20, 2.80, 4.80, 1.80, 0.020977, 0.708374, 0.270649, Iris-virginica
6.10, 3.00, 4.90, 1.80, 0.023091, 0.647533, 0.329376, Iris-virginica
6.40, 2.80, 5.60, 2.10, 0.008376, 0.083180, 0.908444, Iris-virginica
7.20, 3.00, 5.80, 1.60, 0.014448, 0.094759, 0.890793, Iris-virginica
7.40, 2.80, 6.10, 1.90, 0.019782, 0.107409, 0.872809, Iris-virginica
7.90, 3.80, 6.40, 2.00, 0.050876, 0.188974, 0.760150, Iris-virginica
6.40, 2.80, 5.60, 2.20, 0.008973, 0.085000, 0.906027, Iris-virginica
6.30, 2.80, 5.10, 1.50, 0.023409, 0.540848, 0.435744, Iris-virginica
6.10, 2.60, 5.60, 1.40, 0.031229, 0.393078, 0.575693, Iris-virginica
7.70, 3.00, 6.10, 2.30, 0.028651, 0.131729, 0.839620, Iris-virginica
6.30, 3.40, 5.60, 2.40, 0.017234, 0.128816, 0.853950, Iris-virginica
6.40, 3.10, 5.50, 1.80, 0.009805, 0.110351, 0.879844, Iris-virginica
6.00, 3.00, 4.80, 1.80, 0.021715, 0.750416, 0.227869, Iris-virginica
6.90, 3.10, 5.40, 2.10, 0.003495, 0.029017, 0.967488, Iris-virginica
6.70, 3.10, 5.60, 2.40, 0.005078, 0.037694, 0.957228, Iris-virginica
6.90, 3.10, 5.10, 2.30, 0.015417, 0.129654, 0.854929, Iris-virginica
5.80, 2.70, 5.10, 1.90, 0.029323, 0.616011, 0.354666, Iris-virginica
6.80, 3.20, 5.90, 2.30, 0.005240, 0.033682, 0.961078, Iris-virginica
6.70, 3.30, 5.70, 2.50, 0.009697, 0.063178, 0.927125, Iris-virginica
6.70, 3.00, 5.20, 2.30, 0.011280, 0.106584, 0.882136, Iris-virginica
6.30, 2.50, 5.00, 1.90, 0.025829, 0.508057, 0.466114, Iris-virginica
6.50, 3.00, 5.20, 2.00, 0.012140, 0.156836, 0.831025, Iris-virginica
6.20, 3.40, 5.40, 2.30, 0.021596, 0.189265, 0.789138, Iris-virginica
5.90, 3.00, 5.10, 1.80, 0.026933, 0.582323, 0.390744, Iris-virginica
