% Title: Title
%
% Centers:
% 	5.889108 2.761202 4.364121 1.397377 
% 	6.775008 3.052399 5.646776 2.053555 
% 	5.003561 3.403040 1.484994 0.251538 
%

@RELATION

@ATTRIBUTE Attribute0 	 REAL
@ATTRIBUTE Attribute1 	 REAL
@ATTRIBUTE Attribute2 	 REAL
@ATTRIBUTE Attribute3 	 REAL
@ATTRIBUTE MU 	 FUZZY {Zhluk0, Zhluk1, Zhluk2}
@ATTRIBUTE class 	 {Iris-setosa, Iris-versicolor, Iris-virginica}

@DATA
5.10, 3.50, 1.40, 0.20, 0.002501, 0.001163, 0.996336, Iris-setosa
4.90, 3.00, 1.40, 0.20, 0.015890, 0.007157, 0.976954, Iris-setosa
4.70, 3.20, 1.30, 0.20, 0.013429, 0.006261, 0.980310, Iris-setosa
4.60, 3.10, 1.50, 0.20, 0.021854, 0.009834, 0.968312, Iris-setosa
5.00, 3.60, 1.40, 0.20, 0.004131, 0.001942, 0.993927, Iris-setosa
5.40, 3.90, 1.70, 0.40, 0.045785, 0.021072, 0.933142, Iris-setosa
4.60, 3.40, 1.40, 0.30, 0.014006, 0.006506, 0.979488, Iris-setosa
5.00, 3.40, 1.50, 0.20, 0.000268, 0.000121, 0.999611, Iris-setosa
4.40, 2.90, 1.40, 0.20, 0.046909, 0.021534, 0.931557, Iris-setosa
4.90, 3.10, 1.50, 0.10, 0.011267, 0.005043, 0.983690, Iris-setosa
5.40, 3.70, 1.50, 0.20, 0.022320, 0.010466, 0.967215, Iris-setosa
4.80, 3.40, 1.60, 0.20, 0.005333, 0.002387, 0.992280, Iris-setosa
4.80, 3.00, 1.40, 0.10, 0.019421, 0.008832, 0.971747, Iris-setosa
4.30, 3.00, 1.10, 0.10, 0.051303, 0.024999, 0.923698, Iris-setosa
5.80, 4.00, 1.20, 0.20, 0.073504, 0.038098, 0.888398, Iris-setosa
5.70, 4.40, 1.50, 0.40, 0.105709, 0.055017, 0.839274, Iris-setosa
5.40, 3.90, 1.30, 0.40, 0.036522, 0.017961, 0.945517, Iris-setosa
5.10, 3.50, 1.40, 0.30, 0.002525, 0.001168, 0.996307, Iris-setosa
5.70, 3.80, 1.70, 0.30, 0.066288, 0.030649, 0.903063, Iris-setosa
5.10, 3.80, 1.50, 0.30, 0.014919, 0.007012, 0.978068, Iris-setosa
5.40, 3.40, 1.70, 0.20, 0.021750, 0.009495, 0.968755, Iris-setosa
5.10, 3.70, 1.50, 0.40, 0.011010, 0.005089, 0.983901, Iris-setosa
4.60, 3.60, 1.00, 0.20, 0.027860, 0.014010, 0.958130, Iris-setosa
5.10, 3.30, 1.70, 0.50, 0.014213, 0.006007, 0.979779, Iris-setosa
4.80, 3.40, 1.90, 0.20, 0.022997, 0.009735, 0.967268, Iris-setosa
5.00, 3.00, 1.60, 0.20, 0.017525, 0.007571, 0.974904, Iris-setosa
5.00, 3.40, 1.60, 0.40, 0.003571, 0.001569, 0.994861, Iris-setosa
5.20, 3.50, 1.50, 0.20, 0.004740, 0.002167, 0.993092, Iris-setosa
5.20, 3.40, 1.40, 0.20, 0.004339, 0.002001, 0.993660, Iris-setosa
4.70, 3.20, 1.60, 0.20, 0.013699, 0.006061, 0.980239, Iris-setosa
4.80, 3.10, 1.60, 0.20, 0.014086, 0.006162, 0.979752, Iris-setosa
5.40, 3.40, 1.50, 0.40, 0.017758, 0.007968, 0.974274, Iris-setosa
5.20, 4.10, 1.50, 0.10, 0.042211, 0.020862, 0.936927, Iris-setosa
5.50, 4.20, 1.40, 0.20, 0.064663, 0.032952, 0.902385, Iris-setosa
4.90, 3.10, 1.50, 0.10, 0.011267, 0.005043, 0.983690, Iris-setosa
5.00, 3.20, 1.20, 0.20, 0.009920, 0.004673, 0.985406, Iris-setosa
5.50, 3.50, 1.30, 0.20, 0.024493, 0.011680, 0.963827, Iris-setosa
4.90, 3.10, 1.50, 0.10, 0.011267, 0.005043, 0.983690, Iris-setosa
4.40, 3.00, 1.30, 0.20, 0.040478, 0.018951, 0.940571, Iris-setosa
5.10, 3.40, 1.50, 0.20, 0.001141, 0.000517, 0.998342, Iris-setosa
5.00, 3.50, 1.30, 0.30, 0.003833, 0.001806, 0.994361, Iris-setosa
4.50, 2.30, 1.30, 0.30, 0.100900, 0.046371, 0.852729, Iris-setosa
4.40, 3.20, 1.30, 0.20, 0.031865, 0.015063, 0.953073, Iris-setosa
5.00, 3.50, 1.60, 0.60, 0.014672, 0.006457, 0.978871, Iris-setosa
5.10, 3.80, 1.90, 0.40, 0.038890, 0.016934, 0.944176, Iris-setosa
4.80, 3.00, 1.40, 0.30, 0.018493, 0.008305, 0.973202, Iris-setosa
5.10, 3.80, 1.60, 0.20, 0.016550, 0.007695, 0.975756, Iris-setosa
4.60, 3.20, 1.40, 0.20, 0.017275, 0.007954, 0.974771, Iris-setosa
5.30, 3.70, 1.50, 0.20, 0.016081, 0.007523, 0.976396, Iris-setosa
5.00, 3.30, 1.40, 0.20, 0.001810, 0.000829, 0.997361, Iris-setosa
7.00, 3.20, 4.70, 1.40, 0.454290, 0.501109, 0.044601, Iris-versicolor
6.40, 3.20, 4.50, 1.50, 0.764075, 0.206750, 0.029175, Iris-versicolor
6.90, 3.10, 4.90, 1.50, 0.368783, 0.599929, 0.031288, Iris-versicolor
5.50, 2.30, 4.00, 1.30, 0.869990, 0.080473, 0.049537, Iris-versicolor
6.50, 2.80, 4.60, 1.50, 0.758774, 0.217093, 0.024133, Iris-versicolor
5.70, 2.80, 4.50, 1.30, 0.973777, 0.020470, 0.005753, Iris-versicolor
6.30, 3.30, 4.70, 1.60, 0.673055, 0.297140, 0.029804, Iris-versicolor
4.90, 2.40, 3.30, 1.00, 0.581521, 0.132121, 0.286358, Iris-versicolor
6.60, 2.90, 4.60, 1.30, 0.721055, 0.247681, 0.031264, Iris-versicolor
5.20, 2.70, 3.90, 1.40, 0.830304, 0.094718, 0.074978, Iris-versicolor
5.00, 2.00, 3.50, 1.00, 0.635674, 0.144915, 0.219411, Iris-versicolor
5.90, 3.00, 4.20, 1.50, 0.962070, 0.028733, 0.009197, Iris-versicolor
6.00, 2.20, 4.00, 1.00, 0.843033, 0.101133, 0.055834, Iris-versicolor
6.10, 2.90, 4.70, 1.40, 0.899693, 0.088186, 0.012122, Iris-versicolor
5.60, 2.90, 3.60, 1.30, 0.815929, 0.092191, 0.091880, Iris-versicolor
6.70, 3.10, 4.40, 1.40, 0.689908, 0.268343, 0.041749, Iris-versicolor
5.60, 3.00, 4.50, 1.50, 0.933150, 0.052677, 0.014173, Iris-versicolor
5.80, 2.70, 4.10, 1.00, 0.925635, 0.048391, 0.025974, Iris-versicolor
6.20, 2.20, 4.50, 1.50, 0.835362, 0.137428, 0.027210, Iris-versicolor
5.60, 2.50, 3.90, 1.10, 0.877453, 0.070796, 0.051752, Iris-versicolor
5.90, 3.20, 4.80, 1.80, 0.721673, 0.250697, 0.027629, Iris-versicolor
6.10, 2.80, 4.00, 1.30, 0.934225, 0.046238, 0.019537, Iris-versicolor
6.30, 2.50, 4.90, 1.50, 0.705442, 0.270551, 0.024007, Iris-versicolor
6.10, 2.80, 4.70, 1.20, 0.902760, 0.083291, 0.013949, Iris-versicolor
6.40, 2.90, 4.30, 1.30, 0.875921, 0.101148, 0.022931, Iris-versicolor
6.60, 3.00, 4.40, 1.40, 0.754813, 0.211218, 0.033969, Iris-versicolor
6.80, 2.80, 4.80, 1.40, 0.523687, 0.442670, 0.033643, Iris-versicolor
6.70, 3.00, 5.00, 1.70, 0.306349, 0.672449, 0.021202, Iris-versicolor
6.00, 2.90, 4.50, 1.50, 0.968910, 0.026154, 0.004936, Iris-versicolor
5.70, 2.60, 3.50, 1.00, 0.766567, 0.104634, 0.128799, Iris-versicolor
5.50, 2.40, 3.80, 1.10, 0.831984, 0.089900, 0.078115, Iris-versicolor
5.50, 2.40, 3.70, 1.00, 0.795058, 0.100735, 0.104208, Iris-versicolor
5.80, 2.70, 3.90, 1.20, 0.918591, 0.050329, 0.031080, Iris-versicolor
6.00, 2.70, 5.10, 1.60, 0.656322, 0.319678, 0.024000, Iris-versicolor
5.40, 3.00, 4.50, 1.50, 0.891114, 0.082463, 0.026423, Iris-versicolor
6.00, 3.40, 4.50, 1.60, 0.797194, 0.170658, 0.032148, Iris-versicolor
6.70, 3.10, 4.70, 1.50, 0.555462, 0.411063, 0.033475, Iris-versicolor
6.30, 2.30, 4.40, 1.30, 0.857595, 0.115475, 0.026930, Iris-versicolor
5.60, 3.00, 4.10, 1.30, 0.928855, 0.047002, 0.024143, Iris-versicolor
5.50, 2.50, 4.00, 1.30, 0.899273, 0.062411, 0.038316, Iris-versicolor
5.50, 2.60, 4.40, 1.20, 0.931055, 0.049255, 0.019691, Iris-versicolor
6.10, 3.00, 4.60, 1.40, 0.915707, 0.072671, 0.011622, Iris-versicolor
5.80, 2.60, 4.00, 1.20, 0.935589, 0.041816, 0.022596, Iris-versicolor
5.00, 2.30, 3.30, 1.00, 0.597329, 0.132559, 0.270112, Iris-versicolor
5.60, 2.70, 4.20, 1.30, 0.958807, 0.028470, 0.012723, Iris-versicolor
5.70, 3.00, 4.20, 1.20, 0.945495, 0.037687, 0.016817, Iris-versicolor
5.70, 2.90, 4.20, 1.30, 0.967370, 0.023028, 0.009601, Iris-versicolor
6.20, 2.90, 4.30, 1.30, 0.943882, 0.044700, 0.011418, Iris-versicolor
5.10, 2.50, 3.00, 1.10, 0.518962, 0.124264, 0.356774, Iris-versicolor
5.70, 2.80, 4.10, 1.30, 0.960508, 0.026762, 0.012730, Iris-versicolor
6.30, 3.30, 6.00, 2.50, 0.120750, 0.859884, 0.019366, Iris-virginica
5.80, 2.70, 5.10, 1.90, 0.615566, 0.355102, 0.029332, Iris-virginica
7.10, 3.00, 5.90, 2.10, 0.038159, 0.955761, 0.006080, Iris-virginica
6.30, 2.90, 5.60, 1.80, 0.141944, 0.845521, 0.012535, Iris-virginica
6.50, 3.00, 5.80, 2.20, 0.037643, 0.957600, 0.004757, Iris-virginica
7.60, 3.00, 6.60, 2.10, 0.152684, 0.811837, 0.035478, Iris-virginica
4.90, 2.50, 4.50, 1.70, 0.759811, 0.167049, 0.073141, Iris-virginica
7.30, 2.90, 6.30, 1.80, 0.115151, 0.862936, 0.021913, Iris-virginica
6.70, 2.50, 5.80, 1.80, 0.117348, 0.868643, 0.014009, Iris-virginica
7.20, 3.60, 6.10, 2.50, 0.114603, 0.860978, 0.024419, Iris-virginica
6.50, 3.20, 5.10, 2.00, 0.209886, 0.773344, 0.016770, Iris-virginica
6.40, 2.70, 5.30, 1.90, 0.223131, 0.761098, 0.015770, Iris-virginica
6.80, 3.00, 5.50, 2.10, 0.010015, 0.988818, 0.001167, Iris-virginica
5.70, 2.50, 5.00, 2.00, 0.659917, 0.305668, 0.034415, Iris-virginica
5.80, 2.80, 5.10, 2.40, 0.460976, 0.500621, 0.038403, Iris-virginica
6.40, 3.20, 5.30, 2.30, 0.136065, 0.849867, 0.014067, Iris-virginica
6.50, 3.00, 5.50, 1.80, 0.079611, 0.913224, 0.007165, Iris-virginica
7.70, 3.80, 6.70, 2.20, 0.185832, 0.763578, 0.050590, Iris-virginica
7.70, 2.60, 6.90, 2.30, 0.193261, 0.757524, 0.049215, Iris-virginica
6.00, 2.20, 5.00, 1.50, 0.710663, 0.257085, 0.032252, Iris-virginica
6.90, 3.20, 5.70, 2.30, 0.025704, 0.970467, 0.003830, Iris-virginica
5.60, 2.80, 4.90, 2.00, 0.706941, 0.259381, 0.033679, Iris-virginica
7.70, 2.80, 6.70, 2.00, 0.174838, 0.783165, 0.041997, Iris-virginica
6.30, 2.70, 4.90, 1.80, 0.595769, 0.381406, 0.022825, Iris-virginica
6.70, 3.30, 5.70, 2.10, 0.021745, 0.975340, 0.002915, Iris-virginica
7.20, 3.20, 6.00, 1.80, 0.075178, 0.911908, 0.012914, Iris-virginica
6.20, 2.80, 4.80, 1.80, 0.707800, 0.271203, 0.020997, Iris-virginica
6.10, 3.00, 4.90, 1.80, 0.646932, 0.329962, 0.023106, Iris-virginica
6.40, 2.80, 5.60, 2.10, 0.083000, 0.908636, 0.008364, Iris-virginica
7.20, 3.00, 5.80, 1.60, 0.094760, 0.890784, 0.014456, Iris-virginica
7.40, 2.80, 6.10, 1.90, 0.107458, 0.872740, 0.019801, Iris-virginica
7.90, 3.80, 6.40, 2.00, 0.189009, 0.760086, 0.050904, Iris-virginica
6.40, 2.80, 5.60, 2.20, 0.084841, 0.906196, 0.008963, Iris-virginica
6.30, 2.80, 5.10, 1.50, 0.540228, 0.436358, 0.023414, Iris-virginica
6.10, 2.60, 5.60, 1.40, 0.392723, 0.576052, 0.031225, Iris-virginica
7.70, 3.00, 6.10, 2.30, 0.131786, 0.839539, 0.028676, Iris-virginica
6.30, 3.40, 5.60, 2.40, 0.128703, 0.854067, 0.017230, Iris-virginica
6.40, 3.10, 5.50, 1.80, 0.110066, 0.880145, 0.009788, Iris-virginica
6.00, 3.00, 4.80, 1.80, 0.749928, 0.228334, 0.021738, Iris-virginica
6.90, 3.10, 5.40, 2.10, 0.028960, 0.967549, 0.003490, Iris-virginica
6.70, 3.10, 5.60, 2.40, 0.037680, 0.957240, 0.005080, Iris-virginica
6.90, 3.10, 5.10, 2.30, 0.129484, 0.855108, 0.015408, Iris-virginica
5.80, 2.70, 5.10, 1.90, 0.615566, 0.355102, 0.029332, Iris-virginica
6.80, 3.20, 5.90, 2.30, 0.033740, 0.961007, 0.005252, Iris-virginica
6.70, 3.30, 5.70, 2.50, 0.063186, 0.927109, 0.009704, Iris-virginica
6.70, 3.00, 5.20, 2.30, 0.106380, 0.882352, 0.011268, Iris-virginica
6.30, 2.50, 5.00, 1.90, 0.507514, 0.466655, 0.025831, Iris-virginica
6.50, 3.00, 5.20, 2.00, 0.156421, 0.831459, 0.012120, Iris-virginica
6.20, 3.40, 5.40, 2.30, 0.189038, 0.789377, 0.021585, Iris-virginica
5.90, 3.00, 5.10, 1.80, 0.581790, 0.391269, 0.026941, Iris-virginica
