% Title: Title
%
% Centers:
% 	5.889089 2.761195 4.364094 1.397363 
% 	5.003561 3.403041 1.484993 0.251537 
% 	6.774985 3.052392 5.646748 2.053544 
%

@RELATION

@ATTRIBUTE Attribute0 	 REAL
@ATTRIBUTE Attribute1 	 REAL
@ATTRIBUTE Attribute2 	 REAL
@ATTRIBUTE Attribute3 	 REAL
@ATTRIBUTE MU 	 FUZZY {Zhluk0, Zhluk1, Zhluk2}
@ATTRIBUTE class 	 {Iris-setosa, Iris-versicolor, Iris-virginica}

@DATA
5.10, 3.50, 1.40, 0.20, 0.002501, 0.996336, 0.001163, Iris-setosa
4.90, 3.00, 1.40, 0.20, 0.015890, 0.976953, 0.007157, Iris-setosa
4.70, 3.20, 1.30, 0.20, 0.013429, 0.980309, 0.006261, Iris-setosa
4.60, 3.10, 1.50, 0.20, 0.021855, 0.968311, 0.009834, Iris-setosa
5.00, 3.60, 1.40, 0.20, 0.004131, 0.993927, 0.001942, Iris-setosa
5.40, 3.90, 1.70, 0.40, 0.045787, 0.933141, 0.021073, Iris-setosa
4.60, 3.40, 1.40, 0.30, 0.014006, 0.979487, 0.006506, Iris-setosa
5.00, 3.40, 1.50, 0.20, 0.000268, 0.999611, 0.000121, Iris-setosa
4.40, 2.90, 1.40, 0.20, 0.046911, 0.931555, 0.021534, Iris-setosa
4.90, 3.10, 1.50, 0.10, 0.011267, 0.983690, 0.005043, Iris-setosa
5.40, 3.70, 1.50, 0.20, 0.022320, 0.967214, 0.010466, Iris-setosa
4.80, 3.40, 1.60, 0.20, 0.005333, 0.992280, 0.002387, Iris-setosa
4.80, 3.00, 1.40, 0.10, 0.019422, 0.971746, 0.008832, Iris-setosa
4.30, 3.00, 1.10, 0.10, 0.051304, 0.923696, 0.025000, Iris-setosa
5.80, 4.00, 1.20, 0.20, 0.073505, 0.888396, 0.038098, Iris-setosa
5.70, 4.40, 1.50, 0.40, 0.105711, 0.839272, 0.055018, Iris-setosa
5.40, 3.90, 1.30, 0.40, 0.036523, 0.945516, 0.017961, Iris-setosa
5.10, 3.50, 1.40, 0.30, 0.002525, 0.996307, 0.001168, Iris-setosa
5.70, 3.80, 1.70, 0.30, 0.066290, 0.903061, 0.030649, Iris-setosa
5.10, 3.80, 1.50, 0.30, 0.014920, 0.978068, 0.007013, Iris-setosa
5.40, 3.40, 1.70, 0.20, 0.021751, 0.968754, 0.009495, Iris-setosa
5.10, 3.70, 1.50, 0.40, 0.011010, 0.983901, 0.005089, Iris-setosa
4.60, 3.60, 1.00, 0.20, 0.027860, 0.958129, 0.014011, Iris-setosa
5.10, 3.30, 1.70, 0.50, 0.014214, 0.979778, 0.006008, Iris-setosa
4.80, 3.40, 1.90, 0.20, 0.022998, 0.967267, 0.009736, Iris-setosa
5.00, 3.00, 1.60, 0.20, 0.017525, 0.974903, 0.007571, Iris-setosa
5.00, 3.40, 1.60, 0.40, 0.003571, 0.994861, 0.001569, Iris-setosa
5.20, 3.50, 1.50, 0.20, 0.004741, 0.993092, 0.002167, Iris-setosa
5.20, 3.40, 1.40, 0.20, 0.004339, 0.993660, 0.002001, Iris-setosa
4.70, 3.20, 1.60, 0.20, 0.013700, 0.980239, 0.006061, Iris-setosa
4.80, 3.10, 1.60, 0.20, 0.014087, 0.979751, 0.006163, Iris-setosa
5.40, 3.40, 1.50, 0.40, 0.017759, 0.974273, 0.007968, Iris-setosa
5.20, 4.10, 1.50, 0.10, 0.042212, 0.936926, 0.020863, Iris-setosa
5.50, 4.20, 1.40, 0.20, 0.064664, 0.902383, 0.032953, Iris-setosa
4.90, 3.10, 1.50, 0.10, 0.011267, 0.983690, 0.005043, Iris-setosa
5.00, 3.20, 1.20, 0.20, 0.009921, 0.985406, 0.004673, Iris-setosa
5.50, 3.50, 1.30, 0.20, 0.024494, 0.963826, 0.011681, Iris-setosa
4.90, 3.10, 1.50, 0.10, 0.011267, 0.983690, 0.005043, Iris-setosa
4.40, 3.00, 1.30, 0.20, 0.040479, 0.940569, 0.018952, Iris-setosa
5.10, 3.40, 1.50, 0.20, 0.001141, 0.998342, 0.000517, Iris-setosa
5.00, 3.50, 1.30, 0.30, 0.003833, 0.994361, 0.001806, Iris-setosa
4.50, 2.30, 1.30, 0.30, 0.100903, 0.852726, 0.046371, Iris-setosa
4.40, 3.20, 1.30, 0.20, 0.031866, 0.953071, 0.015063, Iris-setosa
5.00, 3.50, 1.60, 0.60, 0.014672, 0.978870, 0.006458, Iris-setosa
5.10, 3.80, 1.90, 0.40, 0.038892, 0.944174, 0.016935, Iris-setosa
4.80, 3.00, 1.40, 0.30, 0.018494, 0.973201, 0.008305, Iris-setosa
5.10, 3.80, 1.60, 0.20, 0.016550, 0.975755, 0.007695, Iris-setosa
4.60, 3.20, 1.40, 0.20, 0.017276, 0.974770, 0.007954, Iris-setosa
5.30, 3.70, 1.50, 0.20, 0.016082, 0.976396, 0.007523, Iris-setosa
5.00, 3.30, 1.40, 0.20, 0.001810, 0.997361, 0.000829, Iris-setosa
7.00, 3.20, 4.70, 1.40, 0.454260, 0.044600, 0.501139, Iris-versicolor
6.40, 3.20, 4.50, 1.50, 0.764043, 0.029177, 0.206780, Iris-versicolor
6.90, 3.10, 4.90, 1.50, 0.368746, 0.031287, 0.599967, Iris-versicolor
5.50, 2.30, 4.00, 1.30, 0.870002, 0.049531, 0.080468, Iris-versicolor
6.50, 2.80, 4.60, 1.50, 0.758735, 0.024135, 0.217130, Iris-versicolor
5.70, 2.80, 4.50, 1.30, 0.973777, 0.005752, 0.020471, Iris-versicolor
6.30, 3.30, 4.70, 1.60, 0.673012, 0.029806, 0.297182, Iris-versicolor
4.90, 2.40, 3.30, 1.00, 0.581536, 0.286344, 0.132120, Iris-versicolor
6.60, 2.90, 4.60, 1.30, 0.721021, 0.031265, 0.247713, Iris-versicolor
5.20, 2.70, 3.90, 1.40, 0.830316, 0.074971, 0.094713, Iris-versicolor
5.00, 2.00, 3.50, 1.00, 0.635687, 0.219400, 0.144913, Iris-versicolor
5.90, 3.00, 4.20, 1.50, 0.962069, 0.009197, 0.028734, Iris-versicolor
6.00, 2.20, 4.00, 1.00, 0.843040, 0.055830, 0.101130, Iris-versicolor
6.10, 2.90, 4.70, 1.40, 0.899664, 0.012124, 0.088212, Iris-versicolor
5.60, 2.90, 3.60, 1.30, 0.815944, 0.091871, 0.092186, Iris-versicolor
6.70, 3.10, 4.40, 1.40, 0.689880, 0.041750, 0.268370, Iris-versicolor
5.60, 3.00, 4.50, 1.50, 0.933145, 0.014173, 0.052682, Iris-versicolor
5.80, 2.70, 4.10, 1.00, 0.925646, 0.025969, 0.048385, Iris-versicolor
6.20, 2.20, 4.50, 1.50, 0.835348, 0.027211, 0.137441, Iris-versicolor
5.60, 2.50, 3.90, 1.10, 0.877467, 0.051744, 0.070789, Iris-versicolor
5.90, 3.20, 4.80, 1.80, 0.721634, 0.027631, 0.250735, Iris-versicolor
6.10, 2.80, 4.00, 1.30, 0.934230, 0.019534, 0.046235, Iris-versicolor
6.30, 2.50, 4.90, 1.50, 0.705398, 0.024009, 0.270593, Iris-versicolor
6.10, 2.80, 4.70, 1.20, 0.902739, 0.013951, 0.083309, Iris-versicolor
6.40, 2.90, 4.30, 1.30, 0.875907, 0.022933, 0.101160, Iris-versicolor
6.60, 3.00, 4.40, 1.40, 0.754785, 0.033971, 0.211244, Iris-versicolor
6.80, 2.80, 4.80, 1.40, 0.523647, 0.033643, 0.442710, Iris-versicolor
6.70, 3.00, 5.00, 1.70, 0.306301, 0.021200, 0.672499, Iris-versicolor
6.00, 2.90, 4.50, 1.50, 0.968896, 0.004938, 0.026166, Iris-versicolor
5.70, 2.60, 3.50, 1.00, 0.766583, 0.128787, 0.104629, Iris-versicolor
5.50, 2.40, 3.80, 1.10, 0.831999, 0.078107, 0.089894, Iris-versicolor
5.50, 2.40, 3.70, 1.00, 0.795073, 0.104197, 0.100730, Iris-versicolor
5.80, 2.70, 3.90, 1.20, 0.918603, 0.031074, 0.050322, Iris-versicolor
6.00, 2.70, 5.10, 1.60, 0.656273, 0.024001, 0.319726, Iris-versicolor
5.40, 3.00, 4.50, 1.50, 0.891112, 0.026422, 0.082466, Iris-versicolor
6.00, 3.40, 4.50, 1.60, 0.797171, 0.032150, 0.170679, Iris-versicolor
6.70, 3.10, 4.70, 1.50, 0.555418, 0.033476, 0.411106, Iris-versicolor
6.30, 2.30, 4.40, 1.30, 0.857585, 0.026930, 0.115485, Iris-versicolor
5.60, 3.00, 4.10, 1.30, 0.928864, 0.024139, 0.046997, Iris-versicolor
5.50, 2.50, 4.00, 1.30, 0.899286, 0.038310, 0.062405, Iris-versicolor
5.50, 2.60, 4.40, 1.20, 0.931061, 0.019688, 0.049251, Iris-versicolor
6.10, 3.00, 4.60, 1.40, 0.915684, 0.011624, 0.072692, Iris-versicolor
5.80, 2.60, 4.00, 1.20, 0.935601, 0.022591, 0.041809, Iris-versicolor
5.00, 2.30, 3.30, 1.00, 0.597344, 0.270099, 0.132557, Iris-versicolor
5.60, 2.70, 4.20, 1.30, 0.958817, 0.012720, 0.028464, Iris-versicolor
5.70, 3.00, 4.20, 1.20, 0.945502, 0.016815, 0.037683, Iris-versicolor
5.70, 2.90, 4.20, 1.30, 0.967378, 0.009599, 0.023023, Iris-versicolor
6.20, 2.90, 4.30, 1.30, 0.943875, 0.011419, 0.044707, Iris-versicolor
5.10, 2.50, 3.00, 1.10, 0.518977, 0.356759, 0.124264, Iris-versicolor
5.70, 2.80, 4.10, 1.30, 0.960519, 0.012726, 0.026756, Iris-versicolor
6.30, 3.30, 6.00, 2.50, 0.120748, 0.019366, 0.859886, Iris-virginica
5.80, 2.70, 5.10, 1.90, 0.615524, 0.029333, 0.355143, Iris-virginica
7.10, 3.00, 5.90, 2.10, 0.038166, 0.006081, 0.955752, Iris-virginica
6.30, 2.90, 5.60, 1.80, 0.141916, 0.012533, 0.845551, Iris-virginica
6.50, 3.00, 5.80, 2.20, 0.037640, 0.004757, 0.957603, Iris-virginica
7.60, 3.00, 6.60, 2.10, 0.152690, 0.035481, 0.811829, Iris-virginica
4.90, 2.50, 4.50, 1.70, 0.759811, 0.073138, 0.167051, Iris-virginica
7.30, 2.90, 6.30, 1.80, 0.115156, 0.021915, 0.862928, Iris-virginica
6.70, 2.50, 5.80, 1.80, 0.117339, 0.014009, 0.868653, Iris-virginica
7.20, 3.60, 6.10, 2.50, 0.114609, 0.024421, 0.860969, Iris-virginica
6.50, 3.20, 5.10, 2.00, 0.209845, 0.016768, 0.773387, Iris-virginica
6.40, 2.70, 5.30, 1.90, 0.223087, 0.015769, 0.761144, Iris-virginica
6.80, 3.00, 5.50, 2.10, 0.010010, 0.001166, 0.988823, Iris-virginica
5.70, 2.50, 5.00, 2.00, 0.659885, 0.034416, 0.305698, Iris-virginica
5.80, 2.80, 5.10, 2.40, 0.460943, 0.038403, 0.500654, Iris-virginica
6.40, 3.20, 5.30, 2.30, 0.136042, 0.014066, 0.849892, Iris-virginica
6.50, 3.00, 5.50, 1.80, 0.079587, 0.007163, 0.913250, Iris-virginica
7.70, 3.80, 6.70, 2.20, 0.185837, 0.050593, 0.763570, Iris-virginica
7.70, 2.60, 6.90, 2.30, 0.193265, 0.049217, 0.757517, Iris-virginica
6.00, 2.20, 5.00, 1.50, 0.710636, 0.032253, 0.257111, Iris-virginica
6.90, 3.20, 5.70, 2.30, 0.025708, 0.003830, 0.970461, Iris-virginica
5.60, 2.80, 4.90, 2.00, 0.706911, 0.033680, 0.259409, Iris-virginica
7.70, 2.80, 6.70, 2.00, 0.174842, 0.042000, 0.783158, Iris-virginica
6.30, 2.70, 4.90, 1.80, 0.595709, 0.022826, 0.381465, Iris-virginica
6.70, 3.30, 5.70, 2.10, 0.021745, 0.002915, 0.975340, Iris-virginica
7.20, 3.20, 6.00, 1.80, 0.075184, 0.012916, 0.911900, Iris-virginica
6.20, 2.80, 4.80, 1.80, 0.707746, 0.020999, 0.271255, Iris-virginica
6.10, 3.00, 4.90, 1.80, 0.646875, 0.023107, 0.330017, Iris-virginica
6.40, 2.80, 5.60, 2.10, 0.082982, 0.008363, 0.908655, Iris-virginica
7.20, 3.00, 5.80, 1.60, 0.094760, 0.014457, 0.890783, Iris-virginica
7.40, 2.80, 6.10, 1.90, 0.107464, 0.019803, 0.872733, Iris-virginica
7.90, 3.80, 6.40, 2.00, 0.189013, 0.050907, 0.760079, Iris-virginica
6.40, 2.80, 5.60, 2.20, 0.084825, 0.008962, 0.906213, Iris-virginica
6.30, 2.80, 5.10, 1.50, 0.540170, 0.023414, 0.436416, Iris-virginica
6.10, 2.60, 5.60, 1.40, 0.392689, 0.031224, 0.576087, Iris-virginica
7.70, 3.00, 6.10, 2.30, 0.131792, 0.028678, 0.839530, Iris-virginica
6.30, 3.40, 5.60, 2.40, 0.128692, 0.017229, 0.854079, Iris-virginica
6.40, 3.10, 5.50, 1.80, 0.110039, 0.009787, 0.880174, Iris-virginica
6.00, 3.00, 4.80, 1.80, 0.749883, 0.021740, 0.228378, Iris-virginica
6.90, 3.10, 5.40, 2.10, 0.028955, 0.003490, 0.967555, Iris-virginica
6.70, 3.10, 5.60, 2.40, 0.037679, 0.005080, 0.957241, Iris-virginica
6.90, 3.10, 5.10, 2.30, 0.129468, 0.015407, 0.855125, Iris-virginica
5.80, 2.70, 5.10, 1.90, 0.615524, 0.029333, 0.355143, Iris-virginica
6.80, 3.20, 5.90, 2.30, 0.033746, 0.005253, 0.961000, Iris-virginica
6.70, 3.30, 5.70, 2.50, 0.063187, 0.009705, 0.927108, Iris-virginica
6.70, 3.00, 5.20, 2.30, 0.106361, 0.011266, 0.882373, Iris-virginica
6.30, 2.50, 5.00, 1.90, 0.507463, 0.025831, 0.466707, Iris-virginica
6.50, 3.00, 5.20, 2.00, 0.156381, 0.012118, 0.831501, Iris-virginica
6.20, 3.40, 5.40, 2.30, 0.189016, 0.021584, 0.789400, Iris-virginica
5.90, 3.00, 5.10, 1.80, 0.581740, 0.026941, 0.391319, Iris-virginica
