% Title: Title
%
% Centers:
% 	5.003561 3.403040 1.484994 0.251538 
% 	6.775003 3.052397 5.646770 2.053553 
% 	5.889104 2.761200 4.364115 1.397374 
%

@RELATION

@ATTRIBUTE Attribute0 	 REAL
@ATTRIBUTE Attribute1 	 REAL
@ATTRIBUTE Attribute2 	 REAL
@ATTRIBUTE Attribute3 	 REAL
@ATTRIBUTE MU 	 FUZZY {Zhluk0, Zhluk1, Zhluk2}
@ATTRIBUTE class 	 {Iris-setosa, Iris-versicolor, Iris-virginica}

@DATA
5.10, 3.50, 1.40, 0.20, 0.996336, 0.001163, 0.002501, Iris-setosa
4.90, 3.00, 1.40, 0.20, 0.976954, 0.007157, 0.015890, Iris-setosa
4.70, 3.20, 1.30, 0.20, 0.980310, 0.006261, 0.013429, Iris-setosa
4.60, 3.10, 1.50, 0.20, 0.968312, 0.009834, 0.021854, Iris-setosa
5.00, 3.60, 1.40, 0.20, 0.993927, 0.001942, 0.004131, Iris-setosa
5.40, 3.90, 1.70, 0.40, 0.933142, 0.021072, 0.045786, Iris-setosa
4.60, 3.40, 1.40, 0.30, 0.979488, 0.006506, 0.014006, Iris-setosa
5.00, 3.40, 1.50, 0.20, 0.999611, 0.000121, 0.000268, Iris-setosa
4.40, 2.90, 1.40, 0.20, 0.931557, 0.021534, 0.046909, Iris-setosa
4.90, 3.10, 1.50, 0.10, 0.983690, 0.005043, 0.011267, Iris-setosa
5.40, 3.70, 1.50, 0.20, 0.967214, 0.010466, 0.022320, Iris-setosa
4.80, 3.40, 1.60, 0.20, 0.992280, 0.002387, 0.005333, Iris-setosa
4.80, 3.00, 1.40, 0.10, 0.971747, 0.008832, 0.019421, Iris-setosa
4.30, 3.00, 1.10, 0.10, 0.923698, 0.024999, 0.051303, Iris-setosa
5.80, 4.00, 1.20, 0.20, 0.888398, 0.038098, 0.073504, Iris-setosa
5.70, 4.40, 1.50, 0.40, 0.839274, 0.055017, 0.105709, Iris-setosa
5.40, 3.90, 1.30, 0.40, 0.945517, 0.017961, 0.036522, Iris-setosa
5.10, 3.50, 1.40, 0.30, 0.996307, 0.001168, 0.002525, Iris-setosa
5.70, 3.80, 1.70, 0.30, 0.903063, 0.030649, 0.066288, Iris-setosa
5.10, 3.80, 1.50, 0.30, 0.978068, 0.007012, 0.014919, Iris-setosa
5.40, 3.40, 1.70, 0.20, 0.968755, 0.009495, 0.021750, Iris-setosa
5.10, 3.70, 1.50, 0.40, 0.983901, 0.005089, 0.011010, Iris-setosa
4.60, 3.60, 1.00, 0.20, 0.958130, 0.014011, 0.027860, Iris-setosa
5.10, 3.30, 1.70, 0.50, 0.979779, 0.006008, 0.014214, Iris-setosa
4.80, 3.40, 1.90, 0.20, 0.967268, 0.009735, 0.022997, Iris-setosa
5.00, 3.00, 1.60, 0.20, 0.974904, 0.007571, 0.017525, Iris-setosa
5.00, 3.40, 1.60, 0.40, 0.994861, 0.001569, 0.003571, Iris-setosa
5.20, 3.50, 1.50, 0.20, 0.993092, 0.002167, 0.004740, Iris-setosa
5.20, 3.40, 1.40, 0.20, 0.993660, 0.002001, 0.004339, Iris-setosa
4.70, 3.20, 1.60, 0.20, 0.980239, 0.006061, 0.013699, Iris-setosa
4.80, 3.10, 1.60, 0.20, 0.979751, 0.006162, 0.014086, Iris-setosa
5.40, 3.40, 1.50, 0.40, 0.974274, 0.007968, 0.017758, Iris-setosa
5.20, 4.10, 1.50, 0.10, 0.936926, 0.020862, 0.042211, Iris-setosa
5.50, 4.20, 1.40, 0.20, 0.902385, 0.032952, 0.064663, Iris-setosa
4.90, 3.10, 1.50, 0.10, 0.983690, 0.005043, 0.011267, Iris-setosa
5.00, 3.20, 1.20, 0.20, 0.985406, 0.004673, 0.009920, Iris-setosa
5.50, 3.50, 1.30, 0.20, 0.963826, 0.011680, 0.024493, Iris-setosa
4.90, 3.10, 1.50, 0.10, 0.983690, 0.005043, 0.011267, Iris-setosa
4.40, 3.00, 1.30, 0.20, 0.940571, 0.018951, 0.040478, Iris-setosa
5.10, 3.40, 1.50, 0.20, 0.998342, 0.000517, 0.001141, Iris-setosa
5.00, 3.50, 1.30, 0.30, 0.994361, 0.001806, 0.003833, Iris-setosa
4.50, 2.30, 1.30, 0.30, 0.852729, 0.046371, 0.100901, Iris-setosa
4.40, 3.20, 1.30, 0.20, 0.953072, 0.015063, 0.031865, Iris-setosa
5.00, 3.50, 1.60, 0.60, 0.978871, 0.006457, 0.014672, Iris-setosa
5.10, 3.80, 1.90, 0.40, 0.944175, 0.016934, 0.038891, Iris-setosa
4.80, 3.00, 1.40, 0.30, 0.973201, 0.008305, 0.018493, Iris-setosa
5.10, 3.80, 1.60, 0.20, 0.975756, 0.007695, 0.016550, Iris-setosa
4.60, 3.20, 1.40, 0.20, 0.974771, 0.007954, 0.017275, Iris-setosa
5.30, 3.70, 1.50, 0.20, 0.976396, 0.007523, 0.016081, Iris-setosa
5.00, 3.30, 1.40, 0.20, 0.997361, 0.000829, 0.001810, Iris-setosa
7.00, 3.20, 4.70, 1.40, 0.044600, 0.501116, 0.454284, Iris-versicolor
6.40, 3.20, 4.50, 1.50, 0.029175, 0.206756, 0.764068, Iris-versicolor
6.90, 3.10, 4.90, 1.50, 0.031288, 0.599937, 0.368775, Iris-versicolor
5.50, 2.30, 4.00, 1.30, 0.049535, 0.080472, 0.869993, Iris-versicolor
6.50, 2.80, 4.60, 1.50, 0.024133, 0.217101, 0.758766, Iris-versicolor
5.70, 2.80, 4.50, 1.30, 0.005752, 0.020470, 0.973777, Iris-versicolor
6.30, 3.30, 4.70, 1.60, 0.029805, 0.297149, 0.673046, Iris-versicolor
4.90, 2.40, 3.30, 1.00, 0.286355, 0.132121, 0.581524, Iris-versicolor
6.60, 2.90, 4.60, 1.30, 0.031264, 0.247688, 0.721048, Iris-versicolor
5.20, 2.70, 3.90, 1.40, 0.074976, 0.094717, 0.830307, Iris-versicolor
5.00, 2.00, 3.50, 1.00, 0.219409, 0.144915, 0.635677, Iris-versicolor
5.90, 3.00, 4.20, 1.50, 0.009197, 0.028733, 0.962070, Iris-versicolor
6.00, 2.20, 4.00, 1.00, 0.055834, 0.101132, 0.843035, Iris-versicolor
6.10, 2.90, 4.70, 1.40, 0.012122, 0.088191, 0.899686, Iris-versicolor
5.60, 2.90, 3.60, 1.30, 0.091878, 0.092190, 0.815932, Iris-versicolor
6.70, 3.10, 4.40, 1.40, 0.041749, 0.268349, 0.689902, Iris-versicolor
5.60, 3.00, 4.50, 1.50, 0.014173, 0.052678, 0.933149, Iris-versicolor
5.80, 2.70, 4.10, 1.00, 0.025973, 0.048390, 0.925638, Iris-versicolor
6.20, 2.20, 4.50, 1.50, 0.027210, 0.137431, 0.835359, Iris-versicolor
5.60, 2.50, 3.90, 1.10, 0.051750, 0.070794, 0.877456, Iris-versicolor
5.90, 3.20, 4.80, 1.80, 0.027630, 0.250706, 0.721665, Iris-versicolor
6.10, 2.80, 4.00, 1.30, 0.019536, 0.046237, 0.934226, Iris-versicolor
6.30, 2.50, 4.90, 1.50, 0.024007, 0.270560, 0.705433, Iris-versicolor
6.10, 2.80, 4.70, 1.20, 0.013950, 0.083295, 0.902755, Iris-versicolor
6.40, 2.90, 4.30, 1.30, 0.022932, 0.101150, 0.875918, Iris-versicolor
6.60, 3.00, 4.40, 1.40, 0.033970, 0.211224, 0.754807, Iris-versicolor
6.80, 2.80, 4.80, 1.40, 0.033643, 0.442679, 0.523679, Iris-versicolor
6.70, 3.00, 5.00, 1.70, 0.021201, 0.672460, 0.306339, Iris-versicolor
6.00, 2.90, 4.50, 1.50, 0.004937, 0.026156, 0.968907, Iris-versicolor
5.70, 2.60, 3.50, 1.00, 0.128796, 0.104633, 0.766571, Iris-versicolor
5.50, 2.40, 3.80, 1.10, 0.078114, 0.089899, 0.831987, Iris-versicolor
5.50, 2.40, 3.70, 1.00, 0.104205, 0.100734, 0.795061, Iris-versicolor
5.80, 2.70, 3.90, 1.20, 0.031079, 0.050328, 0.918593, Iris-versicolor
6.00, 2.70, 5.10, 1.60, 0.024000, 0.319688, 0.656312, Iris-versicolor
5.40, 3.00, 4.50, 1.50, 0.026423, 0.082464, 0.891114, Iris-versicolor
6.00, 3.40, 4.50, 1.60, 0.032149, 0.170662, 0.797189, Iris-versicolor
6.70, 3.10, 4.70, 1.50, 0.033475, 0.411072, 0.555452, Iris-versicolor
6.30, 2.30, 4.40, 1.30, 0.026930, 0.115477, 0.857593, Iris-versicolor
5.60, 3.00, 4.10, 1.30, 0.024142, 0.047001, 0.928857, Iris-versicolor
5.50, 2.50, 4.00, 1.30, 0.038314, 0.062410, 0.899276, Iris-versicolor
5.50, 2.60, 4.40, 1.20, 0.019690, 0.049254, 0.931056, Iris-versicolor
6.10, 3.00, 4.60, 1.40, 0.011622, 0.072676, 0.915702, Iris-versicolor
5.80, 2.60, 4.00, 1.20, 0.022595, 0.041814, 0.935591, Iris-versicolor
5.00, 2.30, 3.30, 1.00, 0.270109, 0.132558, 0.597332, Iris-versicolor
5.60, 2.70, 4.20, 1.30, 0.012723, 0.028469, 0.958809, Iris-versicolor
5.70, 3.00, 4.20, 1.20, 0.016817, 0.037686, 0.945497, Iris-versicolor
5.70, 2.90, 4.20, 1.30, 0.009601, 0.023027, 0.967372, Iris-versicolor
6.20, 2.90, 4.30, 1.30, 0.011418, 0.044702, 0.943880, Iris-versicolor
5.10, 2.50, 3.00, 1.10, 0.356771, 0.124264, 0.518965, Iris-versicolor
5.70, 2.80, 4.10, 1.30, 0.012729, 0.026761, 0.960510, Iris-versicolor
6.30, 3.30, 6.00, 2.50, 0.019366, 0.859885, 0.120750, Iris-virginica
5.80, 2.70, 5.10, 1.90, 0.029332, 0.355111, 0.615557, Iris-virginica
7.10, 3.00, 5.90, 2.10, 0.006080, 0.955759, 0.038161, Iris-virginica
6.30, 2.90, 5.60, 1.80, 0.012534, 0.845528, 0.141938, Iris-virginica
6.50, 3.00, 5.80, 2.20, 0.004757, 0.957600, 0.037642, Iris-virginica
7.60, 3.00, 6.60, 2.10, 0.035479, 0.811836, 0.152686, Iris-virginica
4.90, 2.50, 4.50, 1.70, 0.073140, 0.167049, 0.759811, Iris-virginica
7.30, 2.90, 6.30, 1.80, 0.021914, 0.862934, 0.115152, Iris-virginica
6.70, 2.50, 5.80, 1.80, 0.014009, 0.868645, 0.117346, Iris-virginica
7.20, 3.60, 6.10, 2.50, 0.024420, 0.860976, 0.114604, Iris-virginica
6.50, 3.20, 5.10, 2.00, 0.016770, 0.773353, 0.209877, Iris-virginica
6.40, 2.70, 5.30, 1.90, 0.015770, 0.761108, 0.223122, Iris-virginica
6.80, 3.00, 5.50, 2.10, 0.001167, 0.988819, 0.010014, Iris-virginica
5.70, 2.50, 5.00, 2.00, 0.034415, 0.305674, 0.659910, Iris-virginica
5.80, 2.80, 5.10, 2.40, 0.038403, 0.500628, 0.460969, Iris-virginica
6.40, 3.20, 5.30, 2.30, 0.014067, 0.849873, 0.136060, Iris-virginica
6.50, 3.00, 5.50, 1.80, 0.007165, 0.913229, 0.079606, Iris-virginica
7.70, 3.80, 6.70, 2.20, 0.050591, 0.763576, 0.185833, Iris-virginica
7.70, 2.60, 6.90, 2.30, 0.049215, 0.757523, 0.193262, Iris-virginica
6.00, 2.20, 5.00, 1.50, 0.032253, 0.257090, 0.710657, Iris-virginica
6.90, 3.20, 5.70, 2.30, 0.003830, 0.970466, 0.025705, Iris-virginica
5.60, 2.80, 4.90, 2.00, 0.033679, 0.259387, 0.706934, Iris-virginica
7.70, 2.80, 6.70, 2.00, 0.041998, 0.783164, 0.174839, Iris-virginica
6.30, 2.70, 4.90, 1.80, 0.022825, 0.381419, 0.595756, Iris-virginica
6.70, 3.30, 5.70, 2.10, 0.002915, 0.975340, 0.021745, Iris-virginica
7.20, 3.20, 6.00, 1.80, 0.012915, 0.911906, 0.075179, Iris-virginica
6.20, 2.80, 4.80, 1.80, 0.020997, 0.271214, 0.707789, Iris-virginica
6.10, 3.00, 4.90, 1.80, 0.023106, 0.329974, 0.646920, Iris-virginica
6.40, 2.80, 5.60, 2.10, 0.008364, 0.908640, 0.082996, Iris-virginica
7.20, 3.00, 5.80, 1.60, 0.014456, 0.890784, 0.094760, Iris-virginica
7.40, 2.80, 6.10, 1.90, 0.019802, 0.872739, 0.107460, Iris-virginica
7.90, 3.80, 6.40, 2.00, 0.050905, 0.760085, 0.189010, Iris-virginica
6.40, 2.80, 5.60, 2.20, 0.008963, 0.906200, 0.084837, Iris-virginica
6.30, 2.80, 5.10, 1.50, 0.023414, 0.436370, 0.540216, Iris-virginica
6.10, 2.60, 5.60, 1.40, 0.031225, 0.576060, 0.392716, Iris-virginica
7.70, 3.00, 6.10, 2.30, 0.028676, 0.839537, 0.131787, Iris-virginica
6.30, 3.40, 5.60, 2.40, 0.017230, 0.854070, 0.128700, Iris-virginica
6.40, 3.10, 5.50, 1.80, 0.009788, 0.880152, 0.110061, Iris-virginica
6.00, 3.00, 4.80, 1.80, 0.021738, 0.228343, 0.749919, Iris-virginica
6.90, 3.10, 5.40, 2.10, 0.003490, 0.967551, 0.028959, Iris-virginica
6.70, 3.10, 5.60, 2.40, 0.005080, 0.957240, 0.037680, Iris-virginica
6.90, 3.10, 5.10, 2.30, 0.015407, 0.855112, 0.129481, Iris-virginica
5.80, 2.70, 5.10, 1.90, 0.029332, 0.355111, 0.615557, Iris-virginica
6.80, 3.20, 5.90, 2.30, 0.005253, 0.961006, 0.033742, Iris-virginica
6.70, 3.30, 5.70, 2.50, 0.009704, 0.927109, 0.063187, Iris-virginica
6.70, 3.00, 5.20, 2.30, 0.011267, 0.882357, 0.106376, Iris-virginica
6.30, 2.50, 5.00, 1.90, 0.025831, 0.466666, 0.507503, Iris-virginica
6.50, 3.00, 5.20, 2.00, 0.012119, 0.831468, 0.156413, Iris-virginica
6.20, 3.40, 5.40, 2.30, 0.021585, 0.789382, 0.189033, Iris-virginica
5.90, 3.00, 5.10, 1.80, 0.026941, 0.391280, 0.581780, Iris-virginica
