% Title: Title
%
% Centers:
% 	5.003561 3.403033 1.485006 0.251543 
% 	6.775169 3.052446 5.646981 2.053637 
% 	5.889256 2.761255 4.364332 1.397485 
%

@RELATION

@ATTRIBUTE Attribute0 	 REAL
@ATTRIBUTE Attribute1 	 REAL
@ATTRIBUTE Attribute2 	 REAL
@ATTRIBUTE Attribute3 	 REAL
@ATTRIBUTE MU 	 FUZZY {Zhluk0, Zhluk1, Zhluk2}
@ATTRIBUTE class 	 {Iris-setosa, Iris-versicolor, Iris-virginica}

@DATA
5.10, 3.50, 1.40, 0.20, 0.996336, 0.001164, 0.002501, Iris-setosa
4.90, 3.00, 1.40, 0.20, 0.976960, 0.007155, 0.015885, Iris-setosa
4.70, 3.20, 1.30, 0.20, 0.980314, 0.006260, 0.013426, Iris-setosa
4.60, 3.10, 1.50, 0.20, 0.968320, 0.009832, 0.021848, Iris-setosa
5.00, 3.60, 1.40, 0.20, 0.993927, 0.001942, 0.004131, Iris-setosa
5.40, 3.90, 1.70, 0.40, 0.933155, 0.021069, 0.045776, Iris-setosa
4.60, 3.40, 1.40, 0.30, 0.979492, 0.006505, 0.014003, Iris-setosa
5.00, 3.40, 1.50, 0.20, 0.999611, 0.000121, 0.000268, Iris-setosa
4.40, 2.90, 1.40, 0.20, 0.931572, 0.021531, 0.046898, Iris-setosa
4.90, 3.10, 1.50, 0.10, 0.983695, 0.005042, 0.011264, Iris-setosa
5.40, 3.70, 1.50, 0.20, 0.967220, 0.010465, 0.022315, Iris-setosa
4.80, 3.40, 1.60, 0.20, 0.992283, 0.002386, 0.005331, Iris-setosa
4.80, 3.00, 1.40, 0.10, 0.971754, 0.008830, 0.019416, Iris-setosa
4.30, 3.00, 1.10, 0.10, 0.923711, 0.024996, 0.051292, Iris-setosa
5.80, 4.00, 1.20, 0.20, 0.888412, 0.038094, 0.073494, Iris-setosa
5.70, 4.40, 1.50, 0.40, 0.839294, 0.055011, 0.105694, Iris-setosa
5.40, 3.90, 1.30, 0.40, 0.945525, 0.017959, 0.036516, Iris-setosa
5.10, 3.50, 1.40, 0.30, 0.996308, 0.001168, 0.002524, Iris-setosa
5.70, 3.80, 1.70, 0.30, 0.903081, 0.030644, 0.066275, Iris-setosa
5.10, 3.80, 1.50, 0.30, 0.978072, 0.007012, 0.014917, Iris-setosa
5.40, 3.40, 1.70, 0.20, 0.968763, 0.009493, 0.021744, Iris-setosa
5.10, 3.70, 1.50, 0.40, 0.983904, 0.005088, 0.011008, Iris-setosa
4.60, 3.60, 1.00, 0.20, 0.958135, 0.014009, 0.027856, Iris-setosa
5.10, 3.30, 1.70, 0.50, 0.979786, 0.006006, 0.014208, Iris-setosa
4.80, 3.40, 1.90, 0.20, 0.967278, 0.009733, 0.022989, Iris-setosa
5.00, 3.00, 1.60, 0.20, 0.974912, 0.007569, 0.017519, Iris-setosa
5.00, 3.40, 1.60, 0.40, 0.994863, 0.001568, 0.003569, Iris-setosa
5.20, 3.50, 1.50, 0.20, 0.993094, 0.002167, 0.004740, Iris-setosa
5.20, 3.40, 1.40, 0.20, 0.993661, 0.002001, 0.004338, Iris-setosa
4.70, 3.20, 1.60, 0.20, 0.980245, 0.006060, 0.013695, Iris-setosa
4.80, 3.10, 1.60, 0.20, 0.979758, 0.006161, 0.014081, Iris-setosa
5.40, 3.40, 1.50, 0.40, 0.974280, 0.007967, 0.017754, Iris-setosa
5.20, 4.10, 1.50, 0.10, 0.936936, 0.020860, 0.042204, Iris-setosa
5.50, 4.20, 1.40, 0.20, 0.902398, 0.032949, 0.064653, Iris-setosa
4.90, 3.10, 1.50, 0.10, 0.983695, 0.005042, 0.011264, Iris-setosa
5.00, 3.20, 1.20, 0.20, 0.985408, 0.004673, 0.009919, Iris-setosa
5.50, 3.50, 1.30, 0.20, 0.963832, 0.011679, 0.024489, Iris-setosa
4.90, 3.10, 1.50, 0.10, 0.983695, 0.005042, 0.011264, Iris-setosa
4.40, 3.00, 1.30, 0.20, 0.940583, 0.018949, 0.040469, Iris-setosa
5.10, 3.40, 1.50, 0.20, 0.998343, 0.000517, 0.001141, Iris-setosa
5.00, 3.50, 1.30, 0.30, 0.994361, 0.001806, 0.003833, Iris-setosa
4.50, 2.30, 1.30, 0.30, 0.852759, 0.046364, 0.100877, Iris-setosa
4.40, 3.20, 1.30, 0.20, 0.953081, 0.015061, 0.031858, Iris-setosa
5.00, 3.50, 1.60, 0.60, 0.978877, 0.006456, 0.014667, Iris-setosa
5.10, 3.80, 1.90, 0.40, 0.944189, 0.016931, 0.038880, Iris-setosa
4.80, 3.00, 1.40, 0.30, 0.973208, 0.008304, 0.018488, Iris-setosa
5.10, 3.80, 1.60, 0.20, 0.975760, 0.007694, 0.016546, Iris-setosa
4.60, 3.20, 1.40, 0.20, 0.974776, 0.007953, 0.017271, Iris-setosa
5.30, 3.70, 1.50, 0.20, 0.976400, 0.007522, 0.016078, Iris-setosa
5.00, 3.30, 1.40, 0.20, 0.997361, 0.000829, 0.001810, Iris-setosa
7.00, 3.20, 4.70, 1.40, 0.044600, 0.500874, 0.454527, Iris-versicolor
6.40, 3.20, 4.50, 1.50, 0.029158, 0.206511, 0.764332, Iris-versicolor
6.90, 3.10, 4.90, 1.50, 0.031292, 0.599638, 0.369070, Iris-versicolor
5.50, 2.30, 4.00, 1.30, 0.049586, 0.080523, 0.869891, Iris-versicolor
6.50, 2.80, 4.60, 1.50, 0.024115, 0.216803, 0.759081, Iris-versicolor
5.70, 2.80, 4.50, 1.30, 0.005755, 0.020469, 0.973776, Iris-versicolor
6.30, 3.30, 4.70, 1.60, 0.029791, 0.296815, 0.673394, Iris-versicolor
4.90, 2.40, 3.30, 1.00, 0.286469, 0.132136, 0.581395, Iris-versicolor
6.60, 2.90, 4.60, 1.30, 0.031249, 0.247430, 0.721321, Iris-versicolor
5.20, 2.70, 3.90, 1.40, 0.075041, 0.094764, 0.830195, Iris-versicolor
5.00, 2.00, 3.50, 1.00, 0.219501, 0.144935, 0.635564, Iris-versicolor
5.90, 3.00, 4.20, 1.50, 0.009200, 0.028729, 0.962071, Iris-versicolor
6.00, 2.20, 4.00, 1.00, 0.055870, 0.101160, 0.842970, Iris-versicolor
6.10, 2.90, 4.70, 1.40, 0.012101, 0.087978, 0.899921, Iris-versicolor
5.60, 2.90, 3.60, 1.30, 0.091956, 0.092235, 0.815809, Iris-versicolor
6.70, 3.10, 4.40, 1.40, 0.041737, 0.268134, 0.690129, Iris-versicolor
5.60, 3.00, 4.50, 1.50, 0.014171, 0.052646, 0.933183, Iris-versicolor
5.80, 2.70, 4.10, 1.00, 0.026012, 0.048442, 0.925546, Iris-versicolor
6.20, 2.20, 4.50, 1.50, 0.027203, 0.137327, 0.835470, Iris-versicolor
5.60, 2.50, 3.90, 1.10, 0.051814, 0.070855, 0.877331, Iris-versicolor
5.90, 3.20, 4.80, 1.80, 0.027615, 0.250411, 0.721974, Iris-versicolor
6.10, 2.80, 4.00, 1.30, 0.019554, 0.046259, 0.934187, Iris-versicolor
6.30, 2.50, 4.90, 1.50, 0.023994, 0.270228, 0.705778, Iris-versicolor
6.10, 2.80, 4.70, 1.20, 0.013933, 0.083148, 0.902919, Iris-versicolor
6.40, 2.90, 4.30, 1.30, 0.022919, 0.101045, 0.876035, Iris-versicolor
6.60, 3.00, 4.40, 1.40, 0.033954, 0.211018, 0.755028, Iris-versicolor
6.80, 2.80, 4.80, 1.40, 0.033639, 0.442357, 0.524005, Iris-versicolor
6.70, 3.00, 5.00, 1.70, 0.021210, 0.672074, 0.306716, Iris-versicolor
6.00, 2.90, 4.50, 1.50, 0.004920, 0.026054, 0.969026, Iris-versicolor
5.70, 2.60, 3.50, 1.00, 0.128891, 0.104675, 0.766434, Iris-versicolor
5.50, 2.40, 3.80, 1.10, 0.078188, 0.089954, 0.831858, Iris-versicolor
5.50, 2.40, 3.70, 1.00, 0.104291, 0.100783, 0.794926, Iris-versicolor
5.80, 2.70, 3.90, 1.20, 0.031128, 0.050387, 0.918485, Iris-versicolor
6.00, 2.70, 5.10, 1.60, 0.023990, 0.319312, 0.656698, Iris-versicolor
5.40, 3.00, 4.50, 1.50, 0.026429, 0.082447, 0.891124, Iris-versicolor
6.00, 3.40, 4.50, 1.60, 0.032134, 0.170494, 0.797372, Iris-versicolor
6.70, 3.10, 4.70, 1.50, 0.033469, 0.410732, 0.555799, Iris-versicolor
6.30, 2.30, 4.40, 1.30, 0.026925, 0.115403, 0.857672, Iris-versicolor
5.60, 3.00, 4.10, 1.30, 0.024175, 0.047046, 0.928778, Iris-versicolor
5.50, 2.50, 4.00, 1.30, 0.038366, 0.062470, 0.899164, Iris-versicolor
5.50, 2.60, 4.40, 1.20, 0.019713, 0.049291, 0.930996, Iris-versicolor
6.10, 3.00, 4.60, 1.40, 0.011602, 0.072504, 0.915894, Iris-versicolor
5.80, 2.60, 4.00, 1.20, 0.022636, 0.041874, 0.935490, Iris-versicolor
5.00, 2.30, 3.30, 1.00, 0.270222, 0.132576, 0.597202, Iris-versicolor
5.60, 2.70, 4.20, 1.30, 0.012753, 0.028524, 0.958723, Iris-versicolor
5.70, 3.00, 4.20, 1.20, 0.016841, 0.037724, 0.945436, Iris-versicolor
5.70, 2.90, 4.20, 1.30, 0.009623, 0.023070, 0.967306, Iris-versicolor
6.20, 2.90, 4.30, 1.30, 0.011410, 0.044648, 0.943942, Iris-versicolor
5.10, 2.50, 3.00, 1.10, 0.356893, 0.124272, 0.518836, Iris-versicolor
5.70, 2.80, 4.10, 1.30, 0.012761, 0.026817, 0.960422, Iris-versicolor
6.30, 3.30, 6.00, 2.50, 0.019361, 0.859870, 0.120769, Iris-virginica
5.80, 2.70, 5.10, 1.90, 0.029325, 0.354791, 0.615884, Iris-virginica
7.10, 3.00, 5.90, 2.10, 0.006070, 0.955820, 0.038110, Iris-virginica
6.30, 2.90, 5.60, 1.80, 0.012545, 0.845305, 0.142150, Iris-virginica
6.50, 3.00, 5.80, 2.20, 0.004758, 0.957580, 0.037663, Iris-virginica
7.60, 3.00, 6.60, 2.10, 0.035459, 0.811892, 0.152649, Iris-virginica
4.90, 2.50, 4.50, 1.70, 0.073162, 0.167039, 0.759800, Iris-virginica
7.30, 2.90, 6.30, 1.80, 0.021899, 0.862983, 0.115117, Iris-virginica
6.70, 2.50, 5.80, 1.80, 0.014011, 0.868568, 0.117421, Iris-virginica
7.20, 3.60, 6.10, 2.50, 0.024402, 0.861033, 0.114564, Iris-virginica
6.50, 3.20, 5.10, 2.00, 0.016782, 0.773025, 0.210192, Iris-virginica
6.40, 2.70, 5.30, 1.90, 0.015782, 0.760759, 0.223459, Iris-virginica
6.80, 3.00, 5.50, 2.10, 0.001170, 0.988783, 0.010047, Iris-virginica
5.70, 2.50, 5.00, 2.00, 0.034408, 0.305441, 0.660150, Iris-virginica
5.80, 2.80, 5.10, 2.40, 0.038405, 0.500373, 0.461222, Iris-virginica
6.40, 3.20, 5.30, 2.30, 0.014077, 0.849686, 0.136237, Iris-virginica
6.50, 3.00, 5.50, 1.80, 0.007176, 0.913036, 0.079788, Iris-virginica
7.70, 3.80, 6.70, 2.20, 0.050569, 0.763625, 0.185806, Iris-virginica
7.70, 2.60, 6.90, 2.30, 0.049196, 0.757566, 0.193239, Iris-virginica
6.00, 2.20, 5.00, 1.50, 0.032244, 0.256887, 0.710869, Iris-virginica
6.90, 3.20, 5.70, 2.30, 0.003823, 0.970505, 0.025672, Iris-virginica
5.60, 2.80, 4.90, 2.00, 0.033670, 0.259172, 0.707159, Iris-virginica
7.70, 2.80, 6.70, 2.00, 0.041979, 0.783211, 0.174811, Iris-virginica
6.30, 2.70, 4.90, 1.80, 0.022817, 0.380963, 0.596220, Iris-virginica
6.70, 3.30, 5.70, 2.10, 0.002913, 0.975345, 0.021743, Iris-virginica
7.20, 3.20, 6.00, 1.80, 0.012903, 0.911956, 0.075141, Iris-virginica
6.20, 2.80, 4.80, 1.80, 0.020982, 0.270803, 0.708215, Iris-virginica
6.10, 3.00, 4.90, 1.80, 0.023095, 0.329540, 0.647365, Iris-virginica
6.40, 2.80, 5.60, 2.10, 0.008372, 0.908502, 0.083126, Iris-virginica
7.20, 3.00, 5.80, 1.60, 0.014450, 0.890787, 0.094763, Iris-virginica
7.40, 2.80, 6.10, 1.90, 0.019788, 0.872785, 0.107427, Iris-virginica
7.90, 3.80, 6.40, 2.00, 0.050885, 0.760127, 0.188988, Iris-virginica
6.40, 2.80, 5.60, 2.20, 0.008970, 0.906078, 0.084953, Iris-virginica
6.30, 2.80, 5.10, 1.50, 0.023409, 0.435916, 0.540675, Iris-virginica
6.10, 2.60, 5.60, 1.40, 0.031228, 0.575795, 0.392978, Iris-virginica
7.70, 3.00, 6.10, 2.30, 0.028658, 0.839593, 0.131749, Iris-virginica
6.30, 3.40, 5.60, 2.40, 0.017233, 0.853984, 0.128783, Iris-virginica
6.40, 3.10, 5.50, 1.80, 0.009800, 0.879932, 0.110268, Iris-virginica
6.00, 3.00, 4.80, 1.80, 0.021721, 0.227999, 0.750280, Iris-virginica
6.90, 3.10, 5.40, 2.10, 0.003494, 0.967505, 0.029001, Iris-virginica
6.70, 3.10, 5.60, 2.40, 0.005078, 0.957232, 0.037690, Iris-virginica
6.90, 3.10, 5.10, 2.30, 0.015414, 0.854980, 0.129606, Iris-virginica
5.80, 2.70, 5.10, 1.90, 0.029325, 0.354791, 0.615884, Iris-virginica
6.80, 3.20, 5.90, 2.30, 0.005244, 0.961057, 0.033700, Iris-virginica
6.70, 3.30, 5.70, 2.50, 0.009699, 0.927120, 0.063181, Iris-virginica
6.70, 3.00, 5.20, 2.30, 0.011276, 0.882199, 0.106524, Iris-virginica
6.30, 2.50, 5.00, 1.90, 0.025829, 0.466267, 0.507904, Iris-virginica
6.50, 3.00, 5.20, 2.00, 0.012134, 0.831151, 0.156715, Iris-virginica
6.20, 3.40, 5.40, 2.30, 0.021593, 0.789208, 0.189199, Iris-virginica
5.90, 3.00, 5.10, 1.80, 0.026935, 0.390894, 0.582172, Iris-virginica
