% Title: Title
%
% Centers:
% 	5.003561 3.403041 1.484992 0.251537 
% 	6.774979 3.052390 5.646740 2.053541 
% 	5.889084 2.761193 4.364086 1.397360 
%

@RELATION

@ATTRIBUTE Attribute0 	 REAL
@ATTRIBUTE Attribute1 	 REAL
@ATTRIBUTE Attribute2 	 REAL
@ATTRIBUTE Attribute3 	 REAL
@ATTRIBUTE MU 	 FUZZY {Zhluk0, Zhluk1, Zhluk2}
@ATTRIBUTE class 	 {Iris-setosa, Iris-versicolor, Iris-virginica}

@DATA
5.10, 3.50, 1.40, 0.20, 0.996336, 0.001163, 0.002501, Iris-setosa
4.90, 3.00, 1.40, 0.20, 0.976953, 0.007157, 0.015890, Iris-setosa
4.70, 3.20, 1.30, 0.20, 0.980309, 0.006261, 0.013429, Iris-setosa
4.60, 3.10, 1.50, 0.20, 0.968311, 0.009834, 0.021855, Iris-setosa
5.00, 3.60, 1.40, 0.20, 0.993927, 0.001942, 0.004131, Iris-setosa
5.40, 3.90, 1.70, 0.40, 0.933140, 0.021073, 0.045787, Iris-setosa
4.60, 3.40, 1.40, 0.30, 0.979487, 0.006506, 0.014007, Iris-setosa
5.00, 3.40, 1.50, 0.20, 0.999611, 0.000121, 0.000268, Iris-setosa
4.40, 2.90, 1.40, 0.20, 0.931555, 0.021534, 0.046911, Iris-setosa
4.90, 3.10, 1.50, 0.10, 0.983690, 0.005043, 0.011267, Iris-setosa
5.40, 3.70, 1.50, 0.20, 0.967214, 0.010466, 0.022320, Iris-setosa
4.80, 3.40, 1.60, 0.20, 0.992280, 0.002387, 0.005333, Iris-setosa
4.80, 3.00, 1.40, 0.10, 0.971746, 0.008832, 0.019422, Iris-setosa
4.30, 3.00, 1.10, 0.10, 0.923696, 0.025000, 0.051304, Iris-setosa
5.80, 4.00, 1.20, 0.20, 0.888396, 0.038099, 0.073506, Iris-setosa
5.70, 4.40, 1.50, 0.40, 0.839271, 0.055018, 0.105711, Iris-setosa
5.40, 3.90, 1.30, 0.40, 0.945516, 0.017961, 0.036523, Iris-setosa
5.10, 3.50, 1.40, 0.30, 0.996307, 0.001168, 0.002525, Iris-setosa
5.70, 3.80, 1.70, 0.30, 0.903061, 0.030649, 0.066290, Iris-setosa
5.10, 3.80, 1.50, 0.30, 0.978068, 0.007013, 0.014920, Iris-setosa
5.40, 3.40, 1.70, 0.20, 0.968754, 0.009496, 0.021751, Iris-setosa
5.10, 3.70, 1.50, 0.40, 0.983901, 0.005089, 0.011010, Iris-setosa
4.60, 3.60, 1.00, 0.20, 0.958129, 0.014011, 0.027861, Iris-setosa
5.10, 3.30, 1.70, 0.50, 0.979778, 0.006008, 0.014214, Iris-setosa
4.80, 3.40, 1.90, 0.20, 0.967266, 0.009736, 0.022998, Iris-setosa
5.00, 3.00, 1.60, 0.20, 0.974903, 0.007571, 0.017526, Iris-setosa
5.00, 3.40, 1.60, 0.40, 0.994860, 0.001569, 0.003571, Iris-setosa
5.20, 3.50, 1.50, 0.20, 0.993092, 0.002167, 0.004741, Iris-setosa
5.20, 3.40, 1.40, 0.20, 0.993660, 0.002001, 0.004339, Iris-setosa
4.70, 3.20, 1.60, 0.20, 0.980239, 0.006061, 0.013700, Iris-setosa
4.80, 3.10, 1.60, 0.20, 0.979751, 0.006163, 0.014087, Iris-setosa
5.40, 3.40, 1.50, 0.40, 0.974273, 0.007968, 0.017759, Iris-setosa
5.20, 4.10, 1.50, 0.10, 0.936925, 0.020863, 0.042212, Iris-setosa
5.50, 4.20, 1.40, 0.20, 0.902383, 0.032953, 0.064664, Iris-setosa
4.90, 3.10, 1.50, 0.10, 0.983690, 0.005043, 0.011267, Iris-setosa
5.00, 3.20, 1.20, 0.20, 0.985406, 0.004673, 0.009921, Iris-setosa
5.50, 3.50, 1.30, 0.20, 0.963826, 0.011681, 0.024494, Iris-setosa
4.90, 3.10, 1.50, 0.10, 0.983690, 0.005043, 0.011267, Iris-setosa
4.40, 3.00, 1.30, 0.20, 0.940569, 0.018952, 0.040479, Iris-setosa
5.10, 3.40, 1.50, 0.20, 0.998342, 0.000517, 0.001141, Iris-setosa
5.00, 3.50, 1.30, 0.30, 0.994361, 0.001806, 0.003833, Iris-setosa
4.50, 2.30, 1.30, 0.30, 0.852725, 0.046372, 0.100904, Iris-setosa
4.40, 3.20, 1.30, 0.20, 0.953071, 0.015063, 0.031866, Iris-setosa
5.00, 3.50, 1.60, 0.60, 0.978870, 0.006458, 0.014672, Iris-setosa
5.10, 3.80, 1.90, 0.40, 0.944173, 0.016935, 0.038892, Iris-setosa
4.80, 3.00, 1.40, 0.30, 0.973200, 0.008305, 0.018494, Iris-setosa
5.10, 3.80, 1.60, 0.20, 0.975755, 0.007695, 0.016550, Iris-setosa
4.60, 3.20, 1.40, 0.20, 0.974770, 0.007954, 0.017276, Iris-setosa
5.30, 3.70, 1.50, 0.20, 0.976396, 0.007523, 0.016082, Iris-setosa
5.00, 3.30, 1.40, 0.20, 0.997361, 0.000829, 0.001810, Iris-setosa
7.00, 3.20, 4.70, 1.40, 0.044600, 0.501148, 0.454252, Iris-versicolor
6.40, 3.20, 4.50, 1.50, 0.029177, 0.206789, 0.764034, Iris-versicolor
6.90, 3.10, 4.90, 1.50, 0.031287, 0.599977, 0.368736, Iris-versicolor
5.50, 2.30, 4.00, 1.30, 0.049529, 0.080466, 0.870005, Iris-versicolor
6.50, 2.80, 4.60, 1.50, 0.024135, 0.217140, 0.758725, Iris-versicolor
5.70, 2.80, 4.50, 1.30, 0.005752, 0.020471, 0.973777, Iris-versicolor
6.30, 3.30, 4.70, 1.60, 0.029806, 0.297194, 0.673000, Iris-versicolor
4.90, 2.40, 3.30, 1.00, 0.286341, 0.132120, 0.581540, Iris-versicolor
6.60, 2.90, 4.60, 1.30, 0.031266, 0.247722, 0.721012, Iris-versicolor
5.20, 2.70, 3.90, 1.40, 0.074968, 0.094712, 0.830320, Iris-versicolor
5.00, 2.00, 3.50, 1.00, 0.219397, 0.144913, 0.635690, Iris-versicolor
5.90, 3.00, 4.20, 1.50, 0.009197, 0.028734, 0.962069, Iris-versicolor
6.00, 2.20, 4.00, 1.00, 0.055829, 0.101129, 0.843042, Iris-versicolor
6.10, 2.90, 4.70, 1.40, 0.012125, 0.088219, 0.899656, Iris-versicolor
5.60, 2.90, 3.60, 1.30, 0.091868, 0.092184, 0.815947, Iris-versicolor
6.70, 3.10, 4.40, 1.40, 0.041750, 0.268377, 0.689873, Iris-versicolor
5.60, 3.00, 4.50, 1.50, 0.014173, 0.052683, 0.933144, Iris-versicolor
5.80, 2.70, 4.10, 1.00, 0.025968, 0.048383, 0.925649, Iris-versicolor
6.20, 2.20, 4.50, 1.50, 0.027211, 0.137445, 0.835344, Iris-versicolor
5.60, 2.50, 3.90, 1.10, 0.051742, 0.070787, 0.877471, Iris-versicolor
5.90, 3.20, 4.80, 1.80, 0.027632, 0.250745, 0.721623, Iris-versicolor
6.10, 2.80, 4.00, 1.30, 0.019534, 0.046235, 0.934231, Iris-versicolor
6.30, 2.50, 4.90, 1.50, 0.024009, 0.270604, 0.705387, Iris-versicolor
6.10, 2.80, 4.70, 1.20, 0.013952, 0.083314, 0.902734, Iris-versicolor
6.40, 2.90, 4.30, 1.30, 0.022933, 0.101164, 0.875903, Iris-versicolor
6.60, 3.00, 4.40, 1.40, 0.033971, 0.211251, 0.754778, Iris-versicolor
6.80, 2.80, 4.80, 1.40, 0.033643, 0.442721, 0.523636, Iris-versicolor
6.70, 3.00, 5.00, 1.70, 0.021200, 0.672512, 0.306288, Iris-versicolor
6.00, 2.90, 4.50, 1.50, 0.004939, 0.026169, 0.968892, Iris-versicolor
5.70, 2.60, 3.50, 1.00, 0.128784, 0.104628, 0.766588, Iris-versicolor
5.50, 2.40, 3.80, 1.10, 0.078104, 0.089893, 0.832003, Iris-versicolor
5.50, 2.40, 3.70, 1.00, 0.104194, 0.100728, 0.795077, Iris-versicolor
5.80, 2.70, 3.90, 1.20, 0.031073, 0.050320, 0.918607, Iris-versicolor
6.00, 2.70, 5.10, 1.60, 0.024002, 0.319739, 0.656260, Iris-versicolor
5.40, 3.00, 4.50, 1.50, 0.026422, 0.082467, 0.891111, Iris-versicolor
6.00, 3.40, 4.50, 1.60, 0.032150, 0.170685, 0.797165, Iris-versicolor
6.70, 3.10, 4.70, 1.50, 0.033476, 0.411118, 0.555406, Iris-versicolor
6.30, 2.30, 4.40, 1.30, 0.026930, 0.115487, 0.857582, Iris-versicolor
5.60, 3.00, 4.10, 1.30, 0.024138, 0.046996, 0.928866, Iris-versicolor
5.50, 2.50, 4.00, 1.30, 0.038308, 0.062403, 0.899289, Iris-versicolor
5.50, 2.60, 4.40, 1.20, 0.019687, 0.049250, 0.931063, Iris-versicolor
6.10, 3.00, 4.60, 1.40, 0.011625, 0.072698, 0.915677, Iris-versicolor
5.80, 2.60, 4.00, 1.20, 0.022589, 0.041807, 0.935604, Iris-versicolor
5.00, 2.30, 3.30, 1.00, 0.270095, 0.132557, 0.597348, Iris-versicolor
5.60, 2.70, 4.20, 1.30, 0.012719, 0.028462, 0.958819, Iris-versicolor
5.70, 3.00, 4.20, 1.20, 0.016814, 0.037682, 0.945504, Iris-versicolor
5.70, 2.90, 4.20, 1.30, 0.009598, 0.023022, 0.967380, Iris-versicolor
6.20, 2.90, 4.30, 1.30, 0.011419, 0.044708, 0.943873, Iris-versicolor
5.10, 2.50, 3.00, 1.10, 0.356755, 0.124264, 0.518981, Iris-versicolor
5.70, 2.80, 4.10, 1.30, 0.012725, 0.026754, 0.960521, Iris-versicolor
6.30, 3.30, 6.00, 2.50, 0.019366, 0.859887, 0.120747, Iris-virginica
5.80, 2.70, 5.10, 1.90, 0.029333, 0.355155, 0.615513, Iris-virginica
7.10, 3.00, 5.90, 2.10, 0.006082, 0.955750, 0.038168, Iris-virginica
6.30, 2.90, 5.60, 1.80, 0.012533, 0.845559, 0.141908, Iris-virginica
6.50, 3.00, 5.80, 2.20, 0.004757, 0.957603, 0.037639, Iris-virginica
7.60, 3.00, 6.60, 2.10, 0.035482, 0.811826, 0.152692, Iris-virginica
4.90, 2.50, 4.50, 1.70, 0.073137, 0.167052, 0.759811, Iris-virginica
7.30, 2.90, 6.30, 1.80, 0.021916, 0.862926, 0.115158, Iris-virginica
6.70, 2.50, 5.80, 1.80, 0.014009, 0.868655, 0.117336, Iris-virginica
7.20, 3.60, 6.10, 2.50, 0.024422, 0.860967, 0.114611, Iris-virginica
6.50, 3.20, 5.10, 2.00, 0.016768, 0.773399, 0.209834, Iris-virginica
6.40, 2.70, 5.30, 1.90, 0.015768, 0.761157, 0.223075, Iris-virginica
6.80, 3.00, 5.50, 2.10, 0.001166, 0.988825, 0.010009, Iris-virginica
5.70, 2.50, 5.00, 2.00, 0.034416, 0.305707, 0.659877, Iris-virginica
5.80, 2.80, 5.10, 2.40, 0.038403, 0.500664, 0.460933, Iris-virginica
6.40, 3.20, 5.30, 2.30, 0.014066, 0.849899, 0.136035, Iris-virginica
6.50, 3.00, 5.50, 1.80, 0.007163, 0.913257, 0.079580, Iris-virginica
7.70, 3.80, 6.70, 2.20, 0.050594, 0.763568, 0.185838, Iris-virginica
7.70, 2.60, 6.90, 2.30, 0.049218, 0.757516, 0.193267, Iris-virginica
6.00, 2.20, 5.00, 1.50, 0.032254, 0.257118, 0.710628, Iris-virginica
6.90, 3.20, 5.70, 2.30, 0.003831, 0.970460, 0.025709, Iris-virginica
5.60, 2.80, 4.90, 2.00, 0.033680, 0.259417, 0.706903, Iris-virginica
7.70, 2.80, 6.70, 2.00, 0.042000, 0.783156, 0.174844, Iris-virginica
6.30, 2.70, 4.90, 1.80, 0.022826, 0.381480, 0.595693, Iris-virginica
6.70, 3.30, 5.70, 2.10, 0.002915, 0.975340, 0.021746, Iris-virginica
7.20, 3.20, 6.00, 1.80, 0.012917, 0.911898, 0.075185, Iris-virginica
6.20, 2.80, 4.80, 1.80, 0.020999, 0.271269, 0.707732, Iris-virginica
6.10, 3.00, 4.90, 1.80, 0.023108, 0.330032, 0.646860, Iris-virginica
6.40, 2.80, 5.60, 2.10, 0.008363, 0.908660, 0.082977, Iris-virginica
7.20, 3.00, 5.80, 1.60, 0.014457, 0.890782, 0.094761, Iris-virginica
7.40, 2.80, 6.10, 1.90, 0.019804, 0.872731, 0.107465, Iris-virginica
7.90, 3.80, 6.40, 2.00, 0.050908, 0.760078, 0.189014, Iris-virginica
6.40, 2.80, 5.60, 2.20, 0.008962, 0.906218, 0.084821, Iris-virginica
6.30, 2.80, 5.10, 1.50, 0.023414, 0.436432, 0.540154, Iris-virginica
6.10, 2.60, 5.60, 1.40, 0.031224, 0.576096, 0.392680, Iris-virginica
7.70, 3.00, 6.10, 2.30, 0.028679, 0.839528, 0.131793, Iris-virginica
6.30, 3.40, 5.60, 2.40, 0.017229, 0.854082, 0.128689, Iris-virginica
6.40, 3.10, 5.50, 1.80, 0.009786, 0.880182, 0.110032, Iris-virginica
6.00, 3.00, 4.80, 1.80, 0.021740, 0.228389, 0.749870, Iris-virginica
6.90, 3.10, 5.40, 2.10, 0.003490, 0.967557, 0.028953, Iris-virginica
6.70, 3.10, 5.60, 2.40, 0.005080, 0.957241, 0.037679, Iris-virginica
6.90, 3.10, 5.10, 2.30, 0.015407, 0.855129, 0.129464, Iris-virginica
5.80, 2.70, 5.10, 1.90, 0.029333, 0.355155, 0.615513, Iris-virginica
6.80, 3.20, 5.90, 2.30, 0.005254, 0.960998, 0.033748, Iris-virginica
6.70, 3.30, 5.70, 2.50, 0.009705, 0.927107, 0.063188, Iris-virginica
6.70, 3.00, 5.20, 2.30, 0.011266, 0.882379, 0.106355, Iris-virginica
6.30, 2.50, 5.00, 1.90, 0.025831, 0.466721, 0.507449, Iris-virginica
6.50, 3.00, 5.20, 2.00, 0.012117, 0.831512, 0.156370, Iris-virginica
6.20, 3.40, 5.40, 2.30, 0.021584, 0.789406, 0.189010, Iris-virginica
5.90, 3.00, 5.10, 1.80, 0.026942, 0.391332, 0.581726, Iris-virginica
