% Title: Title
%
% Centers:
% 	5.889103 2.761200 4.364114 1.397374 
% 	5.003561 3.403040 1.484994 0.251538 
% 	6.775002 3.052397 5.646769 2.053552 
%

@RELATION

@ATTRIBUTE Attribute0 	 REAL
@ATTRIBUTE Attribute1 	 REAL
@ATTRIBUTE Attribute2 	 REAL
@ATTRIBUTE Attribute3 	 REAL
@ATTRIBUTE MU 	 FUZZY {Zhluk0, Zhluk1, Zhluk2}
@ATTRIBUTE class 	 {Iris-setosa, Iris-versicolor, Iris-virginica}

@DATA
5.10, 3.50, 1.40, 0.20, 0.002501, 0.996336, 0.001163, Iris-setosa
4.90, 3.00, 1.40, 0.20, 0.015890, 0.976954, 0.007157, Iris-setosa
4.70, 3.20, 1.30, 0.20, 0.013429, 0.980310, 0.006261, Iris-setosa
4.60, 3.10, 1.50, 0.20, 0.021854, 0.968312, 0.009834, Iris-setosa
5.00, 3.60, 1.40, 0.20, 0.004131, 0.993927, 0.001942, Iris-setosa
5.40, 3.90, 1.70, 0.40, 0.045786, 0.933142, 0.021072, Iris-setosa
4.60, 3.40, 1.40, 0.30, 0.014006, 0.979488, 0.006506, Iris-setosa
5.00, 3.40, 1.50, 0.20, 0.000268, 0.999611, 0.000121, Iris-setosa
4.40, 2.90, 1.40, 0.20, 0.046909, 0.931557, 0.021534, Iris-setosa
4.90, 3.10, 1.50, 0.10, 0.011267, 0.983690, 0.005043, Iris-setosa
5.40, 3.70, 1.50, 0.20, 0.022320, 0.967214, 0.010466, Iris-setosa
4.80, 3.40, 1.60, 0.20, 0.005333, 0.992280, 0.002387, Iris-setosa
4.80, 3.00, 1.40, 0.10, 0.019421, 0.971747, 0.008832, Iris-setosa
4.30, 3.00, 1.10, 0.10, 0.051303, 0.923698, 0.024999, Iris-setosa
5.80, 4.00, 1.20, 0.20, 0.073504, 0.888398, 0.038098, Iris-setosa
5.70, 4.40, 1.50, 0.40, 0.105709, 0.839274, 0.055017, Iris-setosa
5.40, 3.90, 1.30, 0.40, 0.036522, 0.945517, 0.017961, Iris-setosa
5.10, 3.50, 1.40, 0.30, 0.002525, 0.996307, 0.001168, Iris-setosa
5.70, 3.80, 1.70, 0.30, 0.066288, 0.903063, 0.030649, Iris-setosa
5.10, 3.80, 1.50, 0.30, 0.014919, 0.978068, 0.007012, Iris-setosa
5.40, 3.40, 1.70, 0.20, 0.021750, 0.968755, 0.009495, Iris-setosa
5.10, 3.70, 1.50, 0.40, 0.011010, 0.983901, 0.005089, Iris-setosa
4.60, 3.60, 1.00, 0.20, 0.027860, 0.958129, 0.014011, Iris-setosa
5.10, 3.30, 1.70, 0.50, 0.014214, 0.979779, 0.006008, Iris-setosa
4.80, 3.40, 1.90, 0.20, 0.022997, 0.967268, 0.009735, Iris-setosa
5.00, 3.00, 1.60, 0.20, 0.017525, 0.974904, 0.007571, Iris-setosa
5.00, 3.40, 1.60, 0.40, 0.003571, 0.994861, 0.001569, Iris-setosa
5.20, 3.50, 1.50, 0.20, 0.004740, 0.993092, 0.002167, Iris-setosa
5.20, 3.40, 1.40, 0.20, 0.004339, 0.993660, 0.002001, Iris-setosa
4.70, 3.20, 1.60, 0.20, 0.013700, 0.980239, 0.006061, Iris-setosa
4.80, 3.10, 1.60, 0.20, 0.014086, 0.979751, 0.006162, Iris-setosa
5.40, 3.40, 1.50, 0.40, 0.017758, 0.974274, 0.007968, Iris-setosa
5.20, 4.10, 1.50, 0.10, 0.042211, 0.936926, 0.020862, Iris-setosa
5.50, 4.20, 1.40, 0.20, 0.064663, 0.902385, 0.032953, Iris-setosa
4.90, 3.10, 1.50, 0.10, 0.011267, 0.983690, 0.005043, Iris-setosa
5.00, 3.20, 1.20, 0.20, 0.009920, 0.985406, 0.004673, Iris-setosa
5.50, 3.50, 1.30, 0.20, 0.024493, 0.963826, 0.011680, Iris-setosa
4.90, 3.10, 1.50, 0.10, 0.011267, 0.983690, 0.005043, Iris-setosa
4.40, 3.00, 1.30, 0.20, 0.040478, 0.940571, 0.018951, Iris-setosa
5.10, 3.40, 1.50, 0.20, 0.001141, 0.998342, 0.000517, Iris-setosa
5.00, 3.50, 1.30, 0.30, 0.003833, 0.994361, 0.001806, Iris-setosa
4.50, 2.30, 1.30, 0.30, 0.100901, 0.852729, 0.046371, Iris-setosa
4.40, 3.20, 1.30, 0.20, 0.031865, 0.953072, 0.015063, Iris-setosa
5.00, 3.50, 1.60, 0.60, 0.014672, 0.978871, 0.006457, Iris-setosa
5.10, 3.80, 1.90, 0.40, 0.038891, 0.944175, 0.016934, Iris-setosa
4.80, 3.00, 1.40, 0.30, 0.018494, 0.973201, 0.008305, Iris-setosa
5.10, 3.80, 1.60, 0.20, 0.016550, 0.975756, 0.007695, Iris-setosa
4.60, 3.20, 1.40, 0.20, 0.017275, 0.974771, 0.007954, Iris-setosa
5.30, 3.70, 1.50, 0.20, 0.016081, 0.976396, 0.007523, Iris-setosa
5.00, 3.30, 1.40, 0.20, 0.001810, 0.997361, 0.000829, Iris-setosa
7.00, 3.20, 4.70, 1.40, 0.454283, 0.044600, 0.501117, Iris-versicolor
6.40, 3.20, 4.50, 1.50, 0.764067, 0.029175, 0.206757, Iris-versicolor
6.90, 3.10, 4.90, 1.50, 0.368774, 0.031287, 0.599938, Iris-versicolor
5.50, 2.30, 4.00, 1.30, 0.869993, 0.049535, 0.080472, Iris-versicolor
6.50, 2.80, 4.60, 1.50, 0.758765, 0.024133, 0.217102, Iris-versicolor
5.70, 2.80, 4.50, 1.30, 0.973777, 0.005752, 0.020470, Iris-versicolor
6.30, 3.30, 4.70, 1.60, 0.673045, 0.029805, 0.297150, Iris-versicolor
4.90, 2.40, 3.30, 1.00, 0.581524, 0.286355, 0.132121, Iris-versicolor
6.60, 2.90, 4.60, 1.30, 0.721047, 0.031264, 0.247689, Iris-versicolor
5.20, 2.70, 3.90, 1.40, 0.830307, 0.074976, 0.094717, Iris-versicolor
5.00, 2.00, 3.50, 1.00, 0.635677, 0.219408, 0.144915, Iris-versicolor
5.90, 3.00, 4.20, 1.50, 0.962070, 0.009197, 0.028733, Iris-versicolor
6.00, 2.20, 4.00, 1.00, 0.843035, 0.055833, 0.101132, Iris-versicolor
6.10, 2.90, 4.70, 1.40, 0.899686, 0.012122, 0.088192, Iris-versicolor
5.60, 2.90, 3.60, 1.30, 0.815933, 0.091878, 0.092190, Iris-versicolor
6.70, 3.10, 4.40, 1.40, 0.689901, 0.041749, 0.268350, Iris-versicolor
5.60, 3.00, 4.50, 1.50, 0.933149, 0.014173, 0.052678, Iris-versicolor
5.80, 2.70, 4.10, 1.00, 0.925638, 0.025973, 0.048390, Iris-versicolor
6.20, 2.20, 4.50, 1.50, 0.835359, 0.027210, 0.137431, Iris-versicolor
5.60, 2.50, 3.90, 1.10, 0.877456, 0.051750, 0.070794, Iris-versicolor
5.90, 3.20, 4.80, 1.80, 0.721664, 0.027630, 0.250707, Iris-versicolor
6.10, 2.80, 4.00, 1.30, 0.934227, 0.019536, 0.046237, Iris-versicolor
6.30, 2.50, 4.90, 1.50, 0.705431, 0.024007, 0.270561, Iris-versicolor
6.10, 2.80, 4.70, 1.20, 0.902755, 0.013950, 0.083295, Iris-versicolor
6.40, 2.90, 4.30, 1.30, 0.875918, 0.022932, 0.101151, Iris-versicolor
6.60, 3.00, 4.40, 1.40, 0.754806, 0.033970, 0.211225, Iris-versicolor
6.80, 2.80, 4.80, 1.40, 0.523678, 0.033643, 0.442680, Iris-versicolor
6.70, 3.00, 5.00, 1.70, 0.306337, 0.021201, 0.672461, Iris-versicolor
6.00, 2.90, 4.50, 1.50, 0.968907, 0.004937, 0.026157, Iris-versicolor
5.70, 2.60, 3.50, 1.00, 0.766571, 0.128796, 0.104633, Iris-versicolor
5.50, 2.40, 3.80, 1.10, 0.831988, 0.078113, 0.089899, Iris-versicolor
5.50, 2.40, 3.70, 1.00, 0.795061, 0.104205, 0.100734, Iris-versicolor
5.80, 2.70, 3.90, 1.20, 0.918594, 0.031079, 0.050327, Iris-versicolor
6.00, 2.70, 5.10, 1.60, 0.656310, 0.024000, 0.319689, Iris-versicolor
5.40, 3.00, 4.50, 1.50, 0.891114, 0.026423, 0.082464, Iris-versicolor
6.00, 3.40, 4.50, 1.60, 0.797188, 0.032149, 0.170663, Iris-versicolor
6.70, 3.10, 4.70, 1.50, 0.555451, 0.033475, 0.411074, Iris-versicolor
6.30, 2.30, 4.40, 1.30, 0.857592, 0.026930, 0.115478, Iris-versicolor
5.60, 3.00, 4.10, 1.30, 0.928857, 0.024142, 0.047001, Iris-versicolor
5.50, 2.50, 4.00, 1.30, 0.899276, 0.038314, 0.062410, Iris-versicolor
5.50, 2.60, 4.40, 1.20, 0.931056, 0.019690, 0.049254, Iris-versicolor
6.10, 3.00, 4.60, 1.40, 0.915701, 0.011623, 0.072676, Iris-versicolor
5.80, 2.60, 4.00, 1.20, 0.935592, 0.022594, 0.041814, Iris-versicolor
5.00, 2.30, 3.30, 1.00, 0.597333, 0.270109, 0.132558, Iris-versicolor
5.60, 2.70, 4.20, 1.30, 0.958809, 0.012722, 0.028468, Iris-versicolor
5.70, 3.00, 4.20, 1.20, 0.945497, 0.016817, 0.037686, Iris-versicolor
5.70, 2.90, 4.20, 1.30, 0.967372, 0.009601, 0.023027, Iris-versicolor
6.20, 2.90, 4.30, 1.30, 0.943880, 0.011418, 0.044702, Iris-versicolor
5.10, 2.50, 3.00, 1.10, 0.518966, 0.356770, 0.124264, Iris-versicolor
5.70, 2.80, 4.10, 1.30, 0.960511, 0.012729, 0.026760, Iris-versicolor
6.30, 3.30, 6.00, 2.50, 0.120750, 0.019366, 0.859885, Iris-virginica
5.80, 2.70, 5.10, 1.90, 0.615556, 0.029332, 0.355112, Iris-virginica
7.10, 3.00, 5.90, 2.10, 0.038161, 0.006080, 0.955759, Iris-virginica
6.30, 2.90, 5.60, 1.80, 0.141937, 0.012534, 0.845528, Iris-virginica
6.50, 3.00, 5.80, 2.20, 0.037642, 0.004757, 0.957600, Iris-virginica
7.60, 3.00, 6.60, 2.10, 0.152686, 0.035479, 0.811835, Iris-virginica
4.90, 2.50, 4.50, 1.70, 0.759811, 0.073140, 0.167049, Iris-virginica
7.30, 2.90, 6.30, 1.80, 0.115152, 0.021914, 0.862934, Iris-virginica
6.70, 2.50, 5.80, 1.80, 0.117346, 0.014009, 0.868645, Iris-virginica
7.20, 3.60, 6.10, 2.50, 0.114605, 0.024420, 0.860976, Iris-virginica
6.50, 3.20, 5.10, 2.00, 0.209876, 0.016769, 0.773354, Iris-virginica
6.40, 2.70, 5.30, 1.90, 0.223121, 0.015770, 0.761109, Iris-virginica
6.80, 3.00, 5.50, 2.10, 0.010014, 0.001167, 0.988820, Iris-virginica
5.70, 2.50, 5.00, 2.00, 0.659909, 0.034416, 0.305675, Iris-virginica
5.80, 2.80, 5.10, 2.40, 0.460968, 0.038403, 0.500629, Iris-virginica
6.40, 3.20, 5.30, 2.30, 0.136060, 0.014067, 0.849873, Iris-virginica
6.50, 3.00, 5.50, 1.80, 0.079605, 0.007165, 0.913230, Iris-virginica
7.70, 3.80, 6.70, 2.20, 0.185833, 0.050591, 0.763576, Iris-virginica
7.70, 2.60, 6.90, 2.30, 0.193262, 0.049215, 0.757523, Iris-virginica
6.00, 2.20, 5.00, 1.50, 0.710656, 0.032253, 0.257091, Iris-virginica
6.90, 3.20, 5.70, 2.30, 0.025705, 0.003830, 0.970466, Iris-virginica
5.60, 2.80, 4.90, 2.00, 0.706934, 0.033679, 0.259388, Iris-virginica
7.70, 2.80, 6.70, 2.00, 0.174839, 0.041998, 0.783164, Iris-virginica
6.30, 2.70, 4.90, 1.80, 0.595754, 0.022825, 0.381421, Iris-virginica
6.70, 3.30, 5.70, 2.10, 0.021745, 0.002915, 0.975340, Iris-virginica
7.20, 3.20, 6.00, 1.80, 0.075179, 0.012915, 0.911906, Iris-virginica
6.20, 2.80, 4.80, 1.80, 0.707787, 0.020998, 0.271215, Iris-virginica
6.10, 3.00, 4.90, 1.80, 0.646918, 0.023106, 0.329975, Iris-virginica
6.40, 2.80, 5.60, 2.10, 0.082995, 0.008364, 0.908641, Iris-virginica
7.20, 3.00, 5.80, 1.60, 0.094760, 0.014456, 0.890784, Iris-virginica
7.40, 2.80, 6.10, 1.90, 0.107460, 0.019802, 0.872738, Iris-virginica
7.90, 3.80, 6.40, 2.00, 0.189010, 0.050905, 0.760085, Iris-virginica
6.40, 2.80, 5.60, 2.20, 0.084837, 0.008963, 0.906201, Iris-virginica
6.30, 2.80, 5.10, 1.50, 0.540214, 0.023414, 0.436372, Iris-virginica
6.10, 2.60, 5.60, 1.40, 0.392715, 0.031225, 0.576061, Iris-virginica
7.70, 3.00, 6.10, 2.30, 0.131787, 0.028676, 0.839537, Iris-virginica
6.30, 3.40, 5.60, 2.40, 0.128700, 0.017230, 0.854070, Iris-virginica
6.40, 3.10, 5.50, 1.80, 0.110060, 0.009788, 0.880152, Iris-virginica
6.00, 3.00, 4.80, 1.80, 0.749917, 0.021738, 0.228344, Iris-virginica
6.90, 3.10, 5.40, 2.10, 0.028959, 0.003490, 0.967551, Iris-virginica
6.70, 3.10, 5.60, 2.40, 0.037680, 0.005080, 0.957240, Iris-virginica
6.90, 3.10, 5.10, 2.30, 0.129481, 0.015407, 0.855112, Iris-virginica
5.80, 2.70, 5.10, 1.90, 0.615556, 0.029332, 0.355112, Iris-virginica
6.80, 3.20, 5.90, 2.30, 0.033742, 0.005253, 0.961006, Iris-virginica
6.70, 3.30, 5.70, 2.50, 0.063187, 0.009704, 0.927109, Iris-virginica
6.70, 3.00, 5.20, 2.30, 0.106376, 0.011267, 0.882357, Iris-virginica
6.30, 2.50, 5.00, 1.90, 0.507502, 0.025831, 0.466668, Iris-virginica
6.50, 3.00, 5.20, 2.00, 0.156412, 0.012119, 0.831469, Iris-virginica
6.20, 3.40, 5.40, 2.30, 0.189032, 0.021585, 0.789382, Iris-virginica
5.90, 3.00, 5.10, 1.80, 0.581778, 0.026941, 0.391281, Iris-virginica
