% Title: Title
%
% Centers:
% 	6.774974 3.052389 5.646734 2.053539 
% 	5.003561 3.403041 1.484992 0.251537 
% 	5.889080 2.761192 4.364080 1.397356 
%

@RELATION

@ATTRIBUTE Attribute0 	 REAL
@ATTRIBUTE Attribute1 	 REAL
@ATTRIBUTE Attribute2 	 REAL
@ATTRIBUTE Attribute3 	 REAL
@ATTRIBUTE MU 	 FUZZY {Zhluk0, Zhluk1, Zhluk2}
@ATTRIBUTE class 	 {Iris-setosa, Iris-versicolor, Iris-virginica}

@DATA
5.10, 3.50, 1.40, 0.20, 0.001163, 0.996336, 0.002501, Iris-setosa
4.90, 3.00, 1.40, 0.20, 0.007157, 0.976953, 0.015890, Iris-setosa
4.70, 3.20, 1.30, 0.20, 0.006261, 0.980309, 0.013429, Iris-setosa
4.60, 3.10, 1.50, 0.20, 0.009834, 0.968311, 0.021855, Iris-setosa
5.00, 3.60, 1.40, 0.20, 0.001942, 0.993927, 0.004131, Iris-setosa
5.40, 3.90, 1.70, 0.40, 0.021073, 0.933140, 0.045787, Iris-setosa
4.60, 3.40, 1.40, 0.30, 0.006506, 0.979487, 0.014007, Iris-setosa
5.00, 3.40, 1.50, 0.20, 0.000121, 0.999611, 0.000268, Iris-setosa
4.40, 2.90, 1.40, 0.20, 0.021534, 0.931554, 0.046911, Iris-setosa
4.90, 3.10, 1.50, 0.10, 0.005043, 0.983690, 0.011267, Iris-setosa
5.40, 3.70, 1.50, 0.20, 0.010466, 0.967214, 0.022320, Iris-setosa
4.80, 3.40, 1.60, 0.20, 0.002387, 0.992280, 0.005333, Iris-setosa
4.80, 3.00, 1.40, 0.10, 0.008832, 0.971746, 0.019422, Iris-setosa
4.30, 3.00, 1.10, 0.10, 0.025000, 0.923696, 0.051305, Iris-setosa
5.80, 4.00, 1.20, 0.20, 0.038099, 0.888395, 0.073506, Iris-setosa
5.70, 4.40, 1.50, 0.40, 0.055018, 0.839270, 0.105712, Iris-setosa
5.40, 3.90, 1.30, 0.40, 0.017961, 0.945516, 0.036523, Iris-setosa
5.10, 3.50, 1.40, 0.30, 0.001168, 0.996307, 0.002525, Iris-setosa
5.70, 3.80, 1.70, 0.30, 0.030649, 0.903060, 0.066291, Iris-setosa
5.10, 3.80, 1.50, 0.30, 0.007013, 0.978068, 0.014920, Iris-setosa
5.40, 3.40, 1.70, 0.20, 0.009496, 0.968754, 0.021751, Iris-setosa
5.10, 3.70, 1.50, 0.40, 0.005089, 0.983901, 0.011010, Iris-setosa
4.60, 3.60, 1.00, 0.20, 0.014011, 0.958129, 0.027861, Iris-setosa
5.10, 3.30, 1.70, 0.50, 0.006008, 0.979778, 0.014214, Iris-setosa
4.80, 3.40, 1.90, 0.20, 0.009736, 0.967266, 0.022998, Iris-setosa
5.00, 3.00, 1.60, 0.20, 0.007571, 0.974903, 0.017526, Iris-setosa
5.00, 3.40, 1.60, 0.40, 0.001569, 0.994860, 0.003571, Iris-setosa
5.20, 3.50, 1.50, 0.20, 0.002167, 0.993092, 0.004741, Iris-setosa
5.20, 3.40, 1.40, 0.20, 0.002001, 0.993660, 0.004339, Iris-setosa
4.70, 3.20, 1.60, 0.20, 0.006061, 0.980238, 0.013700, Iris-setosa
4.80, 3.10, 1.60, 0.20, 0.006163, 0.979750, 0.014087, Iris-setosa
5.40, 3.40, 1.50, 0.40, 0.007968, 0.974273, 0.017759, Iris-setosa
5.20, 4.10, 1.50, 0.10, 0.020863, 0.936925, 0.042212, Iris-setosa
5.50, 4.20, 1.40, 0.20, 0.032953, 0.902382, 0.064664, Iris-setosa
4.90, 3.10, 1.50, 0.10, 0.005043, 0.983690, 0.011267, Iris-setosa
5.00, 3.20, 1.20, 0.20, 0.004673, 0.985406, 0.009921, Iris-setosa
5.50, 3.50, 1.30, 0.20, 0.011681, 0.963826, 0.024494, Iris-setosa
4.90, 3.10, 1.50, 0.10, 0.005043, 0.983690, 0.011267, Iris-setosa
4.40, 3.00, 1.30, 0.20, 0.018952, 0.940569, 0.040480, Iris-setosa
5.10, 3.40, 1.50, 0.20, 0.000517, 0.998342, 0.001141, Iris-setosa
5.00, 3.50, 1.30, 0.30, 0.001806, 0.994361, 0.003833, Iris-setosa
4.50, 2.30, 1.30, 0.30, 0.046372, 0.852724, 0.100904, Iris-setosa
4.40, 3.20, 1.30, 0.20, 0.015063, 0.953071, 0.031866, Iris-setosa
5.00, 3.50, 1.60, 0.60, 0.006458, 0.978870, 0.014673, Iris-setosa
5.10, 3.80, 1.90, 0.40, 0.016935, 0.944173, 0.038892, Iris-setosa
4.80, 3.00, 1.40, 0.30, 0.008305, 0.973200, 0.018494, Iris-setosa
5.10, 3.80, 1.60, 0.20, 0.007695, 0.975755, 0.016550, Iris-setosa
4.60, 3.20, 1.40, 0.20, 0.007954, 0.974770, 0.017276, Iris-setosa
5.30, 3.70, 1.50, 0.20, 0.007523, 0.976395, 0.016082, Iris-setosa
5.00, 3.30, 1.40, 0.20, 0.000829, 0.997361, 0.001810, Iris-setosa
7.00, 3.20, 4.70, 1.40, 0.501155, 0.044600, 0.454245, Iris-versicolor
6.40, 3.20, 4.50, 1.50, 0.206796, 0.029178, 0.764026, Iris-versicolor
6.90, 3.10, 4.90, 1.50, 0.599985, 0.031287, 0.368728, Iris-versicolor
5.50, 2.30, 4.00, 1.30, 0.080465, 0.049528, 0.870007, Iris-versicolor
6.50, 2.80, 4.60, 1.50, 0.217149, 0.024136, 0.758716, Iris-versicolor
5.70, 2.80, 4.50, 1.30, 0.020471, 0.005752, 0.973777, Iris-versicolor
6.30, 3.30, 4.70, 1.60, 0.297203, 0.029807, 0.672990, Iris-versicolor
4.90, 2.40, 3.30, 1.00, 0.132120, 0.286337, 0.581543, Iris-versicolor
6.60, 2.90, 4.60, 1.30, 0.247730, 0.031266, 0.721004, Iris-versicolor
5.20, 2.70, 3.90, 1.40, 0.094711, 0.074967, 0.830323, Iris-versicolor
5.00, 2.00, 3.50, 1.00, 0.144913, 0.219394, 0.635693, Iris-versicolor
5.90, 3.00, 4.20, 1.50, 0.028734, 0.009197, 0.962069, Iris-versicolor
6.00, 2.20, 4.00, 1.00, 0.101128, 0.055828, 0.843044, Iris-versicolor
6.10, 2.90, 4.70, 1.40, 0.088225, 0.012125, 0.899649, Iris-versicolor
5.60, 2.90, 3.60, 1.30, 0.092183, 0.091866, 0.815951, Iris-versicolor
6.70, 3.10, 4.40, 1.40, 0.268383, 0.041751, 0.689866, Iris-versicolor
5.60, 3.00, 4.50, 1.50, 0.052684, 0.014173, 0.933143, Iris-versicolor
5.80, 2.70, 4.10, 1.00, 0.048382, 0.025967, 0.925651, Iris-versicolor
6.20, 2.20, 4.50, 1.50, 0.137448, 0.027211, 0.835341, Iris-versicolor
5.60, 2.50, 3.90, 1.10, 0.070785, 0.051740, 0.877474, Iris-versicolor
5.90, 3.20, 4.80, 1.80, 0.250754, 0.027632, 0.721614, Iris-versicolor
6.10, 2.80, 4.00, 1.30, 0.046234, 0.019533, 0.934232, Iris-versicolor
6.30, 2.50, 4.90, 1.50, 0.270614, 0.024009, 0.705377, Iris-versicolor
6.10, 2.80, 4.70, 1.20, 0.083318, 0.013952, 0.902729, Iris-versicolor
6.40, 2.90, 4.30, 1.30, 0.101167, 0.022933, 0.875900, Iris-versicolor
6.60, 3.00, 4.40, 1.40, 0.211257, 0.033972, 0.754772, Iris-versicolor
6.80, 2.80, 4.80, 1.40, 0.442731, 0.033643, 0.523626, Iris-versicolor
6.70, 3.00, 5.00, 1.70, 0.672524, 0.021200, 0.306277, Iris-versicolor
6.00, 2.90, 4.50, 1.50, 0.026172, 0.004939, 0.968888, Iris-versicolor
5.70, 2.60, 3.50, 1.00, 0.104627, 0.128782, 0.766591, Iris-versicolor
5.50, 2.40, 3.80, 1.10, 0.089891, 0.078102, 0.832006, Iris-versicolor
5.50, 2.40, 3.70, 1.00, 0.100727, 0.104192, 0.795081, Iris-versicolor
5.80, 2.70, 3.90, 1.20, 0.050319, 0.031071, 0.918610, Iris-versicolor
6.00, 2.70, 5.10, 1.60, 0.319750, 0.024002, 0.656248, Iris-versicolor
5.40, 3.00, 4.50, 1.50, 0.082468, 0.026422, 0.891111, Iris-versicolor
6.00, 3.40, 4.50, 1.60, 0.170690, 0.032151, 0.797159, Iris-versicolor
6.70, 3.10, 4.70, 1.50, 0.411127, 0.033476, 0.555397, Iris-versicolor
6.30, 2.30, 4.40, 1.30, 0.115490, 0.026931, 0.857580, Iris-versicolor
5.60, 3.00, 4.10, 1.30, 0.046995, 0.024137, 0.928868, Iris-versicolor
5.50, 2.50, 4.00, 1.30, 0.062401, 0.038306, 0.899292, Iris-versicolor
5.50, 2.60, 4.40, 1.20, 0.049249, 0.019686, 0.931065, Iris-versicolor
6.10, 3.00, 4.60, 1.40, 0.072703, 0.011626, 0.915672, Iris-versicolor
5.80, 2.60, 4.00, 1.20, 0.041805, 0.022588, 0.935606, Iris-versicolor
5.00, 2.30, 3.30, 1.00, 0.132557, 0.270092, 0.597351, Iris-versicolor
5.60, 2.70, 4.20, 1.30, 0.028460, 0.012718, 0.958822, Iris-versicolor
5.70, 3.00, 4.20, 1.20, 0.037681, 0.016813, 0.945506, Iris-versicolor
5.70, 2.90, 4.20, 1.30, 0.023021, 0.009597, 0.967382, Iris-versicolor
6.20, 2.90, 4.30, 1.30, 0.044710, 0.011419, 0.943871, Iris-versicolor
5.10, 2.50, 3.00, 1.10, 0.124264, 0.356752, 0.518985, Iris-versicolor
5.70, 2.80, 4.10, 1.30, 0.026752, 0.012724, 0.960524, Iris-versicolor
6.30, 3.30, 6.00, 2.50, 0.859887, 0.019366, 0.120747, Iris-virginica
5.80, 2.70, 5.10, 1.90, 0.355164, 0.029333, 0.615503, Iris-virginica
7.10, 3.00, 5.90, 2.10, 0.955748, 0.006082, 0.038170, Iris-virginica
6.30, 2.90, 5.60, 1.80, 0.845566, 0.012533, 0.141902, Iris-virginica
6.50, 3.00, 5.80, 2.20, 0.957604, 0.004757, 0.037639, Iris-virginica
7.60, 3.00, 6.60, 2.10, 0.811824, 0.035482, 0.152693, Iris-virginica
4.90, 2.50, 4.50, 1.70, 0.167052, 0.073137, 0.759811, Iris-virginica
7.30, 2.90, 6.30, 1.80, 0.862924, 0.021917, 0.115159, Iris-virginica
6.70, 2.50, 5.80, 1.80, 0.868657, 0.014009, 0.117334, Iris-virginica
7.20, 3.60, 6.10, 2.50, 0.860965, 0.024423, 0.114612, Iris-virginica
6.50, 3.20, 5.10, 2.00, 0.773409, 0.016767, 0.209824, Iris-virginica
6.40, 2.70, 5.30, 1.90, 0.761167, 0.015768, 0.223065, Iris-virginica
6.80, 3.00, 5.50, 2.10, 0.988826, 0.001166, 0.010008, Iris-virginica
5.70, 2.50, 5.00, 2.00, 0.305714, 0.034417, 0.659870, Iris-virginica
5.80, 2.80, 5.10, 2.40, 0.500671, 0.038403, 0.460926, Iris-virginica
6.40, 3.20, 5.30, 2.30, 0.849905, 0.014065, 0.136030, Iris-virginica
6.50, 3.00, 5.50, 1.80, 0.913263, 0.007163, 0.079575, Iris-virginica
7.70, 3.80, 6.70, 2.20, 0.763566, 0.050594, 0.185839, Iris-virginica
7.70, 2.60, 6.90, 2.30, 0.757514, 0.049219, 0.193267, Iris-virginica
6.00, 2.20, 5.00, 1.50, 0.257124, 0.032254, 0.710622, Iris-virginica
6.90, 3.20, 5.70, 2.30, 0.970459, 0.003831, 0.025711, Iris-virginica
5.60, 2.80, 4.90, 2.00, 0.259423, 0.033680, 0.706896, Iris-virginica
7.70, 2.80, 6.70, 2.00, 0.783154, 0.042001, 0.174845, Iris-virginica
6.30, 2.70, 4.90, 1.80, 0.381494, 0.022826, 0.595680, Iris-virginica
6.70, 3.30, 5.70, 2.10, 0.975339, 0.002915, 0.021746, Iris-virginica
7.20, 3.20, 6.00, 1.80, 0.911896, 0.012917, 0.075187, Iris-virginica
6.20, 2.80, 4.80, 1.80, 0.271281, 0.021000, 0.707719, Iris-virginica
6.10, 3.00, 4.90, 1.80, 0.330045, 0.023108, 0.646847, Iris-virginica
6.40, 2.80, 5.60, 2.10, 0.908665, 0.008362, 0.082973, Iris-virginica
7.20, 3.00, 5.80, 1.60, 0.890782, 0.014457, 0.094761, Iris-virginica
7.40, 2.80, 6.10, 1.90, 0.872729, 0.019804, 0.107467, Iris-virginica
7.90, 3.80, 6.40, 2.00, 0.760076, 0.050909, 0.189015, Iris-virginica
6.40, 2.80, 5.60, 2.20, 0.906221, 0.008961, 0.084817, Iris-virginica
6.30, 2.80, 5.10, 1.50, 0.436445, 0.023414, 0.540141, Iris-virginica
6.10, 2.60, 5.60, 1.40, 0.576104, 0.031224, 0.392672, Iris-virginica
7.70, 3.00, 6.10, 2.30, 0.839526, 0.028679, 0.131795, Iris-virginica
6.30, 3.40, 5.60, 2.40, 0.854084, 0.017229, 0.128686, Iris-virginica
6.40, 3.10, 5.50, 1.80, 0.880189, 0.009786, 0.110025, Iris-virginica
6.00, 3.00, 4.80, 1.80, 0.228399, 0.021741, 0.749860, Iris-virginica
6.90, 3.10, 5.40, 2.10, 0.967558, 0.003490, 0.028952, Iris-virginica
6.70, 3.10, 5.60, 2.40, 0.957242, 0.005080, 0.037679, Iris-virginica
6.90, 3.10, 5.10, 2.30, 0.855133, 0.015406, 0.129460, Iris-virginica
5.80, 2.70, 5.10, 1.90, 0.355164, 0.029333, 0.615503, Iris-virginica
6.80, 3.20, 5.90, 2.30, 0.960997, 0.005254, 0.033749, Iris-virginica
6.70, 3.30, 5.70, 2.50, 0.927107, 0.009705, 0.063188, Iris-virginica
6.70, 3.00, 5.20, 2.30, 0.882384, 0.011266, 0.106351, Iris-virginica
6.30, 2.50, 5.00, 1.90, 0.466732, 0.025831, 0.507437, Iris-virginica
6.50, 3.00, 5.20, 2.00, 0.831522, 0.012117, 0.156361, Iris-virginica
6.20, 3.40, 5.40, 2.30, 0.789412, 0.021584, 0.189005, Iris-virginica
5.90, 3.00, 5.10, 1.80, 0.391344, 0.026942, 0.581714, Iris-virginica
