% Title: Title
%
% Centers:
% 	6.774980 3.052391 5.646742 2.053542 
% 	5.003561 3.403041 1.484992 0.251537 
% 	5.889087 2.761194 4.364089 1.397361 
%

@RELATION

@ATTRIBUTE Attribute0 	 REAL
@ATTRIBUTE Attribute1 	 REAL
@ATTRIBUTE Attribute2 	 REAL
@ATTRIBUTE Attribute3 	 REAL
@ATTRIBUTE MU 	 FUZZY {Zhluk0, Zhluk1, Zhluk2}
@ATTRIBUTE class 	 {Iris-setosa, Iris-versicolor, Iris-virginica}

@DATA
5.10, 3.50, 1.40, 0.20, 0.001163, 0.996336, 0.002501, Iris-setosa
4.90, 3.00, 1.40, 0.20, 0.007157, 0.976953, 0.015890, Iris-setosa
4.70, 3.20, 1.30, 0.20, 0.006261, 0.980309, 0.013429, Iris-setosa
4.60, 3.10, 1.50, 0.20, 0.009834, 0.968311, 0.021855, Iris-setosa
5.00, 3.60, 1.40, 0.20, 0.001942, 0.993927, 0.004131, Iris-setosa
5.40, 3.90, 1.70, 0.40, 0.021073, 0.933141, 0.045787, Iris-setosa
4.60, 3.40, 1.40, 0.30, 0.006506, 0.979487, 0.014006, Iris-setosa
5.00, 3.40, 1.50, 0.20, 0.000121, 0.999611, 0.000268, Iris-setosa
4.40, 2.90, 1.40, 0.20, 0.021534, 0.931555, 0.046911, Iris-setosa
4.90, 3.10, 1.50, 0.10, 0.005043, 0.983690, 0.011267, Iris-setosa
5.40, 3.70, 1.50, 0.20, 0.010466, 0.967214, 0.022320, Iris-setosa
4.80, 3.40, 1.60, 0.20, 0.002387, 0.992280, 0.005333, Iris-setosa
4.80, 3.00, 1.40, 0.10, 0.008832, 0.971746, 0.019422, Iris-setosa
4.30, 3.00, 1.10, 0.10, 0.025000, 0.923696, 0.051304, Iris-setosa
5.80, 4.00, 1.20, 0.20, 0.038099, 0.888396, 0.073506, Iris-setosa
5.70, 4.40, 1.50, 0.40, 0.055018, 0.839271, 0.105711, Iris-setosa
5.40, 3.90, 1.30, 0.40, 0.017961, 0.945516, 0.036523, Iris-setosa
5.10, 3.50, 1.40, 0.30, 0.001168, 0.996307, 0.002525, Iris-setosa
5.70, 3.80, 1.70, 0.30, 0.030649, 0.903061, 0.066290, Iris-setosa
5.10, 3.80, 1.50, 0.30, 0.007013, 0.978068, 0.014920, Iris-setosa
5.40, 3.40, 1.70, 0.20, 0.009495, 0.968754, 0.021751, Iris-setosa
5.10, 3.70, 1.50, 0.40, 0.005089, 0.983901, 0.011010, Iris-setosa
4.60, 3.60, 1.00, 0.20, 0.014011, 0.958129, 0.027860, Iris-setosa
5.10, 3.30, 1.70, 0.50, 0.006008, 0.979778, 0.014214, Iris-setosa
4.80, 3.40, 1.90, 0.20, 0.009736, 0.967267, 0.022998, Iris-setosa
5.00, 3.00, 1.60, 0.20, 0.007571, 0.974903, 0.017526, Iris-setosa
5.00, 3.40, 1.60, 0.40, 0.001569, 0.994860, 0.003571, Iris-setosa
5.20, 3.50, 1.50, 0.20, 0.002167, 0.993092, 0.004741, Iris-setosa
5.20, 3.40, 1.40, 0.20, 0.002001, 0.993660, 0.004339, Iris-setosa
4.70, 3.20, 1.60, 0.20, 0.006061, 0.980239, 0.013700, Iris-setosa
4.80, 3.10, 1.60, 0.20, 0.006163, 0.979751, 0.014087, Iris-setosa
5.40, 3.40, 1.50, 0.40, 0.007968, 0.974273, 0.017759, Iris-setosa
5.20, 4.10, 1.50, 0.10, 0.020863, 0.936925, 0.042212, Iris-setosa
5.50, 4.20, 1.40, 0.20, 0.032953, 0.902383, 0.064664, Iris-setosa
4.90, 3.10, 1.50, 0.10, 0.005043, 0.983690, 0.011267, Iris-setosa
5.00, 3.20, 1.20, 0.20, 0.004673, 0.985406, 0.009921, Iris-setosa
5.50, 3.50, 1.30, 0.20, 0.011681, 0.963826, 0.024494, Iris-setosa
4.90, 3.10, 1.50, 0.10, 0.005043, 0.983690, 0.011267, Iris-setosa
4.40, 3.00, 1.30, 0.20, 0.018952, 0.940569, 0.040479, Iris-setosa
5.10, 3.40, 1.50, 0.20, 0.000517, 0.998342, 0.001141, Iris-setosa
5.00, 3.50, 1.30, 0.30, 0.001806, 0.994361, 0.003833, Iris-setosa
4.50, 2.30, 1.30, 0.30, 0.046372, 0.852725, 0.100903, Iris-setosa
4.40, 3.20, 1.30, 0.20, 0.015063, 0.953071, 0.031866, Iris-setosa
5.00, 3.50, 1.60, 0.60, 0.006458, 0.978870, 0.014672, Iris-setosa
5.10, 3.80, 1.90, 0.40, 0.016935, 0.944174, 0.038892, Iris-setosa
4.80, 3.00, 1.40, 0.30, 0.008305, 0.973201, 0.018494, Iris-setosa
5.10, 3.80, 1.60, 0.20, 0.007695, 0.975755, 0.016550, Iris-setosa
4.60, 3.20, 1.40, 0.20, 0.007954, 0.974770, 0.017276, Iris-setosa
5.30, 3.70, 1.50, 0.20, 0.007523, 0.976396, 0.016082, Iris-setosa
5.00, 3.30, 1.40, 0.20, 0.000829, 0.997361, 0.001810, Iris-setosa
7.00, 3.20, 4.70, 1.40, 0.501145, 0.044600, 0.454255, Iris-versicolor
6.40, 3.20, 4.50, 1.50, 0.206786, 0.029177, 0.764037, Iris-versicolor
6.90, 3.10, 4.90, 1.50, 0.599973, 0.031287, 0.368740, Iris-versicolor
5.50, 2.30, 4.00, 1.30, 0.080468, 0.049530, 0.870002, Iris-versicolor
6.50, 2.80, 4.60, 1.50, 0.217136, 0.024135, 0.758729, Iris-versicolor
5.70, 2.80, 4.50, 1.30, 0.020471, 0.005752, 0.973777, Iris-versicolor
6.30, 3.30, 4.70, 1.60, 0.297190, 0.029806, 0.673004, Iris-versicolor
4.90, 2.40, 3.30, 1.00, 0.132121, 0.286342, 0.581537, Iris-versicolor
6.60, 2.90, 4.60, 1.30, 0.247719, 0.031266, 0.721016, Iris-versicolor
5.20, 2.70, 3.90, 1.40, 0.094713, 0.074970, 0.830317, Iris-versicolor
5.00, 2.00, 3.50, 1.00, 0.144914, 0.219398, 0.635688, Iris-versicolor
5.90, 3.00, 4.20, 1.50, 0.028734, 0.009197, 0.962069, Iris-versicolor
6.00, 2.20, 4.00, 1.00, 0.101130, 0.055829, 0.843041, Iris-versicolor
6.10, 2.90, 4.70, 1.40, 0.088216, 0.012124, 0.899659, Iris-versicolor
5.60, 2.90, 3.60, 1.30, 0.092186, 0.091869, 0.815945, Iris-versicolor
6.70, 3.10, 4.40, 1.40, 0.268374, 0.041750, 0.689876, Iris-versicolor
5.60, 3.00, 4.50, 1.50, 0.052683, 0.014173, 0.933144, Iris-versicolor
5.80, 2.70, 4.10, 1.00, 0.048384, 0.025968, 0.925647, Iris-versicolor
6.20, 2.20, 4.50, 1.50, 0.137444, 0.027211, 0.835345, Iris-versicolor
5.60, 2.50, 3.90, 1.10, 0.070788, 0.051743, 0.877469, Iris-versicolor
5.90, 3.20, 4.80, 1.80, 0.250742, 0.027631, 0.721626, Iris-versicolor
6.10, 2.80, 4.00, 1.30, 0.046235, 0.019534, 0.934231, Iris-versicolor
6.30, 2.50, 4.90, 1.50, 0.270601, 0.024009, 0.705391, Iris-versicolor
6.10, 2.80, 4.70, 1.20, 0.083312, 0.013952, 0.902736, Iris-versicolor
6.40, 2.90, 4.30, 1.30, 0.101162, 0.022933, 0.875905, Iris-versicolor
6.60, 3.00, 4.40, 1.40, 0.211248, 0.033971, 0.754781, Iris-versicolor
6.80, 2.80, 4.80, 1.40, 0.442717, 0.033643, 0.523640, Iris-versicolor
6.70, 3.00, 5.00, 1.70, 0.672508, 0.021200, 0.306292, Iris-versicolor
6.00, 2.90, 4.50, 1.50, 0.026168, 0.004939, 0.968894, Iris-versicolor
5.70, 2.60, 3.50, 1.00, 0.104629, 0.128786, 0.766585, Iris-versicolor
5.50, 2.40, 3.80, 1.10, 0.089894, 0.078105, 0.832000, Iris-versicolor
5.50, 2.40, 3.70, 1.00, 0.100729, 0.104196, 0.795075, Iris-versicolor
5.80, 2.70, 3.90, 1.20, 0.050322, 0.031074, 0.918605, Iris-versicolor
6.00, 2.70, 5.10, 1.60, 0.319735, 0.024001, 0.656264, Iris-versicolor
5.40, 3.00, 4.50, 1.50, 0.082467, 0.026422, 0.891111, Iris-versicolor
6.00, 3.40, 4.50, 1.60, 0.170683, 0.032150, 0.797167, Iris-versicolor
6.70, 3.10, 4.70, 1.50, 0.411114, 0.033476, 0.555411, Iris-versicolor
6.30, 2.30, 4.40, 1.30, 0.115487, 0.026930, 0.857583, Iris-versicolor
5.60, 3.00, 4.10, 1.30, 0.046997, 0.024138, 0.928865, Iris-versicolor
5.50, 2.50, 4.00, 1.30, 0.062404, 0.038309, 0.899287, Iris-versicolor
5.50, 2.60, 4.40, 1.20, 0.049251, 0.019688, 0.931062, Iris-versicolor
6.10, 3.00, 4.60, 1.40, 0.072695, 0.011625, 0.915680, Iris-versicolor
5.80, 2.60, 4.00, 1.20, 0.041808, 0.022590, 0.935602, Iris-versicolor
5.00, 2.30, 3.30, 1.00, 0.132558, 0.270097, 0.597345, Iris-versicolor
5.60, 2.70, 4.20, 1.30, 0.028463, 0.012719, 0.958818, Iris-versicolor
5.70, 3.00, 4.20, 1.20, 0.037683, 0.016814, 0.945503, Iris-versicolor
5.70, 2.90, 4.20, 1.30, 0.023023, 0.009598, 0.967379, Iris-versicolor
6.20, 2.90, 4.30, 1.30, 0.044708, 0.011419, 0.943874, Iris-versicolor
5.10, 2.50, 3.00, 1.10, 0.124264, 0.356757, 0.518979, Iris-versicolor
5.70, 2.80, 4.10, 1.30, 0.026755, 0.012725, 0.960520, Iris-versicolor
6.30, 3.30, 6.00, 2.50, 0.859886, 0.019366, 0.120747, Iris-virginica
5.80, 2.70, 5.10, 1.90, 0.355152, 0.029333, 0.615515, Iris-virginica
7.10, 3.00, 5.90, 2.10, 0.955750, 0.006082, 0.038169, Iris-virginica
6.30, 2.90, 5.60, 1.80, 0.845557, 0.012533, 0.141910, Iris-virginica
6.50, 3.00, 5.80, 2.20, 0.957603, 0.004757, 0.037639, Iris-virginica
7.60, 3.00, 6.60, 2.10, 0.811826, 0.035482, 0.152692, Iris-virginica
4.90, 2.50, 4.50, 1.70, 0.167053, 0.073138, 0.759810, Iris-virginica
7.30, 2.90, 6.30, 1.80, 0.862926, 0.021916, 0.115158, Iris-virginica
6.70, 2.50, 5.80, 1.80, 0.868654, 0.014009, 0.117337, Iris-virginica
7.20, 3.60, 6.10, 2.50, 0.860967, 0.024422, 0.114611, Iris-virginica
6.50, 3.20, 5.10, 2.00, 0.773396, 0.016768, 0.209836, Iris-virginica
6.40, 2.70, 5.30, 1.90, 0.761154, 0.015768, 0.223078, Iris-virginica
6.80, 3.00, 5.50, 2.10, 0.988824, 0.001166, 0.010009, Iris-virginica
5.70, 2.50, 5.00, 2.00, 0.305705, 0.034416, 0.659879, Iris-virginica
5.80, 2.80, 5.10, 2.40, 0.500662, 0.038403, 0.460935, Iris-virginica
6.40, 3.20, 5.30, 2.30, 0.849898, 0.014066, 0.136036, Iris-virginica
6.50, 3.00, 5.50, 1.80, 0.913255, 0.007163, 0.079581, Iris-virginica
7.70, 3.80, 6.70, 2.20, 0.763568, 0.050594, 0.185839, Iris-virginica
7.70, 2.60, 6.90, 2.30, 0.757515, 0.049218, 0.193267, Iris-virginica
6.00, 2.20, 5.00, 1.50, 0.257116, 0.032254, 0.710630, Iris-virginica
6.90, 3.20, 5.70, 2.30, 0.970460, 0.003831, 0.025709, Iris-virginica
5.60, 2.80, 4.90, 2.00, 0.259415, 0.033680, 0.706905, Iris-virginica
7.70, 2.80, 6.70, 2.00, 0.783155, 0.042000, 0.174844, Iris-virginica
6.30, 2.70, 4.90, 1.80, 0.381476, 0.022826, 0.595698, Iris-virginica
6.70, 3.30, 5.70, 2.10, 0.975339, 0.002915, 0.021746, Iris-virginica
7.20, 3.20, 6.00, 1.80, 0.911897, 0.012917, 0.075186, Iris-virginica
6.20, 2.80, 4.80, 1.80, 0.271264, 0.020999, 0.707736, Iris-virginica
6.10, 3.00, 4.90, 1.80, 0.330028, 0.023107, 0.646865, Iris-virginica
6.40, 2.80, 5.60, 2.10, 0.908660, 0.008363, 0.082978, Iris-virginica
7.20, 3.00, 5.80, 1.60, 0.890781, 0.014457, 0.094762, Iris-virginica
7.40, 2.80, 6.10, 1.90, 0.872730, 0.019804, 0.107466, Iris-virginica
7.90, 3.80, 6.40, 2.00, 0.760077, 0.050908, 0.189015, Iris-virginica
6.40, 2.80, 5.60, 2.20, 0.906217, 0.008962, 0.084821, Iris-virginica
6.30, 2.80, 5.10, 1.50, 0.436427, 0.023414, 0.540159, Iris-virginica
6.10, 2.60, 5.60, 1.40, 0.576093, 0.031224, 0.392683, Iris-virginica
7.70, 3.00, 6.10, 2.30, 0.839527, 0.028679, 0.131794, Iris-virginica
6.30, 3.40, 5.60, 2.40, 0.854081, 0.017229, 0.128690, Iris-virginica
6.40, 3.10, 5.50, 1.80, 0.880181, 0.009786, 0.110033, Iris-virginica
6.00, 3.00, 4.80, 1.80, 0.228386, 0.021740, 0.749874, Iris-virginica
6.90, 3.10, 5.40, 2.10, 0.967556, 0.003490, 0.028954, Iris-virginica
6.70, 3.10, 5.60, 2.40, 0.957241, 0.005080, 0.037679, Iris-virginica
6.90, 3.10, 5.10, 2.30, 0.855128, 0.015407, 0.129465, Iris-virginica
5.80, 2.70, 5.10, 1.90, 0.355152, 0.029333, 0.615515, Iris-virginica
6.80, 3.20, 5.90, 2.30, 0.960999, 0.005254, 0.033748, Iris-virginica
6.70, 3.30, 5.70, 2.50, 0.927107, 0.009705, 0.063188, Iris-virginica
6.70, 3.00, 5.20, 2.30, 0.882378, 0.011266, 0.106356, Iris-virginica
6.30, 2.50, 5.00, 1.90, 0.466717, 0.025830, 0.507453, Iris-virginica
6.50, 3.00, 5.20, 2.00, 0.831510, 0.012117, 0.156373, Iris-virginica
6.20, 3.40, 5.40, 2.30, 0.789405, 0.021584, 0.189011, Iris-virginica
5.90, 3.00, 5.10, 1.80, 0.391329, 0.026941, 0.581730, Iris-virginica
