% Title: Title
%
% Centers:
% 	6.775200 3.052455 5.647017 2.053650 
% 	5.003562 3.403032 1.485008 0.251544 
% 	5.889274 2.761262 4.364361 1.397501 
%

@RELATION

@ATTRIBUTE Attribute0 	 REAL
@ATTRIBUTE Attribute1 	 REAL
@ATTRIBUTE Attribute2 	 REAL
@ATTRIBUTE Attribute3 	 REAL
@ATTRIBUTE MU 	 FUZZY {Zhluk0, Zhluk1, Zhluk2}
@ATTRIBUTE class 	 {Iris-setosa, Iris-versicolor, Iris-virginica}

@DATA
5.10, 3.50, 1.40, 0.20, 0.001163, 0.996336, 0.002501, Iris-setosa
4.90, 3.00, 1.40, 0.20, 0.007155, 0.976960, 0.015885, Iris-setosa
4.70, 3.20, 1.30, 0.20, 0.006260, 0.980314, 0.013426, Iris-setosa
4.60, 3.10, 1.50, 0.20, 0.009832, 0.968321, 0.021847, Iris-setosa
5.00, 3.60, 1.40, 0.20, 0.001942, 0.993927, 0.004131, Iris-setosa
5.40, 3.90, 1.70, 0.40, 0.021068, 0.933157, 0.045775, Iris-setosa
4.60, 3.40, 1.40, 0.30, 0.006505, 0.979492, 0.014003, Iris-setosa
5.00, 3.40, 1.50, 0.20, 0.000121, 0.999611, 0.000268, Iris-setosa
4.40, 2.90, 1.40, 0.20, 0.021530, 0.931574, 0.046896, Iris-setosa
4.90, 3.10, 1.50, 0.10, 0.005042, 0.983695, 0.011263, Iris-setosa
5.40, 3.70, 1.50, 0.20, 0.010464, 0.967221, 0.022315, Iris-setosa
4.80, 3.40, 1.60, 0.20, 0.002386, 0.992283, 0.005331, Iris-setosa
4.80, 3.00, 1.40, 0.10, 0.008830, 0.971754, 0.019415, Iris-setosa
4.30, 3.00, 1.10, 0.10, 0.024996, 0.923713, 0.051291, Iris-setosa
5.80, 4.00, 1.20, 0.20, 0.038093, 0.888415, 0.073492, Iris-setosa
5.70, 4.40, 1.50, 0.40, 0.055010, 0.839298, 0.105693, Iris-setosa
5.40, 3.90, 1.30, 0.40, 0.017958, 0.945526, 0.036515, Iris-setosa
5.10, 3.50, 1.40, 0.30, 0.001168, 0.996308, 0.002524, Iris-setosa
5.70, 3.80, 1.70, 0.30, 0.030643, 0.903084, 0.066273, Iris-setosa
5.10, 3.80, 1.50, 0.30, 0.007011, 0.978072, 0.014916, Iris-setosa
5.40, 3.40, 1.70, 0.20, 0.009493, 0.968764, 0.021743, Iris-setosa
5.10, 3.70, 1.50, 0.40, 0.005088, 0.983905, 0.011008, Iris-setosa
4.60, 3.60, 1.00, 0.20, 0.014009, 0.958136, 0.027855, Iris-setosa
5.10, 3.30, 1.70, 0.50, 0.006006, 0.979787, 0.014207, Iris-setosa
4.80, 3.40, 1.90, 0.20, 0.009733, 0.967279, 0.022988, Iris-setosa
5.00, 3.00, 1.60, 0.20, 0.007569, 0.974913, 0.017518, Iris-setosa
5.00, 3.40, 1.60, 0.40, 0.001568, 0.994863, 0.003569, Iris-setosa
5.20, 3.50, 1.50, 0.20, 0.002167, 0.993094, 0.004739, Iris-setosa
5.20, 3.40, 1.40, 0.20, 0.002001, 0.993661, 0.004338, Iris-setosa
4.70, 3.20, 1.60, 0.20, 0.006060, 0.980246, 0.013695, Iris-setosa
4.80, 3.10, 1.60, 0.20, 0.006161, 0.979758, 0.014081, Iris-setosa
5.40, 3.40, 1.50, 0.40, 0.007966, 0.974281, 0.017753, Iris-setosa
5.20, 4.10, 1.50, 0.10, 0.020860, 0.936937, 0.042203, Iris-setosa
5.50, 4.20, 1.40, 0.20, 0.032948, 0.902400, 0.064652, Iris-setosa
4.90, 3.10, 1.50, 0.10, 0.005042, 0.983695, 0.011263, Iris-setosa
5.00, 3.20, 1.20, 0.20, 0.004673, 0.985409, 0.009918, Iris-setosa
5.50, 3.50, 1.30, 0.20, 0.011679, 0.963833, 0.024488, Iris-setosa
4.90, 3.10, 1.50, 0.10, 0.005042, 0.983695, 0.011263, Iris-setosa
4.40, 3.00, 1.30, 0.20, 0.018948, 0.940584, 0.040468, Iris-setosa
5.10, 3.40, 1.50, 0.20, 0.000517, 0.998343, 0.001141, Iris-setosa
5.00, 3.50, 1.30, 0.30, 0.001806, 0.994361, 0.003833, Iris-setosa
4.50, 2.30, 1.30, 0.30, 0.046363, 0.852763, 0.100874, Iris-setosa
4.40, 3.20, 1.30, 0.20, 0.015060, 0.953083, 0.031857, Iris-setosa
5.00, 3.50, 1.60, 0.60, 0.006456, 0.978878, 0.014667, Iris-setosa
5.10, 3.80, 1.90, 0.40, 0.016930, 0.944191, 0.038879, Iris-setosa
4.80, 3.00, 1.40, 0.30, 0.008303, 0.973209, 0.018488, Iris-setosa
5.10, 3.80, 1.60, 0.20, 0.007693, 0.975760, 0.016546, Iris-setosa
4.60, 3.20, 1.40, 0.20, 0.007952, 0.974777, 0.017270, Iris-setosa
5.30, 3.70, 1.50, 0.20, 0.007522, 0.976401, 0.016078, Iris-setosa
5.00, 3.30, 1.40, 0.20, 0.000829, 0.997361, 0.001810, Iris-setosa
7.00, 3.20, 4.70, 1.40, 0.500841, 0.044601, 0.454559, Iris-versicolor
6.40, 3.20, 4.50, 1.50, 0.206477, 0.029156, 0.764366, Iris-versicolor
6.90, 3.10, 4.90, 1.50, 0.599596, 0.031293, 0.369111, Iris-versicolor
5.50, 2.30, 4.00, 1.30, 0.080526, 0.049591, 0.869883, Iris-versicolor
6.50, 2.80, 4.60, 1.50, 0.216763, 0.024114, 0.759123, Iris-versicolor
5.70, 2.80, 4.50, 1.30, 0.020468, 0.005755, 0.973777, Iris-versicolor
6.30, 3.30, 4.70, 1.60, 0.296767, 0.029790, 0.673442, Iris-versicolor
4.90, 2.40, 3.30, 1.00, 0.132135, 0.286482, 0.581383, Iris-versicolor
6.60, 2.90, 4.60, 1.30, 0.247395, 0.031248, 0.721356, Iris-versicolor
5.20, 2.70, 3.90, 1.40, 0.094765, 0.075047, 0.830187, Iris-versicolor
5.00, 2.00, 3.50, 1.00, 0.144934, 0.219512, 0.635555, Iris-versicolor
5.90, 3.00, 4.20, 1.50, 0.028727, 0.009201, 0.962072, Iris-versicolor
6.00, 2.20, 4.00, 1.00, 0.101161, 0.055874, 0.842965, Iris-versicolor
6.10, 2.90, 4.70, 1.40, 0.087951, 0.012098, 0.899951, Iris-versicolor
5.60, 2.90, 3.60, 1.30, 0.092238, 0.091965, 0.815798, Iris-versicolor
6.70, 3.10, 4.40, 1.40, 0.268105, 0.041736, 0.690159, Iris-versicolor
5.60, 3.00, 4.50, 1.50, 0.052639, 0.014171, 0.933190, Iris-versicolor
5.80, 2.70, 4.10, 1.00, 0.048447, 0.026016, 0.925537, Iris-versicolor
6.20, 2.20, 4.50, 1.50, 0.137310, 0.027202, 0.835488, Iris-versicolor
5.60, 2.50, 3.90, 1.10, 0.070859, 0.051821, 0.877320, Iris-versicolor
5.90, 3.20, 4.80, 1.80, 0.250365, 0.027614, 0.722021, Iris-versicolor
6.10, 2.80, 4.00, 1.30, 0.046261, 0.019556, 0.934183, Iris-versicolor
6.30, 2.50, 4.90, 1.50, 0.270180, 0.023993, 0.705827, Iris-versicolor
6.10, 2.80, 4.70, 1.20, 0.083129, 0.013931, 0.902939, Iris-versicolor
6.40, 2.90, 4.30, 1.30, 0.101032, 0.022919, 0.876049, Iris-versicolor
6.60, 3.00, 4.40, 1.40, 0.210990, 0.033954, 0.755056, Iris-versicolor
6.80, 2.80, 4.80, 1.40, 0.442312, 0.033639, 0.524049, Iris-versicolor
6.70, 3.00, 5.00, 1.70, 0.672014, 0.021213, 0.306773, Iris-versicolor
6.00, 2.90, 4.50, 1.50, 0.026042, 0.004919, 0.969040, Iris-versicolor
5.70, 2.60, 3.50, 1.00, 0.104677, 0.128902, 0.766421, Iris-versicolor
5.50, 2.40, 3.80, 1.10, 0.089957, 0.078197, 0.831846, Iris-versicolor
5.50, 2.40, 3.70, 1.00, 0.100785, 0.104301, 0.794914, Iris-versicolor
5.80, 2.70, 3.90, 1.20, 0.050392, 0.031134, 0.918474, Iris-versicolor
6.00, 2.70, 5.10, 1.60, 0.319254, 0.023989, 0.656757, Iris-versicolor
5.40, 3.00, 4.50, 1.50, 0.082440, 0.026429, 0.891131, Iris-versicolor
6.00, 3.40, 4.50, 1.60, 0.170469, 0.032133, 0.797398, Iris-versicolor
6.70, 3.10, 4.70, 1.50, 0.410684, 0.033469, 0.555847, Iris-versicolor
6.30, 2.30, 4.40, 1.30, 0.115391, 0.026925, 0.857684, Iris-versicolor
5.60, 3.00, 4.10, 1.30, 0.047050, 0.024179, 0.928771, Iris-versicolor
5.50, 2.50, 4.00, 1.30, 0.062474, 0.038372, 0.899154, Iris-versicolor
5.50, 2.60, 4.40, 1.20, 0.049292, 0.019715, 0.930992, Iris-versicolor
6.10, 3.00, 4.60, 1.40, 0.072482, 0.011600, 0.915918, Iris-versicolor
5.80, 2.60, 4.00, 1.20, 0.041879, 0.022641, 0.935480, Iris-versicolor
5.00, 2.30, 3.30, 1.00, 0.132575, 0.270235, 0.597191, Iris-versicolor
5.60, 2.70, 4.20, 1.30, 0.028528, 0.012756, 0.958716, Iris-versicolor
5.70, 3.00, 4.20, 1.20, 0.037727, 0.016844, 0.945430, Iris-versicolor
5.70, 2.90, 4.20, 1.30, 0.023074, 0.009626, 0.967300, Iris-versicolor
6.20, 2.90, 4.30, 1.30, 0.044642, 0.011410, 0.943949, Iris-versicolor
5.10, 2.50, 3.00, 1.10, 0.124270, 0.356907, 0.518824, Iris-versicolor
5.70, 2.80, 4.10, 1.30, 0.026822, 0.012765, 0.960413, Iris-versicolor
6.30, 3.30, 6.00, 2.50, 0.859868, 0.019360, 0.120772, Iris-virginica
5.80, 2.70, 5.10, 1.90, 0.354738, 0.029325, 0.615937, Iris-virginica
7.10, 3.00, 5.90, 2.10, 0.955835, 0.006067, 0.038097, Iris-virginica
6.30, 2.90, 5.60, 1.80, 0.845266, 0.012547, 0.142187, Iris-virginica
6.50, 3.00, 5.80, 2.20, 0.957575, 0.004758, 0.037667, Iris-virginica
7.60, 3.00, 6.60, 2.10, 0.811908, 0.035455, 0.152636, Iris-virginica
4.90, 2.50, 4.50, 1.70, 0.167031, 0.073164, 0.759806, Iris-virginica
7.30, 2.90, 6.30, 1.80, 0.862998, 0.021896, 0.115105, Iris-virginica
6.70, 2.50, 5.80, 1.80, 0.868558, 0.014011, 0.117430, Iris-virginica
7.20, 3.60, 6.10, 2.50, 0.861048, 0.024399, 0.114553, Iris-virginica
6.50, 3.20, 5.10, 2.00, 0.772969, 0.016785, 0.210246, Iris-virginica
6.40, 2.70, 5.30, 1.90, 0.760699, 0.015785, 0.223516, Iris-virginica
6.80, 3.00, 5.50, 2.10, 0.988776, 0.001171, 0.010054, Iris-virginica
5.70, 2.50, 5.00, 2.00, 0.305401, 0.034408, 0.660191, Iris-virginica
5.80, 2.80, 5.10, 2.40, 0.500328, 0.038406, 0.461267, Iris-virginica
6.40, 3.20, 5.30, 2.30, 0.849652, 0.014079, 0.136269, Iris-virginica
6.50, 3.00, 5.50, 1.80, 0.913001, 0.007179, 0.079820, Iris-virginica
7.70, 3.80, 6.70, 2.20, 0.763639, 0.050565, 0.185796, Iris-virginica
7.70, 2.60, 6.90, 2.30, 0.757579, 0.049192, 0.193229, Iris-virginica
6.00, 2.20, 5.00, 1.50, 0.256854, 0.032243, 0.710903, Iris-virginica
6.90, 3.20, 5.70, 2.30, 0.970513, 0.003822, 0.025665, Iris-virginica
5.60, 2.80, 4.90, 2.00, 0.259134, 0.033669, 0.707197, Iris-virginica
7.70, 2.80, 6.70, 2.00, 0.783226, 0.041975, 0.174800, Iris-virginica
6.30, 2.70, 4.90, 1.80, 0.380893, 0.022817, 0.596289, Iris-virginica
6.70, 3.30, 5.70, 2.10, 0.975346, 0.002913, 0.021742, Iris-virginica
7.20, 3.20, 6.00, 1.80, 0.911970, 0.012900, 0.075129, Iris-virginica
6.20, 2.80, 4.80, 1.80, 0.270742, 0.020981, 0.708277, Iris-virginica
6.10, 3.00, 4.90, 1.80, 0.329474, 0.023094, 0.647432, Iris-virginica
6.40, 2.80, 5.60, 2.10, 0.908475, 0.008374, 0.083151, Iris-virginica
7.20, 3.00, 5.80, 1.60, 0.890794, 0.014449, 0.094757, Iris-virginica
7.40, 2.80, 6.10, 1.90, 0.872800, 0.019785, 0.107415, Iris-virginica
7.90, 3.80, 6.40, 2.00, 0.760141, 0.050880, 0.188978, Iris-virginica
6.40, 2.80, 5.60, 2.20, 0.906054, 0.008972, 0.084974, Iris-virginica
6.30, 2.80, 5.10, 1.50, 0.435847, 0.023410, 0.540743, Iris-virginica
6.10, 2.60, 5.60, 1.40, 0.575753, 0.031229, 0.393019, Iris-virginica
7.70, 3.00, 6.10, 2.30, 0.839609, 0.028655, 0.131736, Iris-virginica
6.30, 3.40, 5.60, 2.40, 0.853969, 0.017234, 0.128798, Iris-virginica
6.40, 3.10, 5.50, 1.80, 0.879893, 0.009802, 0.110305, Iris-virginica
6.00, 3.00, 4.80, 1.80, 0.227947, 0.021719, 0.750333, Iris-virginica
6.90, 3.10, 5.40, 2.10, 0.967498, 0.003494, 0.029008, Iris-virginica
6.70, 3.10, 5.60, 2.40, 0.957230, 0.005078, 0.037692, Iris-virginica
6.90, 3.10, 5.10, 2.30, 0.854959, 0.015415, 0.129626, Iris-virginica
5.80, 2.70, 5.10, 1.90, 0.354738, 0.029325, 0.615937, Iris-virginica
6.80, 3.20, 5.90, 2.30, 0.961067, 0.005242, 0.033691, Iris-virginica
6.70, 3.30, 5.70, 2.50, 0.927123, 0.009698, 0.063179, Iris-virginica
6.70, 3.00, 5.20, 2.30, 0.882171, 0.011278, 0.106551, Iris-virginica
6.30, 2.50, 5.00, 1.90, 0.466204, 0.025830, 0.507967, Iris-virginica
6.50, 3.00, 5.20, 2.00, 0.831095, 0.012137, 0.156768, Iris-virginica
6.20, 3.40, 5.40, 2.30, 0.789177, 0.021595, 0.189228, Iris-virginica
5.90, 3.00, 5.10, 1.80, 0.390831, 0.026935, 0.582234, Iris-virginica
