% Title: Iris
%
% Centers:
% 	5.003561 3.403037 1.484998 0.251540 
% 	6.775018 3.052404 5.646800 2.053571 
% 	5.889155 2.761220 4.364177 1.397402 
%

@RELATION

@ATTRIBUTE Attribute0 	 REAL
@ATTRIBUTE Attribute1 	 REAL
@ATTRIBUTE Attribute2 	 REAL
@ATTRIBUTE Attribute3 	 REAL
@ATTRIBUTE MU 	 FUZZY {Zhluk0, Zhluk1, Zhluk2}
@ATTRIBUTE class 	 {Iris-setosa, Iris-versicolor, Iris-virginica}

@DATA
5.10, 3.50, 1.40, 0.20, 0.996336, 0.001164, 0.002501, Iris-setosa
4.90, 3.00, 1.40, 0.20, 0.976956, 0.007156, 0.015888, Iris-setosa
4.70, 3.20, 1.30, 0.20, 0.980311, 0.006261, 0.013428, Iris-setosa
4.60, 3.10, 1.50, 0.20, 0.968315, 0.009834, 0.021852, Iris-setosa
5.00, 3.60, 1.40, 0.20, 0.993927, 0.001942, 0.004131, Iris-setosa
5.40, 3.90, 1.70, 0.40, 0.933145, 0.021072, 0.045782, Iris-setosa
4.60, 3.40, 1.40, 0.30, 0.979489, 0.006506, 0.014005, Iris-setosa
5.00, 3.40, 1.50, 0.20, 0.999611, 0.000121, 0.000268, Iris-setosa
4.40, 2.90, 1.40, 0.20, 0.931561, 0.021534, 0.046905, Iris-setosa
4.90, 3.10, 1.50, 0.10, 0.983692, 0.005043, 0.011266, Iris-setosa
5.40, 3.70, 1.50, 0.20, 0.967216, 0.010466, 0.022318, Iris-setosa
4.80, 3.40, 1.60, 0.20, 0.992281, 0.002387, 0.005332, Iris-setosa
4.80, 3.00, 1.40, 0.10, 0.971749, 0.008832, 0.019419, Iris-setosa
4.30, 3.00, 1.10, 0.10, 0.923702, 0.024999, 0.051299, Iris-setosa
5.80, 4.00, 1.20, 0.20, 0.888401, 0.038098, 0.073501, Iris-setosa
5.70, 4.40, 1.50, 0.40, 0.839278, 0.055017, 0.105704, Iris-setosa
5.40, 3.90, 1.30, 0.40, 0.945519, 0.017961, 0.036520, Iris-setosa
5.10, 3.50, 1.40, 0.30, 0.996307, 0.001168, 0.002525, Iris-setosa
5.70, 3.80, 1.70, 0.30, 0.903068, 0.030649, 0.066284, Iris-setosa
5.10, 3.80, 1.50, 0.30, 0.978069, 0.007013, 0.014919, Iris-setosa
5.40, 3.40, 1.70, 0.20, 0.968757, 0.009495, 0.021748, Iris-setosa
5.10, 3.70, 1.50, 0.40, 0.983902, 0.005089, 0.011009, Iris-setosa
4.60, 3.60, 1.00, 0.20, 0.958130, 0.014011, 0.027859, Iris-setosa
5.10, 3.30, 1.70, 0.50, 0.979782, 0.006007, 0.014211, Iris-setosa
4.80, 3.40, 1.90, 0.20, 0.967271, 0.009735, 0.022994, Iris-setosa
5.00, 3.00, 1.60, 0.20, 0.974907, 0.007571, 0.017522, Iris-setosa
5.00, 3.40, 1.60, 0.40, 0.994862, 0.001569, 0.003570, Iris-setosa
5.20, 3.50, 1.50, 0.20, 0.993093, 0.002167, 0.004740, Iris-setosa
5.20, 3.40, 1.40, 0.20, 0.993660, 0.002001, 0.004339, Iris-setosa
4.70, 3.20, 1.60, 0.20, 0.980241, 0.006061, 0.013698, Iris-setosa
4.80, 3.10, 1.60, 0.20, 0.979754, 0.006162, 0.014084, Iris-setosa
5.40, 3.40, 1.50, 0.40, 0.974275, 0.007968, 0.017757, Iris-setosa
5.20, 4.10, 1.50, 0.10, 0.936928, 0.020863, 0.042209, Iris-setosa
5.50, 4.20, 1.40, 0.20, 0.902387, 0.032953, 0.064660, Iris-setosa
4.90, 3.10, 1.50, 0.10, 0.983692, 0.005043, 0.011266, Iris-setosa
5.00, 3.20, 1.20, 0.20, 0.985407, 0.004674, 0.009920, Iris-setosa
5.50, 3.50, 1.30, 0.20, 0.963828, 0.011681, 0.024492, Iris-setosa
4.90, 3.10, 1.50, 0.10, 0.983692, 0.005043, 0.011266, Iris-setosa
4.40, 3.00, 1.30, 0.20, 0.940574, 0.018951, 0.040475, Iris-setosa
5.10, 3.40, 1.50, 0.20, 0.998342, 0.000517, 0.001141, Iris-setosa
5.00, 3.50, 1.30, 0.30, 0.994361, 0.001806, 0.003833, Iris-setosa
4.50, 2.30, 1.30, 0.30, 0.852738, 0.046371, 0.100891, Iris-setosa
4.40, 3.20, 1.30, 0.20, 0.953075, 0.015063, 0.031862, Iris-setosa
5.00, 3.50, 1.60, 0.60, 0.978873, 0.006457, 0.014670, Iris-setosa
5.10, 3.80, 1.90, 0.40, 0.944179, 0.016934, 0.038887, Iris-setosa
4.80, 3.00, 1.40, 0.30, 0.973204, 0.008305, 0.018491, Iris-setosa
5.10, 3.80, 1.60, 0.20, 0.975757, 0.007695, 0.016549, Iris-setosa
4.60, 3.20, 1.40, 0.20, 0.974773, 0.007954, 0.017274, Iris-setosa
5.30, 3.70, 1.50, 0.20, 0.976397, 0.007523, 0.016080, Iris-setosa
5.00, 3.30, 1.40, 0.20, 0.997361, 0.000829, 0.001810, Iris-setosa
7.00, 3.20, 4.70, 1.40, 0.044597, 0.501049, 0.454354, Iris-versicolor
6.40, 3.20, 4.50, 1.50, 0.029167, 0.206688, 0.764146, Iris-versicolor
6.90, 3.10, 4.90, 1.50, 0.031286, 0.599861, 0.368853, Iris-versicolor
5.50, 2.30, 4.00, 1.30, 0.049555, 0.080503, 0.869942, Iris-versicolor
6.50, 2.80, 4.60, 1.50, 0.024125, 0.217018, 0.758858, Iris-versicolor
5.70, 2.80, 4.50, 1.30, 0.005754, 0.020475, 0.973771, Iris-versicolor
6.30, 3.30, 4.70, 1.60, 0.029797, 0.297066, 0.673137, Iris-versicolor
4.90, 2.40, 3.30, 1.00, 0.286396, 0.132138, 0.581466, Iris-versicolor
6.60, 2.90, 4.60, 1.30, 0.031256, 0.247615, 0.721129, Iris-versicolor
5.20, 2.70, 3.90, 1.40, 0.075002, 0.094747, 0.830251, Iris-versicolor
5.00, 2.00, 3.50, 1.00, 0.219442, 0.144935, 0.635623, Iris-versicolor
5.90, 3.00, 4.20, 1.50, 0.009198, 0.028735, 0.962067, Iris-versicolor
6.00, 2.20, 4.00, 1.00, 0.055846, 0.101151, 0.843003, Iris-versicolor
6.10, 2.90, 4.70, 1.40, 0.012114, 0.088126, 0.899760, Iris-versicolor
5.60, 2.90, 3.60, 1.30, 0.091906, 0.092216, 0.815879, Iris-versicolor
6.70, 3.10, 4.40, 1.40, 0.041741, 0.268289, 0.689969, Iris-versicolor
5.60, 3.00, 4.50, 1.50, 0.014173, 0.052678, 0.933149, Iris-versicolor
5.80, 2.70, 4.10, 1.00, 0.025986, 0.048413, 0.925601, Iris-versicolor
6.20, 2.20, 4.50, 1.50, 0.027207, 0.137411, 0.835381, Iris-versicolor
5.60, 2.50, 3.90, 1.10, 0.051773, 0.070825, 0.877402, Iris-versicolor
5.90, 3.20, 4.80, 1.80, 0.027623, 0.250643, 0.721734, Iris-versicolor
6.10, 2.80, 4.00, 1.30, 0.019541, 0.046248, 0.934211, Iris-versicolor
6.30, 2.50, 4.90, 1.50, 0.024001, 0.270479, 0.705520, Iris-versicolor
6.10, 2.80, 4.70, 1.20, 0.013943, 0.083250, 0.902807, Iris-versicolor
6.40, 2.90, 4.30, 1.30, 0.022925, 0.101117, 0.875958, Iris-versicolor
6.60, 3.00, 4.40, 1.40, 0.033961, 0.211165, 0.754874, Iris-versicolor
6.80, 2.80, 4.80, 1.40, 0.033638, 0.442595, 0.523767, Iris-versicolor
6.70, 3.00, 5.00, 1.70, 0.021200, 0.672380, 0.306420, Iris-versicolor
6.00, 2.90, 4.50, 1.50, 0.004930, 0.026122, 0.968947, Iris-versicolor
5.70, 2.60, 3.50, 1.00, 0.128829, 0.104657, 0.766514, Iris-versicolor
5.50, 2.40, 3.80, 1.10, 0.078141, 0.089929, 0.831929, Iris-versicolor
5.50, 2.40, 3.70, 1.00, 0.104236, 0.100762, 0.795002, Iris-versicolor
5.80, 2.70, 3.90, 1.20, 0.031096, 0.050354, 0.918549, Iris-versicolor
6.00, 2.70, 5.10, 1.60, 0.023995, 0.319608, 0.656397, Iris-versicolor
5.40, 3.00, 4.50, 1.50, 0.026426, 0.082474, 0.891100, Iris-versicolor
6.00, 3.40, 4.50, 1.60, 0.032142, 0.170623, 0.797235, Iris-versicolor
6.70, 3.10, 4.70, 1.50, 0.033470, 0.410984, 0.555546, Iris-versicolor
6.30, 2.30, 4.40, 1.30, 0.026927, 0.115462, 0.857611, Iris-versicolor
5.60, 3.00, 4.10, 1.30, 0.024154, 0.047024, 0.928821, Iris-versicolor
5.50, 2.50, 4.00, 1.30, 0.038335, 0.062442, 0.899224, Iris-versicolor
5.50, 2.60, 4.40, 1.20, 0.019700, 0.049277, 0.931023, Iris-versicolor
6.10, 3.00, 4.60, 1.40, 0.011614, 0.072621, 0.915765, Iris-versicolor
5.80, 2.60, 4.00, 1.20, 0.022609, 0.041841, 0.935550, Iris-versicolor
5.00, 2.30, 3.30, 1.00, 0.270150, 0.132576, 0.597274, Iris-versicolor
5.60, 2.70, 4.20, 1.30, 0.012735, 0.028495, 0.958771, Iris-versicolor
5.70, 3.00, 4.20, 1.20, 0.016825, 0.037704, 0.945471, Iris-versicolor
5.70, 2.90, 4.20, 1.30, 0.009609, 0.023047, 0.967344, Iris-versicolor
6.20, 2.90, 4.30, 1.30, 0.011413, 0.044682, 0.943904, Iris-versicolor
5.10, 2.50, 3.00, 1.10, 0.356814, 0.124277, 0.518910, Iris-versicolor
5.70, 2.80, 4.10, 1.30, 0.012741, 0.026785, 0.960474, Iris-versicolor
6.30, 3.30, 6.00, 2.50, 0.019364, 0.859879, 0.120757, Iris-virginica
5.80, 2.70, 5.10, 1.90, 0.029328, 0.355056, 0.615616, Iris-virginica
7.10, 3.00, 5.90, 2.10, 0.006080, 0.955753, 0.038167, Iris-virginica
6.30, 2.90, 5.60, 1.80, 0.012534, 0.845499, 0.141967, Iris-virginica
6.50, 3.00, 5.80, 2.20, 0.004757, 0.957601, 0.037643, Iris-virginica
7.60, 3.00, 6.60, 2.10, 0.035478, 0.811821, 0.152701, Iris-virginica
4.90, 2.50, 4.50, 1.70, 0.073149, 0.167069, 0.759782, Iris-virginica
7.30, 2.90, 6.30, 1.80, 0.021914, 0.862918, 0.115168, Iris-virginica
6.70, 2.50, 5.80, 1.80, 0.014009, 0.868623, 0.117368, Iris-virginica
7.20, 3.60, 6.10, 2.50, 0.024419, 0.860966, 0.114615, Iris-virginica
6.50, 3.20, 5.10, 2.00, 0.016769, 0.773304, 0.209927, Iris-virginica
6.40, 2.70, 5.30, 1.90, 0.015769, 0.761057, 0.223173, Iris-virginica
6.80, 3.00, 5.50, 2.10, 0.001167, 0.988816, 0.010017, Iris-virginica
5.70, 2.50, 5.00, 2.00, 0.034412, 0.305641, 0.659947, Iris-virginica
5.80, 2.80, 5.10, 2.40, 0.038400, 0.500595, 0.461005, Iris-virginica
6.40, 3.20, 5.30, 2.30, 0.014066, 0.849854, 0.136080, Iris-virginica
6.50, 3.00, 5.50, 1.80, 0.007165, 0.913207, 0.079628, Iris-virginica
7.70, 3.80, 6.70, 2.20, 0.050590, 0.763561, 0.185849, Iris-virginica
7.70, 2.60, 6.90, 2.30, 0.049214, 0.757508, 0.193278, Iris-virginica
6.00, 2.20, 5.00, 1.50, 0.032249, 0.257053, 0.710699, Iris-virginica
6.90, 3.20, 5.70, 2.30, 0.003829, 0.970465, 0.025706, Iris-virginica
5.60, 2.80, 4.90, 2.00, 0.033675, 0.259356, 0.706969, Iris-virginica
7.70, 2.80, 6.70, 2.00, 0.041997, 0.783148, 0.174855, Iris-virginica
6.30, 2.70, 4.90, 1.80, 0.022820, 0.381319, 0.595861, Iris-virginica
6.70, 3.30, 5.70, 2.10, 0.002914, 0.975339, 0.021747, Iris-virginica
7.20, 3.20, 6.00, 1.80, 0.012915, 0.911891, 0.075193, Iris-virginica
6.20, 2.80, 4.80, 1.80, 0.020990, 0.271117, 0.707893, Iris-virginica
6.10, 3.00, 4.90, 1.80, 0.023100, 0.329879, 0.647021, Iris-virginica
6.40, 2.80, 5.60, 2.10, 0.008363, 0.908629, 0.083008, Iris-virginica
7.20, 3.00, 5.80, 1.60, 0.014457, 0.890761, 0.094782, Iris-virginica
7.40, 2.80, 6.10, 1.90, 0.019802, 0.872722, 0.107476, Iris-virginica
7.90, 3.80, 6.40, 2.00, 0.050904, 0.760067, 0.189028, Iris-virginica
6.40, 2.80, 5.60, 2.20, 0.008962, 0.906191, 0.084847, Iris-virginica
6.30, 2.80, 5.10, 1.50, 0.023409, 0.436269, 0.540322, Iris-virginica
6.10, 2.60, 5.60, 1.40, 0.031223, 0.576008, 0.392769, Iris-virginica
7.70, 3.00, 6.10, 2.30, 0.028676, 0.839521, 0.131803, Iris-virginica
6.30, 3.40, 5.60, 2.40, 0.017228, 0.854060, 0.128712, Iris-virginica
6.40, 3.10, 5.50, 1.80, 0.009788, 0.880125, 0.110087, Iris-virginica
6.00, 3.00, 4.80, 1.80, 0.021731, 0.228264, 0.750005, Iris-virginica
6.90, 3.10, 5.40, 2.10, 0.003491, 0.967541, 0.028968, Iris-virginica
6.70, 3.10, 5.60, 2.40, 0.005079, 0.957240, 0.037681, Iris-virginica
6.90, 3.10, 5.10, 2.30, 0.015407, 0.855086, 0.129506, Iris-virginica
5.80, 2.70, 5.10, 1.90, 0.029328, 0.355056, 0.615616, Iris-virginica
6.80, 3.20, 5.90, 2.30, 0.005252, 0.961006, 0.033742, Iris-virginica
6.70, 3.30, 5.70, 2.50, 0.009703, 0.927107, 0.063190, Iris-virginica
6.70, 3.00, 5.20, 2.30, 0.011267, 0.882337, 0.106396, Iris-virginica
6.30, 2.50, 5.00, 1.90, 0.025827, 0.466590, 0.507584, Iris-virginica
6.50, 3.00, 5.20, 2.00, 0.012119, 0.831428, 0.156453, Iris-virginica
6.20, 3.40, 5.40, 2.30, 0.021584, 0.789361, 0.189055, Iris-virginica
5.90, 3.00, 5.10, 1.80, 0.026936, 0.391207, 0.581857, Iris-virginica
