% Title: Title
%
% Centers:
% 	5.003561 3.403039 1.484995 0.251538 
% 	5.889122 2.761207 4.364141 1.397388 
% 	6.775024 3.052403 5.646797 2.053563 
%

@RELATION

@ATTRIBUTE Attribute0 	 REAL
@ATTRIBUTE Attribute1 	 REAL
@ATTRIBUTE Attribute2 	 REAL
@ATTRIBUTE Attribute3 	 REAL
@ATTRIBUTE MU 	 FUZZY {Zhluk0, Zhluk1, Zhluk2}
@ATTRIBUTE class 	 {Iris-setosa, Iris-versicolor, Iris-virginica}

@DATA
5.10, 3.50, 1.40, 0.20, 0.996336, 0.002501, 0.001163, Iris-setosa
4.90, 3.00, 1.40, 0.20, 0.976954, 0.015889, 0.007156, Iris-setosa
4.70, 3.20, 1.30, 0.20, 0.980310, 0.013429, 0.006261, Iris-setosa
4.60, 3.10, 1.50, 0.20, 0.968313, 0.021853, 0.009834, Iris-setosa
5.00, 3.60, 1.40, 0.20, 0.993927, 0.004131, 0.001942, Iris-setosa
5.40, 3.90, 1.70, 0.40, 0.933144, 0.045785, 0.021072, Iris-setosa
4.60, 3.40, 1.40, 0.30, 0.979488, 0.014006, 0.006506, Iris-setosa
5.00, 3.40, 1.50, 0.20, 0.999611, 0.000268, 0.000121, Iris-setosa
4.40, 2.90, 1.40, 0.20, 0.931559, 0.046908, 0.021533, Iris-setosa
4.90, 3.10, 1.50, 0.10, 0.983691, 0.011267, 0.005043, Iris-setosa
5.40, 3.70, 1.50, 0.20, 0.967215, 0.022319, 0.010466, Iris-setosa
4.80, 3.40, 1.60, 0.20, 0.992281, 0.005332, 0.002387, Iris-setosa
4.80, 3.00, 1.40, 0.10, 0.971748, 0.019421, 0.008832, Iris-setosa
4.30, 3.00, 1.10, 0.10, 0.923699, 0.051302, 0.024999, Iris-setosa
5.80, 4.00, 1.20, 0.20, 0.888399, 0.073503, 0.038097, Iris-setosa
5.70, 4.40, 1.50, 0.40, 0.839276, 0.105707, 0.055016, Iris-setosa
5.40, 3.90, 1.30, 0.40, 0.945518, 0.036521, 0.017960, Iris-setosa
5.10, 3.50, 1.40, 0.30, 0.996307, 0.002524, 0.001168, Iris-setosa
5.70, 3.80, 1.70, 0.30, 0.903065, 0.066287, 0.030648, Iris-setosa
5.10, 3.80, 1.50, 0.30, 0.978069, 0.014919, 0.007012, Iris-setosa
5.40, 3.40, 1.70, 0.20, 0.968756, 0.021749, 0.009495, Iris-setosa
5.10, 3.70, 1.50, 0.40, 0.983902, 0.011010, 0.005089, Iris-setosa
4.60, 3.60, 1.00, 0.20, 0.958130, 0.027859, 0.014010, Iris-setosa
5.10, 3.30, 1.70, 0.50, 0.979780, 0.014213, 0.006007, Iris-setosa
4.80, 3.40, 1.90, 0.20, 0.967269, 0.022996, 0.009735, Iris-setosa
5.00, 3.00, 1.60, 0.20, 0.974905, 0.017524, 0.007571, Iris-setosa
5.00, 3.40, 1.60, 0.40, 0.994861, 0.003570, 0.001569, Iris-setosa
5.20, 3.50, 1.50, 0.20, 0.993093, 0.004740, 0.002167, Iris-setosa
5.20, 3.40, 1.40, 0.20, 0.993660, 0.004339, 0.002001, Iris-setosa
4.70, 3.20, 1.60, 0.20, 0.980240, 0.013699, 0.006061, Iris-setosa
4.80, 3.10, 1.60, 0.20, 0.979752, 0.014086, 0.006162, Iris-setosa
5.40, 3.40, 1.50, 0.40, 0.974274, 0.017758, 0.007968, Iris-setosa
5.20, 4.10, 1.50, 0.10, 0.936928, 0.042210, 0.020862, Iris-setosa
5.50, 4.20, 1.40, 0.20, 0.902386, 0.064662, 0.032952, Iris-setosa
4.90, 3.10, 1.50, 0.10, 0.983691, 0.011267, 0.005043, Iris-setosa
5.00, 3.20, 1.20, 0.20, 0.985406, 0.009920, 0.004673, Iris-setosa
5.50, 3.50, 1.30, 0.20, 0.963827, 0.024493, 0.011680, Iris-setosa
4.90, 3.10, 1.50, 0.10, 0.983691, 0.011267, 0.005043, Iris-setosa
4.40, 3.00, 1.30, 0.20, 0.940572, 0.040477, 0.018951, Iris-setosa
5.10, 3.40, 1.50, 0.20, 0.998342, 0.001141, 0.000517, Iris-setosa
5.00, 3.50, 1.30, 0.30, 0.994361, 0.003833, 0.001806, Iris-setosa
4.50, 2.30, 1.30, 0.30, 0.852732, 0.100898, 0.046370, Iris-setosa
4.40, 3.20, 1.30, 0.20, 0.953073, 0.031864, 0.015063, Iris-setosa
5.00, 3.50, 1.60, 0.60, 0.978872, 0.014671, 0.006457, Iris-setosa
5.10, 3.80, 1.90, 0.40, 0.944177, 0.038889, 0.016934, Iris-setosa
4.80, 3.00, 1.40, 0.30, 0.973202, 0.018493, 0.008305, Iris-setosa
5.10, 3.80, 1.60, 0.20, 0.975756, 0.016549, 0.007695, Iris-setosa
4.60, 3.20, 1.40, 0.20, 0.974772, 0.017275, 0.007954, Iris-setosa
5.30, 3.70, 1.50, 0.20, 0.976397, 0.016081, 0.007523, Iris-setosa
5.00, 3.30, 1.40, 0.20, 0.997361, 0.001810, 0.000829, Iris-setosa
7.00, 3.20, 4.70, 1.40, 0.044601, 0.454313, 0.501087, Iris-versicolor
6.40, 3.20, 4.50, 1.50, 0.029173, 0.764100, 0.206727, Iris-versicolor
6.90, 3.10, 4.90, 1.50, 0.031288, 0.368811, 0.599901, Iris-versicolor
5.50, 2.30, 4.00, 1.30, 0.049541, 0.869981, 0.080477, Iris-versicolor
6.50, 2.80, 4.60, 1.50, 0.024131, 0.758803, 0.217065, Iris-versicolor
5.70, 2.80, 4.50, 1.30, 0.005753, 0.973777, 0.020470, Iris-versicolor
6.30, 3.30, 4.70, 1.60, 0.029803, 0.673088, 0.297109, Iris-versicolor
4.90, 2.40, 3.30, 1.00, 0.286368, 0.581510, 0.132122, Iris-versicolor
6.60, 2.90, 4.60, 1.30, 0.031263, 0.721080, 0.247657, Iris-versicolor
5.20, 2.70, 3.90, 1.40, 0.074984, 0.830295, 0.094722, Iris-versicolor
5.00, 2.00, 3.50, 1.00, 0.219419, 0.635664, 0.144916, Iris-versicolor
5.90, 3.00, 4.20, 1.50, 0.009197, 0.962070, 0.028733, Iris-versicolor
6.00, 2.20, 4.00, 1.00, 0.055838, 0.843028, 0.101135, Iris-versicolor
6.10, 2.90, 4.70, 1.40, 0.012120, 0.899714, 0.088166, Iris-versicolor
5.60, 2.90, 3.60, 1.30, 0.091887, 0.815919, 0.092194, Iris-versicolor
6.70, 3.10, 4.40, 1.40, 0.041748, 0.689929, 0.268323, Iris-versicolor
5.60, 3.00, 4.50, 1.50, 0.014173, 0.933153, 0.052674, Iris-versicolor
5.80, 2.70, 4.10, 1.00, 0.025977, 0.925627, 0.048396, Iris-versicolor
6.20, 2.20, 4.50, 1.50, 0.027209, 0.835373, 0.137418, Iris-versicolor
5.60, 2.50, 3.90, 1.10, 0.051757, 0.877442, 0.070801, Iris-versicolor
5.90, 3.20, 4.80, 1.80, 0.027628, 0.721703, 0.250669, Iris-versicolor
6.10, 2.80, 4.00, 1.30, 0.019538, 0.934222, 0.046240, Iris-versicolor
6.30, 2.50, 4.90, 1.50, 0.024006, 0.705474, 0.270520, Iris-versicolor
6.10, 2.80, 4.70, 1.20, 0.013948, 0.902775, 0.083278, Iris-versicolor
6.40, 2.90, 4.30, 1.30, 0.022930, 0.875932, 0.101138, Iris-versicolor
6.60, 3.00, 4.40, 1.40, 0.033968, 0.754833, 0.211199, Iris-versicolor
6.80, 2.80, 4.80, 1.40, 0.033642, 0.523718, 0.442640, Iris-versicolor
6.70, 3.00, 5.00, 1.70, 0.021203, 0.306385, 0.672412, Iris-versicolor
6.00, 2.90, 4.50, 1.50, 0.004935, 0.968921, 0.026144, Iris-versicolor
5.70, 2.60, 3.50, 1.00, 0.128807, 0.766555, 0.104637, Iris-versicolor
5.50, 2.40, 3.80, 1.10, 0.078122, 0.831973, 0.089905, Iris-versicolor
5.50, 2.40, 3.70, 1.00, 0.104215, 0.795046, 0.100739, Iris-versicolor
5.80, 2.70, 3.90, 1.20, 0.031085, 0.918581, 0.050334, Iris-versicolor
6.00, 2.70, 5.10, 1.60, 0.023999, 0.656359, 0.319641, Iris-versicolor
5.40, 3.00, 4.50, 1.50, 0.026423, 0.891116, 0.082461, Iris-versicolor
6.00, 3.40, 4.50, 1.60, 0.032147, 0.797211, 0.170642, Iris-versicolor
6.70, 3.10, 4.70, 1.50, 0.033475, 0.555494, 0.411031, Iris-versicolor
6.30, 2.30, 4.40, 1.30, 0.026929, 0.857602, 0.115468, Iris-versicolor
5.60, 3.00, 4.10, 1.30, 0.024146, 0.928848, 0.047006, Iris-versicolor
5.50, 2.50, 4.00, 1.30, 0.038320, 0.899263, 0.062416, Iris-versicolor
5.50, 2.60, 4.40, 1.20, 0.019693, 0.931050, 0.049258, Iris-versicolor
6.10, 3.00, 4.60, 1.40, 0.011620, 0.915725, 0.072655, Iris-versicolor
5.80, 2.60, 4.00, 1.20, 0.022599, 0.935580, 0.041821, Iris-versicolor
5.00, 2.30, 3.30, 1.00, 0.270122, 0.597318, 0.132560, Iris-versicolor
5.60, 2.70, 4.20, 1.30, 0.012726, 0.958799, 0.028475, Iris-versicolor
5.70, 3.00, 4.20, 1.20, 0.016820, 0.945490, 0.037690, Iris-versicolor
5.70, 2.90, 4.20, 1.30, 0.009603, 0.967364, 0.023032, Iris-versicolor
6.20, 2.90, 4.30, 1.30, 0.011417, 0.943887, 0.044695, Iris-versicolor
5.10, 2.50, 3.00, 1.10, 0.356785, 0.518951, 0.124264, Iris-versicolor
5.70, 2.80, 4.10, 1.30, 0.012733, 0.960500, 0.026767, Iris-versicolor
6.30, 3.30, 6.00, 2.50, 0.019365, 0.120752, 0.859883, Iris-virginica
5.80, 2.70, 5.10, 1.90, 0.029331, 0.615598, 0.355071, Iris-virginica
7.10, 3.00, 5.90, 2.10, 0.006079, 0.038153, 0.955768, Iris-virginica
6.30, 2.90, 5.60, 1.80, 0.012536, 0.141965, 0.845499, Iris-virginica
6.50, 3.00, 5.80, 2.20, 0.004757, 0.037645, 0.957598, Iris-virginica
7.60, 3.00, 6.60, 2.10, 0.035476, 0.152680, 0.811844, Iris-virginica
4.90, 2.50, 4.50, 1.70, 0.073142, 0.759811, 0.167047, Iris-virginica
7.30, 2.90, 6.30, 1.80, 0.021912, 0.115146, 0.862942, Iris-virginica
6.70, 2.50, 5.80, 1.80, 0.014009, 0.117355, 0.868636, Iris-virginica
7.20, 3.60, 6.10, 2.50, 0.024417, 0.114598, 0.860984, Iris-virginica
6.50, 3.20, 5.10, 2.00, 0.016771, 0.209917, 0.773312, Iris-virginica
6.40, 2.70, 5.30, 1.90, 0.015772, 0.223165, 0.761064, Iris-virginica
6.80, 3.00, 5.50, 2.10, 0.001167, 0.010018, 0.988815, Iris-virginica
5.70, 2.50, 5.00, 2.00, 0.034415, 0.659941, 0.305645, Iris-virginica
5.80, 2.80, 5.10, 2.40, 0.038404, 0.461001, 0.500595, Iris-virginica
6.40, 3.20, 5.30, 2.30, 0.014068, 0.136083, 0.849849, Iris-virginica
6.50, 3.00, 5.50, 1.80, 0.007166, 0.079629, 0.913205, Iris-virginica
7.70, 3.80, 6.70, 2.20, 0.050588, 0.185829, 0.763583, Iris-virginica
7.70, 2.60, 6.90, 2.30, 0.049213, 0.193258, 0.757529, Iris-virginica
6.00, 2.20, 5.00, 1.50, 0.032252, 0.710683, 0.257065, Iris-virginica
6.90, 3.20, 5.70, 2.30, 0.003829, 0.025700, 0.970471, Iris-virginica
5.60, 2.80, 4.90, 2.00, 0.033678, 0.706963, 0.259359, Iris-virginica
7.70, 2.80, 6.70, 2.00, 0.041995, 0.174834, 0.783171, Iris-virginica
6.30, 2.70, 4.90, 1.80, 0.022825, 0.595813, 0.381363, Iris-virginica
6.70, 3.30, 5.70, 2.10, 0.002914, 0.021745, 0.975341, Iris-virginica
7.20, 3.20, 6.00, 1.80, 0.012913, 0.075173, 0.911914, Iris-virginica
6.20, 2.80, 4.80, 1.80, 0.020996, 0.707840, 0.271164, Iris-virginica
6.10, 3.00, 4.90, 1.80, 0.023105, 0.646974, 0.329921, Iris-virginica
6.40, 2.80, 5.60, 2.10, 0.008365, 0.083013, 0.908622, Iris-virginica
7.20, 3.00, 5.80, 1.60, 0.014455, 0.094759, 0.890786, Iris-virginica
7.40, 2.80, 6.10, 1.90, 0.019800, 0.107454, 0.872746, Iris-virginica
7.90, 3.80, 6.40, 2.00, 0.050902, 0.189006, 0.760092, Iris-virginica
6.40, 2.80, 5.60, 2.20, 0.008964, 0.084852, 0.906184, Iris-virginica
6.30, 2.80, 5.10, 1.50, 0.023414, 0.540272, 0.436315, Iris-virginica
6.10, 2.60, 5.60, 1.40, 0.031225, 0.392748, 0.576027, Iris-virginica
7.70, 3.00, 6.10, 2.30, 0.028674, 0.131781, 0.839545, Iris-virginica
6.30, 3.40, 5.60, 2.40, 0.017230, 0.128711, 0.854059, Iris-virginica
6.40, 3.10, 5.50, 1.80, 0.009789, 0.110087, 0.880124, Iris-virginica
6.00, 3.00, 4.80, 1.80, 0.021736, 0.749963, 0.228301, Iris-virginica
6.90, 3.10, 5.40, 2.10, 0.003491, 0.028964, 0.967545, Iris-virginica
6.70, 3.10, 5.60, 2.40, 0.005080, 0.037681, 0.957239, Iris-virginica
6.90, 3.10, 5.10, 2.30, 0.015408, 0.129496, 0.855095, Iris-virginica
5.80, 2.70, 5.10, 1.90, 0.029331, 0.615598, 0.355071, Iris-virginica
6.80, 3.20, 5.90, 2.30, 0.005251, 0.033736, 0.961013, Iris-virginica
6.70, 3.30, 5.70, 2.50, 0.009704, 0.063186, 0.927111, Iris-virginica
6.70, 3.00, 5.20, 2.30, 0.011268, 0.106395, 0.882337, Iris-virginica
6.30, 2.50, 5.00, 1.90, 0.025831, 0.507553, 0.466617, Iris-virginica
6.50, 3.00, 5.20, 2.00, 0.012121, 0.156451, 0.831428, Iris-virginica
6.20, 3.40, 5.40, 2.30, 0.021586, 0.189054, 0.789360, Iris-virginica
5.90, 3.00, 5.10, 1.80, 0.026940, 0.581828, 0.391231, Iris-virginica
