% Title: Title
%
% Centers:
% 	6.775202 3.052455 5.647019 2.053650 
% 	5.003562 3.403032 1.485008 0.251544 
% 	5.889273 2.761261 4.364360 1.397500 
%

@RELATION

@ATTRIBUTE Attribute0 	 REAL
@ATTRIBUTE Attribute1 	 REAL
@ATTRIBUTE Attribute2 	 REAL
@ATTRIBUTE Attribute3 	 REAL
@ATTRIBUTE MU 	 FUZZY {Zhluk0, Zhluk1, Zhluk2}
@ATTRIBUTE class 	 {Iris-setosa, Iris-versicolor, Iris-virginica}

@DATA
5.10, 3.50, 1.40, 0.20, 0.001163, 0.996336, 0.002501, Iris-setosa
4.90, 3.00, 1.40, 0.20, 0.007155, 0.976960, 0.015885, Iris-setosa
4.70, 3.20, 1.30, 0.20, 0.006260, 0.980314, 0.013426, Iris-setosa
4.60, 3.10, 1.50, 0.20, 0.009832, 0.968321, 0.021847, Iris-setosa
5.00, 3.60, 1.40, 0.20, 0.001942, 0.993927, 0.004131, Iris-setosa
5.40, 3.90, 1.70, 0.40, 0.021068, 0.933157, 0.045775, Iris-setosa
4.60, 3.40, 1.40, 0.30, 0.006505, 0.979492, 0.014003, Iris-setosa
5.00, 3.40, 1.50, 0.20, 0.000121, 0.999611, 0.000268, Iris-setosa
4.40, 2.90, 1.40, 0.20, 0.021530, 0.931574, 0.046897, Iris-setosa
4.90, 3.10, 1.50, 0.10, 0.005042, 0.983695, 0.011263, Iris-setosa
5.40, 3.70, 1.50, 0.20, 0.010464, 0.967221, 0.022315, Iris-setosa
4.80, 3.40, 1.60, 0.20, 0.002386, 0.992283, 0.005331, Iris-setosa
4.80, 3.00, 1.40, 0.10, 0.008830, 0.971754, 0.019415, Iris-setosa
4.30, 3.00, 1.10, 0.10, 0.024995, 0.923713, 0.051291, Iris-setosa
5.80, 4.00, 1.20, 0.20, 0.038093, 0.888415, 0.073492, Iris-setosa
5.70, 4.40, 1.50, 0.40, 0.055010, 0.839298, 0.105693, Iris-setosa
5.40, 3.90, 1.30, 0.40, 0.017958, 0.945526, 0.036515, Iris-setosa
5.10, 3.50, 1.40, 0.30, 0.001168, 0.996308, 0.002524, Iris-setosa
5.70, 3.80, 1.70, 0.30, 0.030643, 0.903084, 0.066273, Iris-setosa
5.10, 3.80, 1.50, 0.30, 0.007011, 0.978072, 0.014916, Iris-setosa
5.40, 3.40, 1.70, 0.20, 0.009493, 0.968764, 0.021743, Iris-setosa
5.10, 3.70, 1.50, 0.40, 0.005088, 0.983905, 0.011008, Iris-setosa
4.60, 3.60, 1.00, 0.20, 0.014009, 0.958136, 0.027855, Iris-setosa
5.10, 3.30, 1.70, 0.50, 0.006006, 0.979787, 0.014207, Iris-setosa
4.80, 3.40, 1.90, 0.20, 0.009733, 0.967279, 0.022988, Iris-setosa
5.00, 3.00, 1.60, 0.20, 0.007569, 0.974913, 0.017518, Iris-setosa
5.00, 3.40, 1.60, 0.40, 0.001568, 0.994863, 0.003569, Iris-setosa
5.20, 3.50, 1.50, 0.20, 0.002167, 0.993094, 0.004739, Iris-setosa
5.20, 3.40, 1.40, 0.20, 0.002001, 0.993661, 0.004338, Iris-setosa
4.70, 3.20, 1.60, 0.20, 0.006060, 0.980246, 0.013695, Iris-setosa
4.80, 3.10, 1.60, 0.20, 0.006161, 0.979758, 0.014081, Iris-setosa
5.40, 3.40, 1.50, 0.40, 0.007966, 0.974281, 0.017753, Iris-setosa
5.20, 4.10, 1.50, 0.10, 0.020860, 0.936937, 0.042203, Iris-setosa
5.50, 4.20, 1.40, 0.20, 0.032948, 0.902400, 0.064652, Iris-setosa
4.90, 3.10, 1.50, 0.10, 0.005042, 0.983695, 0.011263, Iris-setosa
5.00, 3.20, 1.20, 0.20, 0.004673, 0.985409, 0.009918, Iris-setosa
5.50, 3.50, 1.30, 0.20, 0.011679, 0.963833, 0.024488, Iris-setosa
4.90, 3.10, 1.50, 0.10, 0.005042, 0.983695, 0.011263, Iris-setosa
4.40, 3.00, 1.30, 0.20, 0.018948, 0.940584, 0.040468, Iris-setosa
5.10, 3.40, 1.50, 0.20, 0.000517, 0.998343, 0.001141, Iris-setosa
5.00, 3.50, 1.30, 0.30, 0.001806, 0.994361, 0.003833, Iris-setosa
4.50, 2.30, 1.30, 0.30, 0.046363, 0.852762, 0.100875, Iris-setosa
4.40, 3.20, 1.30, 0.20, 0.015060, 0.953083, 0.031857, Iris-setosa
5.00, 3.50, 1.60, 0.60, 0.006456, 0.978878, 0.014667, Iris-setosa
5.10, 3.80, 1.90, 0.40, 0.016930, 0.944191, 0.038879, Iris-setosa
4.80, 3.00, 1.40, 0.30, 0.008303, 0.973209, 0.018488, Iris-setosa
5.10, 3.80, 1.60, 0.20, 0.007693, 0.975760, 0.016546, Iris-setosa
4.60, 3.20, 1.40, 0.20, 0.007952, 0.974777, 0.017270, Iris-setosa
5.30, 3.70, 1.50, 0.20, 0.007522, 0.976401, 0.016078, Iris-setosa
5.00, 3.30, 1.40, 0.20, 0.000829, 0.997361, 0.001810, Iris-setosa
7.00, 3.20, 4.70, 1.40, 0.500842, 0.044601, 0.454557, Iris-versicolor
6.40, 3.20, 4.50, 1.50, 0.206479, 0.029157, 0.764365, Iris-versicolor
6.90, 3.10, 4.90, 1.50, 0.599597, 0.031293, 0.369110, Iris-versicolor
5.50, 2.30, 4.00, 1.30, 0.080524, 0.049590, 0.869885, Iris-versicolor
6.50, 2.80, 4.60, 1.50, 0.216765, 0.024114, 0.759121, Iris-versicolor
5.70, 2.80, 4.50, 1.30, 0.020467, 0.005755, 0.973778, Iris-versicolor
6.30, 3.30, 4.70, 1.60, 0.296768, 0.029791, 0.673441, Iris-versicolor
4.90, 2.40, 3.30, 1.00, 0.132134, 0.286481, 0.581385, Iris-versicolor
6.60, 2.90, 4.60, 1.30, 0.247397, 0.031249, 0.721354, Iris-versicolor
5.20, 2.70, 3.90, 1.40, 0.094764, 0.075047, 0.830190, Iris-versicolor
5.00, 2.00, 3.50, 1.00, 0.144932, 0.219510, 0.635557, Iris-versicolor
5.90, 3.00, 4.20, 1.50, 0.028727, 0.009201, 0.962072, Iris-versicolor
6.00, 2.20, 4.00, 1.00, 0.101160, 0.055874, 0.842967, Iris-versicolor
6.10, 2.90, 4.70, 1.40, 0.087953, 0.012099, 0.899949, Iris-versicolor
5.60, 2.90, 3.60, 1.30, 0.092236, 0.091964, 0.815800, Iris-versicolor
6.70, 3.10, 4.40, 1.40, 0.268106, 0.041737, 0.690157, Iris-versicolor
5.60, 3.00, 4.50, 1.50, 0.052638, 0.014171, 0.933191, Iris-versicolor
5.80, 2.70, 4.10, 1.00, 0.048446, 0.026016, 0.925538, Iris-versicolor
6.20, 2.20, 4.50, 1.50, 0.137310, 0.027202, 0.835488, Iris-versicolor
5.60, 2.50, 3.90, 1.10, 0.070858, 0.051820, 0.877322, Iris-versicolor
5.90, 3.20, 4.80, 1.80, 0.250366, 0.027614, 0.722020, Iris-versicolor
6.10, 2.80, 4.00, 1.30, 0.046260, 0.019556, 0.934184, Iris-versicolor
6.30, 2.50, 4.90, 1.50, 0.270180, 0.023993, 0.705826, Iris-versicolor
6.10, 2.80, 4.70, 1.20, 0.083130, 0.013932, 0.902938, Iris-versicolor
6.40, 2.90, 4.30, 1.30, 0.101033, 0.022919, 0.876048, Iris-versicolor
6.60, 3.00, 4.40, 1.40, 0.210991, 0.033954, 0.755055, Iris-versicolor
6.80, 2.80, 4.80, 1.40, 0.442313, 0.033639, 0.524048, Iris-versicolor
6.70, 3.00, 5.00, 1.70, 0.672014, 0.021213, 0.306773, Iris-versicolor
6.00, 2.90, 4.50, 1.50, 0.026043, 0.004919, 0.969038, Iris-versicolor
5.70, 2.60, 3.50, 1.00, 0.104676, 0.128901, 0.766423, Iris-versicolor
5.50, 2.40, 3.80, 1.10, 0.089955, 0.078196, 0.831849, Iris-versicolor
5.50, 2.40, 3.70, 1.00, 0.100784, 0.104300, 0.794916, Iris-versicolor
5.80, 2.70, 3.90, 1.20, 0.050391, 0.031133, 0.918476, Iris-versicolor
6.00, 2.70, 5.10, 1.60, 0.319254, 0.023989, 0.656757, Iris-versicolor
5.40, 3.00, 4.50, 1.50, 0.082439, 0.026429, 0.891132, Iris-versicolor
6.00, 3.40, 4.50, 1.60, 0.170469, 0.032133, 0.797398, Iris-versicolor
6.70, 3.10, 4.70, 1.50, 0.410685, 0.033470, 0.555845, Iris-versicolor
6.30, 2.30, 4.40, 1.30, 0.115391, 0.026925, 0.857684, Iris-versicolor
5.60, 3.00, 4.10, 1.30, 0.047049, 0.024179, 0.928773, Iris-versicolor
5.50, 2.50, 4.00, 1.30, 0.062473, 0.038371, 0.899157, Iris-versicolor
5.50, 2.60, 4.40, 1.20, 0.049291, 0.019715, 0.930994, Iris-versicolor
6.10, 3.00, 4.60, 1.40, 0.072484, 0.011600, 0.915916, Iris-versicolor
5.80, 2.60, 4.00, 1.20, 0.041878, 0.022640, 0.935482, Iris-versicolor
5.00, 2.30, 3.30, 1.00, 0.132574, 0.270233, 0.597193, Iris-versicolor
5.60, 2.70, 4.20, 1.30, 0.028527, 0.012755, 0.958717, Iris-versicolor
5.70, 3.00, 4.20, 1.20, 0.037726, 0.016843, 0.945431, Iris-versicolor
5.70, 2.90, 4.20, 1.30, 0.023073, 0.009625, 0.967301, Iris-versicolor
6.20, 2.90, 4.30, 1.30, 0.044642, 0.011410, 0.943948, Iris-versicolor
5.10, 2.50, 3.00, 1.10, 0.124269, 0.356905, 0.518826, Iris-versicolor
5.70, 2.80, 4.10, 1.30, 0.026821, 0.012764, 0.960414, Iris-versicolor
6.30, 3.30, 6.00, 2.50, 0.859868, 0.019360, 0.120771, Iris-virginica
5.80, 2.70, 5.10, 1.90, 0.354737, 0.029325, 0.615938, Iris-virginica
7.10, 3.00, 5.90, 2.10, 0.955837, 0.006067, 0.038096, Iris-virginica
6.30, 2.90, 5.60, 1.80, 0.845264, 0.012548, 0.142188, Iris-virginica
6.50, 3.00, 5.80, 2.20, 0.957575, 0.004758, 0.037667, Iris-virginica
7.60, 3.00, 6.60, 2.10, 0.811910, 0.035455, 0.152635, Iris-virginica
4.90, 2.50, 4.50, 1.70, 0.167029, 0.073163, 0.759808, Iris-virginica
7.30, 2.90, 6.30, 1.80, 0.863000, 0.021896, 0.115104, Iris-virginica
6.70, 2.50, 5.80, 1.80, 0.868559, 0.014011, 0.117430, Iris-virginica
7.20, 3.60, 6.10, 2.50, 0.861050, 0.024399, 0.114551, Iris-virginica
6.50, 3.20, 5.10, 2.00, 0.772967, 0.016785, 0.210247, Iris-virginica
6.40, 2.70, 5.30, 1.90, 0.760697, 0.015785, 0.223518, Iris-virginica
6.80, 3.00, 5.50, 2.10, 0.988775, 0.001171, 0.010054, Iris-virginica
5.70, 2.50, 5.00, 2.00, 0.305400, 0.034408, 0.660192, Iris-virginica
5.80, 2.80, 5.10, 2.40, 0.500326, 0.038406, 0.461268, Iris-virginica
6.40, 3.20, 5.30, 2.30, 0.849650, 0.014080, 0.136270, Iris-virginica
6.50, 3.00, 5.50, 1.80, 0.912999, 0.007179, 0.079822, Iris-virginica
7.70, 3.80, 6.70, 2.20, 0.763641, 0.050565, 0.185794, Iris-virginica
7.70, 2.60, 6.90, 2.30, 0.757581, 0.049192, 0.193228, Iris-virginica
6.00, 2.20, 5.00, 1.50, 0.256853, 0.032243, 0.710903, Iris-virginica
6.90, 3.20, 5.70, 2.30, 0.970514, 0.003822, 0.025664, Iris-virginica
5.60, 2.80, 4.90, 2.00, 0.259133, 0.033669, 0.707198, Iris-virginica
7.70, 2.80, 6.70, 2.00, 0.783228, 0.041974, 0.174798, Iris-virginica
6.30, 2.70, 4.90, 1.80, 0.380894, 0.022818, 0.596289, Iris-virginica
6.70, 3.30, 5.70, 2.10, 0.975346, 0.002913, 0.021742, Iris-virginica
7.20, 3.20, 6.00, 1.80, 0.911972, 0.012900, 0.075128, Iris-virginica
6.20, 2.80, 4.80, 1.80, 0.270743, 0.020981, 0.708276, Iris-virginica
6.10, 3.00, 4.90, 1.80, 0.329475, 0.023094, 0.647431, Iris-virginica
6.40, 2.80, 5.60, 2.10, 0.908474, 0.008374, 0.083152, Iris-virginica
7.20, 3.00, 5.80, 1.60, 0.890796, 0.014449, 0.094755, Iris-virginica
7.40, 2.80, 6.10, 1.90, 0.872802, 0.019785, 0.107413, Iris-virginica
7.90, 3.80, 6.40, 2.00, 0.760144, 0.050880, 0.188976, Iris-virginica
6.40, 2.80, 5.60, 2.20, 0.906053, 0.008972, 0.084976, Iris-virginica
6.30, 2.80, 5.10, 1.50, 0.435848, 0.023410, 0.540742, Iris-virginica
6.10, 2.60, 5.60, 1.40, 0.575752, 0.031229, 0.393019, Iris-virginica
7.70, 3.00, 6.10, 2.30, 0.839611, 0.028654, 0.131734, Iris-virginica
6.30, 3.40, 5.60, 2.40, 0.853968, 0.017234, 0.128798, Iris-virginica
6.40, 3.10, 5.50, 1.80, 0.879891, 0.009802, 0.110306, Iris-virginica
6.00, 3.00, 4.80, 1.80, 0.227948, 0.021720, 0.750332, Iris-virginica
6.90, 3.10, 5.40, 2.10, 0.967498, 0.003494, 0.029008, Iris-virginica
6.70, 3.10, 5.60, 2.40, 0.957230, 0.005078, 0.037692, Iris-virginica
6.90, 3.10, 5.10, 2.30, 0.854959, 0.015415, 0.129626, Iris-virginica
5.80, 2.70, 5.10, 1.90, 0.354737, 0.029325, 0.615938, Iris-virginica
6.80, 3.20, 5.90, 2.30, 0.961068, 0.005242, 0.033690, Iris-virginica
6.70, 3.30, 5.70, 2.50, 0.927123, 0.009698, 0.063179, Iris-virginica
6.70, 3.00, 5.20, 2.30, 0.882170, 0.011278, 0.106551, Iris-virginica
6.30, 2.50, 5.00, 1.90, 0.466203, 0.025830, 0.507967, Iris-virginica
6.50, 3.00, 5.20, 2.00, 0.831093, 0.012137, 0.156770, Iris-virginica
6.20, 3.40, 5.40, 2.30, 0.789176, 0.021595, 0.189229, Iris-virginica
5.90, 3.00, 5.10, 1.80, 0.390831, 0.026935, 0.582234, Iris-virginica
