% Title: Title
%
% Centers:
% 	6.775084 3.052423 5.646881 2.053602 
% 	5.889208 2.761238 4.364254 1.397442 
% 	5.003561 3.403035 1.485003 0.251541 
%

@RELATION

@ATTRIBUTE Attribute0 	 REAL
@ATTRIBUTE Attribute1 	 REAL
@ATTRIBUTE Attribute2 	 REAL
@ATTRIBUTE Attribute3 	 REAL
@ATTRIBUTE MU 	 FUZZY {Zhluk0, Zhluk1, Zhluk2}
@ATTRIBUTE class 	 {Iris-setosa, Iris-versicolor, Iris-virginica}

@DATA
5.10, 3.50, 1.40, 0.20, 0.001164, 0.002501, 0.996336, Iris-setosa
4.90, 3.00, 1.40, 0.20, 0.007156, 0.015886, 0.976958, Iris-setosa
4.70, 3.20, 1.30, 0.20, 0.006261, 0.013427, 0.980312, Iris-setosa
4.60, 3.10, 1.50, 0.20, 0.009833, 0.021850, 0.968317, Iris-setosa
5.00, 3.60, 1.40, 0.20, 0.001942, 0.004131, 0.993927, Iris-setosa
5.40, 3.90, 1.70, 0.40, 0.021071, 0.045779, 0.933150, Iris-setosa
4.60, 3.40, 1.40, 0.30, 0.006506, 0.014004, 0.979490, Iris-setosa
5.00, 3.40, 1.50, 0.20, 0.000121, 0.000268, 0.999611, Iris-setosa
4.40, 2.90, 1.40, 0.20, 0.021532, 0.046901, 0.931567, Iris-setosa
4.90, 3.10, 1.50, 0.10, 0.005042, 0.011264, 0.983693, Iris-setosa
5.40, 3.70, 1.50, 0.20, 0.010465, 0.022317, 0.967218, Iris-setosa
4.80, 3.40, 1.60, 0.20, 0.002387, 0.005331, 0.992282, Iris-setosa
4.80, 3.00, 1.40, 0.10, 0.008831, 0.019417, 0.971751, Iris-setosa
4.30, 3.00, 1.10, 0.10, 0.024998, 0.051295, 0.923706, Iris-setosa
5.80, 4.00, 1.20, 0.20, 0.038097, 0.073497, 0.888406, Iris-setosa
5.70, 4.40, 1.50, 0.40, 0.055015, 0.105699, 0.839286, Iris-setosa
5.40, 3.90, 1.30, 0.40, 0.017960, 0.036518, 0.945522, Iris-setosa
5.10, 3.50, 1.40, 0.30, 0.001168, 0.002524, 0.996307, Iris-setosa
5.70, 3.80, 1.70, 0.30, 0.030647, 0.066279, 0.903074, Iris-setosa
5.10, 3.80, 1.50, 0.30, 0.007012, 0.014918, 0.978070, Iris-setosa
5.40, 3.40, 1.70, 0.20, 0.009494, 0.021745, 0.968760, Iris-setosa
5.10, 3.70, 1.50, 0.40, 0.005088, 0.011009, 0.983903, Iris-setosa
4.60, 3.60, 1.00, 0.20, 0.014010, 0.027857, 0.958132, Iris-setosa
5.10, 3.30, 1.70, 0.50, 0.006006, 0.014209, 0.979784, Iris-setosa
4.80, 3.40, 1.90, 0.20, 0.009734, 0.022991, 0.967275, Iris-setosa
5.00, 3.00, 1.60, 0.20, 0.007570, 0.017520, 0.974910, Iris-setosa
5.00, 3.40, 1.60, 0.40, 0.001568, 0.003569, 0.994862, Iris-setosa
5.20, 3.50, 1.50, 0.20, 0.002167, 0.004740, 0.993093, Iris-setosa
5.20, 3.40, 1.40, 0.20, 0.002001, 0.004338, 0.993660, Iris-setosa
4.70, 3.20, 1.60, 0.20, 0.006061, 0.013696, 0.980243, Iris-setosa
4.80, 3.10, 1.60, 0.20, 0.006162, 0.014083, 0.979756, Iris-setosa
5.40, 3.40, 1.50, 0.40, 0.007967, 0.017755, 0.974278, Iris-setosa
5.20, 4.10, 1.50, 0.10, 0.020862, 0.042207, 0.936932, Iris-setosa
5.50, 4.20, 1.40, 0.20, 0.032951, 0.064656, 0.902392, Iris-setosa
4.90, 3.10, 1.50, 0.10, 0.005042, 0.011264, 0.983693, Iris-setosa
5.00, 3.20, 1.20, 0.20, 0.004673, 0.009919, 0.985407, Iris-setosa
5.50, 3.50, 1.30, 0.20, 0.011680, 0.024490, 0.963830, Iris-setosa
4.90, 3.10, 1.50, 0.10, 0.005042, 0.011264, 0.983693, Iris-setosa
4.40, 3.00, 1.30, 0.20, 0.018950, 0.040471, 0.940579, Iris-setosa
5.10, 3.40, 1.50, 0.20, 0.000517, 0.001141, 0.998343, Iris-setosa
5.00, 3.50, 1.30, 0.30, 0.001806, 0.003833, 0.994361, Iris-setosa
4.50, 2.30, 1.30, 0.30, 0.046368, 0.100883, 0.852749, Iris-setosa
4.40, 3.20, 1.30, 0.20, 0.015062, 0.031860, 0.953078, Iris-setosa
5.00, 3.50, 1.60, 0.60, 0.006457, 0.014668, 0.978875, Iris-setosa
5.10, 3.80, 1.90, 0.40, 0.016933, 0.038883, 0.944184, Iris-setosa
4.80, 3.00, 1.40, 0.30, 0.008304, 0.018490, 0.973206, Iris-setosa
5.10, 3.80, 1.60, 0.20, 0.007694, 0.016548, 0.975758, Iris-setosa
4.60, 3.20, 1.40, 0.20, 0.007953, 0.017272, 0.974774, Iris-setosa
5.30, 3.70, 1.50, 0.20, 0.007522, 0.016079, 0.976398, Iris-setosa
5.00, 3.30, 1.40, 0.20, 0.000829, 0.001810, 0.997361, Iris-setosa
7.00, 3.20, 4.70, 1.40, 0.500963, 0.454440, 0.044597, Iris-versicolor
6.40, 3.20, 4.50, 1.50, 0.206600, 0.764239, 0.029161, Iris-versicolor
6.90, 3.10, 4.90, 1.50, 0.599753, 0.368959, 0.031288, Iris-versicolor
5.50, 2.30, 4.00, 1.30, 0.080518, 0.869911, 0.049572, Iris-versicolor
6.50, 2.80, 4.60, 1.50, 0.216912, 0.758969, 0.024119, Iris-versicolor
5.70, 2.80, 4.50, 1.30, 0.020474, 0.973772, 0.005755, Iris-versicolor
6.30, 3.30, 4.70, 1.60, 0.296945, 0.673262, 0.029793, Iris-versicolor
4.90, 2.40, 3.30, 1.00, 0.132141, 0.581425, 0.286435, Iris-versicolor
6.60, 2.90, 4.60, 1.30, 0.247523, 0.721225, 0.031252, Iris-versicolor
5.20, 2.70, 3.90, 1.40, 0.094761, 0.830216, 0.075023, Iris-versicolor
5.00, 2.00, 3.50, 1.00, 0.144939, 0.635588, 0.219474, Iris-versicolor
5.90, 3.00, 4.20, 1.50, 0.028733, 0.962068, 0.009199, Iris-versicolor
6.00, 2.20, 4.00, 1.00, 0.101159, 0.842983, 0.055858, Iris-versicolor
6.10, 2.90, 4.70, 1.40, 0.088051, 0.899842, 0.012106, Iris-versicolor
5.60, 2.90, 3.60, 1.30, 0.092229, 0.815839, 0.091932, Iris-versicolor
6.70, 3.10, 4.40, 1.40, 0.268213, 0.690049, 0.041738, Iris-versicolor
5.60, 3.00, 4.50, 1.50, 0.052665, 0.933163, 0.014172, Iris-versicolor
5.80, 2.70, 4.10, 1.00, 0.048430, 0.925570, 0.025999, Iris-versicolor
6.20, 2.20, 4.50, 1.50, 0.137372, 0.835423, 0.027205, Iris-versicolor
5.60, 2.50, 3.90, 1.10, 0.070844, 0.877361, 0.051795, Iris-versicolor
5.90, 3.20, 4.80, 1.80, 0.250534, 0.721848, 0.027619, Iris-versicolor
6.10, 2.80, 4.00, 1.30, 0.046254, 0.934198, 0.019547, Iris-versicolor
6.30, 2.50, 4.90, 1.50, 0.270359, 0.705644, 0.023997, Iris-versicolor
6.10, 2.80, 4.70, 1.20, 0.083199, 0.902864, 0.013937, Iris-versicolor
6.40, 2.90, 4.30, 1.30, 0.101081, 0.875998, 0.022921, Iris-versicolor
6.60, 3.00, 4.40, 1.40, 0.211092, 0.754951, 0.033957, Iris-versicolor
6.80, 2.80, 4.80, 1.40, 0.442479, 0.523884, 0.033637, Iris-versicolor
6.70, 3.00, 5.00, 1.70, 0.672237, 0.306559, 0.021204, Iris-versicolor
6.00, 2.90, 4.50, 1.50, 0.026087, 0.968988, 0.004925, Iris-versicolor
5.70, 2.60, 3.50, 1.00, 0.104670, 0.766469, 0.128861, Iris-versicolor
5.50, 2.40, 3.80, 1.10, 0.089946, 0.831888, 0.078167, Iris-versicolor
5.50, 2.40, 3.70, 1.00, 0.100776, 0.794958, 0.104266, Iris-versicolor
5.80, 2.70, 3.90, 1.20, 0.050374, 0.918513, 0.031113, Iris-versicolor
6.00, 2.70, 5.10, 1.60, 0.319469, 0.656539, 0.023992, Iris-versicolor
5.40, 3.00, 4.50, 1.50, 0.082465, 0.891107, 0.026428, Iris-versicolor
6.00, 3.40, 4.50, 1.60, 0.170561, 0.797302, 0.032137, Iris-versicolor
6.70, 3.10, 4.70, 1.50, 0.410862, 0.555670, 0.033468, Iris-versicolor
6.30, 2.30, 4.40, 1.30, 0.115434, 0.857640, 0.026926, Iris-versicolor
5.60, 3.00, 4.10, 1.30, 0.047038, 0.928796, 0.024166, Iris-versicolor
5.50, 2.50, 4.00, 1.30, 0.062460, 0.899188, 0.038352, Iris-versicolor
5.50, 2.60, 4.40, 1.20, 0.049288, 0.931005, 0.019707, Iris-versicolor
6.10, 3.00, 4.60, 1.40, 0.072561, 0.915832, 0.011607, Iris-versicolor
5.80, 2.60, 4.00, 1.20, 0.041860, 0.935517, 0.022624, Iris-versicolor
5.00, 2.30, 3.30, 1.00, 0.132580, 0.597232, 0.270188, Iris-versicolor
5.60, 2.70, 4.20, 1.30, 0.028512, 0.958743, 0.012745, Iris-versicolor
5.70, 3.00, 4.20, 1.20, 0.037716, 0.945451, 0.016833, Iris-versicolor
5.70, 2.90, 4.20, 1.30, 0.023060, 0.967323, 0.009617, Iris-versicolor
6.20, 2.90, 4.30, 1.30, 0.044664, 0.943925, 0.011411, Iris-versicolor
5.10, 2.50, 3.00, 1.10, 0.124277, 0.518868, 0.356855, Iris-versicolor
5.70, 2.80, 4.10, 1.30, 0.026804, 0.960445, 0.012752, Iris-versicolor
6.30, 3.30, 6.00, 2.50, 0.859874, 0.120763, 0.019362, Iris-virginica
5.80, 2.70, 5.10, 1.90, 0.354935, 0.615739, 0.029326, Iris-virginica
7.10, 3.00, 5.90, 2.10, 0.955779, 0.038145, 0.006076, Iris-virginica
6.30, 2.90, 5.60, 1.80, 0.845413, 0.142048, 0.012539, Iris-virginica
6.50, 3.00, 5.80, 2.20, 0.957592, 0.037651, 0.004757, Iris-virginica
7.60, 3.00, 6.60, 2.10, 0.811847, 0.152683, 0.035470, Iris-virginica
4.90, 2.50, 4.50, 1.70, 0.167061, 0.759783, 0.073156, Iris-virginica
7.30, 2.90, 6.30, 1.80, 0.862942, 0.115151, 0.021908, Iris-virginica
6.70, 2.50, 5.80, 1.80, 0.868596, 0.117394, 0.014010, Iris-virginica
7.20, 3.60, 6.10, 2.50, 0.860992, 0.114596, 0.024412, Iris-virginica
6.50, 3.20, 5.10, 2.00, 0.773179, 0.210047, 0.016774, Iris-virginica
6.40, 2.70, 5.30, 1.90, 0.760924, 0.223302, 0.015774, Iris-virginica
6.80, 3.00, 5.50, 2.10, 0.988802, 0.010030, 0.001168, Iris-virginica
5.70, 2.50, 5.00, 2.00, 0.305551, 0.660039, 0.034410, Iris-virginica
5.80, 2.80, 5.10, 2.40, 0.500496, 0.461102, 0.038401, Iris-virginica
6.40, 3.20, 5.30, 2.30, 0.849781, 0.136149, 0.014070, Iris-virginica
6.50, 3.00, 5.50, 1.80, 0.913132, 0.079699, 0.007170, Iris-virginica
7.70, 3.80, 6.70, 2.20, 0.763584, 0.185835, 0.050581, Iris-virginica
7.70, 2.60, 6.90, 2.30, 0.757529, 0.193265, 0.049206, Iris-virginica
6.00, 2.20, 5.00, 1.50, 0.256976, 0.710778, 0.032246, Iris-virginica
6.90, 3.20, 5.70, 2.30, 0.970481, 0.025692, 0.003827, Iris-virginica
5.60, 2.80, 4.90, 2.00, 0.259273, 0.707055, 0.033672, Iris-virginica
7.70, 2.80, 6.70, 2.00, 0.783170, 0.174841, 0.041989, Iris-virginica
6.30, 2.70, 4.90, 1.80, 0.381151, 0.596031, 0.022818, Iris-virginica
6.70, 3.30, 5.70, 2.10, 0.975341, 0.021745, 0.002914, Iris-virginica
7.20, 3.20, 6.00, 1.80, 0.911915, 0.075175, 0.012910, Iris-virginica
6.20, 2.80, 4.80, 1.80, 0.270967, 0.708047, 0.020986, Iris-virginica
6.10, 3.00, 4.90, 1.80, 0.329719, 0.647184, 0.023097, Iris-virginica
6.40, 2.80, 5.60, 2.10, 0.908574, 0.083059, 0.008367, Iris-virginica
7.20, 3.00, 5.80, 1.60, 0.890767, 0.094779, 0.014455, Iris-virginica
7.40, 2.80, 6.10, 1.90, 0.872744, 0.107459, 0.019796, Iris-virginica
7.90, 3.80, 6.40, 2.00, 0.760088, 0.189016, 0.050896, Iris-virginica
6.40, 2.80, 5.60, 2.20, 0.906142, 0.084893, 0.008965, Iris-virginica
6.30, 2.80, 5.10, 1.50, 0.436102, 0.540490, 0.023408, Iris-virginica
6.10, 2.60, 5.60, 1.40, 0.575909, 0.392866, 0.031224, Iris-virginica
7.70, 3.00, 6.10, 2.30, 0.839548, 0.131784, 0.028669, Iris-virginica
6.30, 3.40, 5.60, 2.40, 0.854027, 0.128744, 0.017230, Iris-virginica
6.40, 3.10, 5.50, 1.80, 0.880040, 0.110168, 0.009793, Iris-virginica
6.00, 3.00, 4.80, 1.80, 0.228138, 0.750137, 0.021725, Iris-virginica
6.90, 3.10, 5.40, 2.10, 0.967525, 0.028983, 0.003492, Iris-virginica
6.70, 3.10, 5.60, 2.40, 0.957237, 0.037685, 0.005078, Iris-virginica
6.90, 3.10, 5.10, 2.30, 0.855037, 0.129553, 0.015410, Iris-virginica
5.80, 2.70, 5.10, 1.90, 0.354935, 0.615739, 0.029326, Iris-virginica
6.80, 3.20, 5.90, 2.30, 0.961027, 0.033725, 0.005248, Iris-virginica
6.70, 3.30, 5.70, 2.50, 0.927112, 0.063187, 0.009701, Iris-virginica
6.70, 3.00, 5.20, 2.30, 0.882276, 0.106453, 0.011271, Iris-virginica
6.30, 2.50, 5.00, 1.90, 0.466441, 0.507732, 0.025827, Iris-virginica
6.50, 3.00, 5.20, 2.00, 0.831306, 0.156569, 0.012125, Iris-virginica
6.20, 3.40, 5.40, 2.30, 0.789294, 0.189119, 0.021587, Iris-virginica
5.90, 3.00, 5.10, 1.80, 0.391062, 0.582003, 0.026934, Iris-virginica
