% Title: Title
%
% Centers:
% 	5.889081 2.761192 4.364082 1.397357 
% 	6.774975 3.052389 5.646735 2.053539 
% 	5.003561 3.403041 1.484992 0.251537 
%

@RELATION

@ATTRIBUTE Attribute0 	 REAL
@ATTRIBUTE Attribute1 	 REAL
@ATTRIBUTE Attribute2 	 REAL
@ATTRIBUTE Attribute3 	 REAL
@ATTRIBUTE MU 	 FUZZY {Zhluk0, Zhluk1, Zhluk2}
@ATTRIBUTE class 	 {Iris-setosa, Iris-versicolor, Iris-virginica}

@DATA
5.10, 3.50, 1.40, 0.20, 0.002501, 0.001163, 0.996336, Iris-setosa
4.90, 3.00, 1.40, 0.20, 0.015890, 0.007157, 0.976953, Iris-setosa
4.70, 3.20, 1.30, 0.20, 0.013429, 0.006261, 0.980309, Iris-setosa
4.60, 3.10, 1.50, 0.20, 0.021855, 0.009834, 0.968311, Iris-setosa
5.00, 3.60, 1.40, 0.20, 0.004131, 0.001942, 0.993927, Iris-setosa
5.40, 3.90, 1.70, 0.40, 0.045787, 0.021073, 0.933140, Iris-setosa
4.60, 3.40, 1.40, 0.30, 0.014007, 0.006506, 0.979487, Iris-setosa
5.00, 3.40, 1.50, 0.20, 0.000268, 0.000121, 0.999611, Iris-setosa
4.40, 2.90, 1.40, 0.20, 0.046911, 0.021534, 0.931554, Iris-setosa
4.90, 3.10, 1.50, 0.10, 0.011267, 0.005043, 0.983690, Iris-setosa
5.40, 3.70, 1.50, 0.20, 0.022320, 0.010466, 0.967214, Iris-setosa
4.80, 3.40, 1.60, 0.20, 0.005333, 0.002387, 0.992280, Iris-setosa
4.80, 3.00, 1.40, 0.10, 0.019422, 0.008832, 0.971746, Iris-setosa
4.30, 3.00, 1.10, 0.10, 0.051305, 0.025000, 0.923696, Iris-setosa
5.80, 4.00, 1.20, 0.20, 0.073506, 0.038099, 0.888395, Iris-setosa
5.70, 4.40, 1.50, 0.40, 0.105711, 0.055018, 0.839270, Iris-setosa
5.40, 3.90, 1.30, 0.40, 0.036523, 0.017961, 0.945516, Iris-setosa
5.10, 3.50, 1.40, 0.30, 0.002525, 0.001168, 0.996307, Iris-setosa
5.70, 3.80, 1.70, 0.30, 0.066290, 0.030649, 0.903060, Iris-setosa
5.10, 3.80, 1.50, 0.30, 0.014920, 0.007013, 0.978068, Iris-setosa
5.40, 3.40, 1.70, 0.20, 0.021751, 0.009496, 0.968754, Iris-setosa
5.10, 3.70, 1.50, 0.40, 0.011010, 0.005089, 0.983901, Iris-setosa
4.60, 3.60, 1.00, 0.20, 0.027861, 0.014011, 0.958129, Iris-setosa
5.10, 3.30, 1.70, 0.50, 0.014214, 0.006008, 0.979778, Iris-setosa
4.80, 3.40, 1.90, 0.20, 0.022998, 0.009736, 0.967266, Iris-setosa
5.00, 3.00, 1.60, 0.20, 0.017526, 0.007571, 0.974903, Iris-setosa
5.00, 3.40, 1.60, 0.40, 0.003571, 0.001569, 0.994860, Iris-setosa
5.20, 3.50, 1.50, 0.20, 0.004741, 0.002167, 0.993092, Iris-setosa
5.20, 3.40, 1.40, 0.20, 0.004339, 0.002001, 0.993660, Iris-setosa
4.70, 3.20, 1.60, 0.20, 0.013700, 0.006061, 0.980238, Iris-setosa
4.80, 3.10, 1.60, 0.20, 0.014087, 0.006163, 0.979750, Iris-setosa
5.40, 3.40, 1.50, 0.40, 0.017759, 0.007968, 0.974273, Iris-setosa
5.20, 4.10, 1.50, 0.10, 0.042212, 0.020863, 0.936925, Iris-setosa
5.50, 4.20, 1.40, 0.20, 0.064664, 0.032953, 0.902383, Iris-setosa
4.90, 3.10, 1.50, 0.10, 0.011267, 0.005043, 0.983690, Iris-setosa
5.00, 3.20, 1.20, 0.20, 0.009921, 0.004673, 0.985406, Iris-setosa
5.50, 3.50, 1.30, 0.20, 0.024494, 0.011681, 0.963826, Iris-setosa
4.90, 3.10, 1.50, 0.10, 0.011267, 0.005043, 0.983690, Iris-setosa
4.40, 3.00, 1.30, 0.20, 0.040480, 0.018952, 0.940569, Iris-setosa
5.10, 3.40, 1.50, 0.20, 0.001141, 0.000517, 0.998342, Iris-setosa
5.00, 3.50, 1.30, 0.30, 0.003833, 0.001806, 0.994361, Iris-setosa
4.50, 2.30, 1.30, 0.30, 0.100904, 0.046372, 0.852724, Iris-setosa
4.40, 3.20, 1.30, 0.20, 0.031866, 0.015063, 0.953071, Iris-setosa
5.00, 3.50, 1.60, 0.60, 0.014672, 0.006458, 0.978870, Iris-setosa
5.10, 3.80, 1.90, 0.40, 0.038892, 0.016935, 0.944173, Iris-setosa
4.80, 3.00, 1.40, 0.30, 0.018494, 0.008305, 0.973200, Iris-setosa
5.10, 3.80, 1.60, 0.20, 0.016550, 0.007695, 0.975755, Iris-setosa
4.60, 3.20, 1.40, 0.20, 0.017276, 0.007954, 0.974770, Iris-setosa
5.30, 3.70, 1.50, 0.20, 0.016082, 0.007523, 0.976396, Iris-setosa
5.00, 3.30, 1.40, 0.20, 0.001810, 0.000829, 0.997361, Iris-setosa
7.00, 3.20, 4.70, 1.40, 0.454246, 0.501153, 0.044600, Iris-versicolor
6.40, 3.20, 4.50, 1.50, 0.764028, 0.206794, 0.029178, Iris-versicolor
6.90, 3.10, 4.90, 1.50, 0.368730, 0.599984, 0.031287, Iris-versicolor
5.50, 2.30, 4.00, 1.30, 0.870007, 0.080465, 0.049528, Iris-versicolor
6.50, 2.80, 4.60, 1.50, 0.758718, 0.217147, 0.024136, Iris-versicolor
5.70, 2.80, 4.50, 1.30, 0.973777, 0.020471, 0.005752, Iris-versicolor
6.30, 3.30, 4.70, 1.60, 0.672992, 0.297201, 0.029807, Iris-versicolor
4.90, 2.40, 3.30, 1.00, 0.581542, 0.132120, 0.286338, Iris-versicolor
6.60, 2.90, 4.60, 1.30, 0.721006, 0.247728, 0.031266, Iris-versicolor
5.20, 2.70, 3.90, 1.40, 0.830322, 0.094711, 0.074967, Iris-versicolor
5.00, 2.00, 3.50, 1.00, 0.635693, 0.144913, 0.219395, Iris-versicolor
5.90, 3.00, 4.20, 1.50, 0.962069, 0.028734, 0.009197, Iris-versicolor
6.00, 2.20, 4.00, 1.00, 0.843044, 0.101128, 0.055828, Iris-versicolor
6.10, 2.90, 4.70, 1.40, 0.899651, 0.088224, 0.012125, Iris-versicolor
5.60, 2.90, 3.60, 1.30, 0.815950, 0.092184, 0.091866, Iris-versicolor
6.70, 3.10, 4.40, 1.40, 0.689867, 0.268382, 0.041751, Iris-versicolor
5.60, 3.00, 4.50, 1.50, 0.933143, 0.052684, 0.014173, Iris-versicolor
5.80, 2.70, 4.10, 1.00, 0.925651, 0.048382, 0.025967, Iris-versicolor
6.20, 2.20, 4.50, 1.50, 0.835342, 0.137447, 0.027211, Iris-versicolor
5.60, 2.50, 3.90, 1.10, 0.877474, 0.070786, 0.051741, Iris-versicolor
5.90, 3.20, 4.80, 1.80, 0.721616, 0.250752, 0.027632, Iris-versicolor
6.10, 2.80, 4.00, 1.30, 0.934232, 0.046234, 0.019533, Iris-versicolor
6.30, 2.50, 4.90, 1.50, 0.705379, 0.270612, 0.024009, Iris-versicolor
6.10, 2.80, 4.70, 1.20, 0.902730, 0.083317, 0.013952, Iris-versicolor
6.40, 2.90, 4.30, 1.30, 0.875900, 0.101166, 0.022933, Iris-versicolor
6.60, 3.00, 4.40, 1.40, 0.754773, 0.211255, 0.033972, Iris-versicolor
6.80, 2.80, 4.80, 1.40, 0.523628, 0.442729, 0.033643, Iris-versicolor
6.70, 3.00, 5.00, 1.70, 0.306279, 0.672521, 0.021200, Iris-versicolor
6.00, 2.90, 4.50, 1.50, 0.968889, 0.026172, 0.004939, Iris-versicolor
5.70, 2.60, 3.50, 1.00, 0.766590, 0.104627, 0.128782, Iris-versicolor
5.50, 2.40, 3.80, 1.10, 0.832006, 0.089892, 0.078102, Iris-versicolor
5.50, 2.40, 3.70, 1.00, 0.795080, 0.100727, 0.104193, Iris-versicolor
5.80, 2.70, 3.90, 1.20, 0.918609, 0.050319, 0.031072, Iris-versicolor
6.00, 2.70, 5.10, 1.60, 0.656251, 0.319748, 0.024002, Iris-versicolor
5.40, 3.00, 4.50, 1.50, 0.891111, 0.082467, 0.026422, Iris-versicolor
6.00, 3.40, 4.50, 1.60, 0.797160, 0.170689, 0.032151, Iris-versicolor
6.70, 3.10, 4.70, 1.50, 0.555399, 0.411125, 0.033476, Iris-versicolor
6.30, 2.30, 4.40, 1.30, 0.857580, 0.115489, 0.026931, Iris-versicolor
5.60, 3.00, 4.10, 1.30, 0.928868, 0.046995, 0.024137, Iris-versicolor
5.50, 2.50, 4.00, 1.30, 0.899291, 0.062402, 0.038307, Iris-versicolor
5.50, 2.60, 4.40, 1.20, 0.931064, 0.049249, 0.019687, Iris-versicolor
6.10, 3.00, 4.60, 1.40, 0.915673, 0.072702, 0.011625, Iris-versicolor
5.80, 2.60, 4.00, 1.20, 0.935606, 0.041806, 0.022588, Iris-versicolor
5.00, 2.30, 3.30, 1.00, 0.597351, 0.132557, 0.270093, Iris-versicolor
5.60, 2.70, 4.20, 1.30, 0.958821, 0.028461, 0.012718, Iris-versicolor
5.70, 3.00, 4.20, 1.20, 0.945506, 0.037681, 0.016813, Iris-versicolor
5.70, 2.90, 4.20, 1.30, 0.967381, 0.023021, 0.009598, Iris-versicolor
6.20, 2.90, 4.30, 1.30, 0.943871, 0.044710, 0.011419, Iris-versicolor
5.10, 2.50, 3.00, 1.10, 0.518984, 0.124264, 0.356753, Iris-versicolor
5.70, 2.80, 4.10, 1.30, 0.960523, 0.026753, 0.012724, Iris-versicolor
6.30, 3.30, 6.00, 2.50, 0.120747, 0.859887, 0.019366, Iris-virginica
5.80, 2.70, 5.10, 1.90, 0.615505, 0.355162, 0.029333, Iris-virginica
7.10, 3.00, 5.90, 2.10, 0.038170, 0.955748, 0.006082, Iris-virginica
6.30, 2.90, 5.60, 1.80, 0.141903, 0.845564, 0.012533, Iris-virginica
6.50, 3.00, 5.80, 2.20, 0.037639, 0.957604, 0.004757, Iris-virginica
7.60, 3.00, 6.60, 2.10, 0.152693, 0.811825, 0.035482, Iris-virginica
4.90, 2.50, 4.50, 1.70, 0.759811, 0.167052, 0.073137, Iris-virginica
7.30, 2.90, 6.30, 1.80, 0.115159, 0.862925, 0.021916, Iris-virginica
6.70, 2.50, 5.80, 1.80, 0.117335, 0.868657, 0.014009, Iris-virginica
7.20, 3.60, 6.10, 2.50, 0.114612, 0.860966, 0.024422, Iris-virginica
6.50, 3.20, 5.10, 2.00, 0.209826, 0.773406, 0.016767, Iris-virginica
6.40, 2.70, 5.30, 1.90, 0.223067, 0.761165, 0.015768, Iris-virginica
6.80, 3.00, 5.50, 2.10, 0.010008, 0.988826, 0.001166, Iris-virginica
5.70, 2.50, 5.00, 2.00, 0.659871, 0.305712, 0.034416, Iris-virginica
5.80, 2.80, 5.10, 2.40, 0.460927, 0.500670, 0.038403, Iris-virginica
6.40, 3.20, 5.30, 2.30, 0.136031, 0.849904, 0.014065, Iris-virginica
6.50, 3.00, 5.50, 1.80, 0.079576, 0.913261, 0.007163, Iris-virginica
7.70, 3.80, 6.70, 2.20, 0.185839, 0.763567, 0.050594, Iris-virginica
7.70, 2.60, 6.90, 2.30, 0.193267, 0.757514, 0.049218, Iris-virginica
6.00, 2.20, 5.00, 1.50, 0.710623, 0.257123, 0.032254, Iris-virginica
6.90, 3.20, 5.70, 2.30, 0.025710, 0.970459, 0.003831, Iris-virginica
5.60, 2.80, 4.90, 2.00, 0.706898, 0.259422, 0.033680, Iris-virginica
7.70, 2.80, 6.70, 2.00, 0.174844, 0.783155, 0.042001, Iris-virginica
6.30, 2.70, 4.90, 1.80, 0.595683, 0.381491, 0.022826, Iris-virginica
6.70, 3.30, 5.70, 2.10, 0.021746, 0.975339, 0.002915, Iris-virginica
7.20, 3.20, 6.00, 1.80, 0.075187, 0.911897, 0.012917, Iris-virginica
6.20, 2.80, 4.80, 1.80, 0.707722, 0.271279, 0.021000, Iris-virginica
6.10, 3.00, 4.90, 1.80, 0.646850, 0.330042, 0.023108, Iris-virginica
6.40, 2.80, 5.60, 2.10, 0.082974, 0.908664, 0.008362, Iris-virginica
7.20, 3.00, 5.80, 1.60, 0.094761, 0.890782, 0.014457, Iris-virginica
7.40, 2.80, 6.10, 1.90, 0.107466, 0.872729, 0.019804, Iris-virginica
7.90, 3.80, 6.40, 2.00, 0.189015, 0.760076, 0.050908, Iris-virginica
6.40, 2.80, 5.60, 2.20, 0.084818, 0.906221, 0.008961, Iris-virginica
6.30, 2.80, 5.10, 1.50, 0.540143, 0.436442, 0.023414, Iris-virginica
6.10, 2.60, 5.60, 1.40, 0.392674, 0.576102, 0.031224, Iris-virginica
7.70, 3.00, 6.10, 2.30, 0.131795, 0.839526, 0.028679, Iris-virginica
6.30, 3.40, 5.60, 2.40, 0.128687, 0.854084, 0.017229, Iris-virginica
6.40, 3.10, 5.50, 1.80, 0.110027, 0.880188, 0.009786, Iris-virginica
6.00, 3.00, 4.80, 1.80, 0.749862, 0.228397, 0.021741, Iris-virginica
6.90, 3.10, 5.40, 2.10, 0.028952, 0.967558, 0.003490, Iris-virginica
6.70, 3.10, 5.60, 2.40, 0.037679, 0.957242, 0.005080, Iris-virginica
6.90, 3.10, 5.10, 2.30, 0.129461, 0.855133, 0.015406, Iris-virginica
5.80, 2.70, 5.10, 1.90, 0.615505, 0.355162, 0.029333, Iris-virginica
6.80, 3.20, 5.90, 2.30, 0.033749, 0.960997, 0.005254, Iris-virginica
6.70, 3.30, 5.70, 2.50, 0.063188, 0.927107, 0.009705, Iris-virginica
6.70, 3.00, 5.20, 2.30, 0.106352, 0.882383, 0.011266, Iris-virginica
6.30, 2.50, 5.00, 1.90, 0.507439, 0.466730, 0.025831, Iris-virginica
6.50, 3.00, 5.20, 2.00, 0.156363, 0.831520, 0.012117, Iris-virginica
6.20, 3.40, 5.40, 2.30, 0.189006, 0.789410, 0.021584, Iris-virginica
5.90, 3.00, 5.10, 1.80, 0.581717, 0.391341, 0.026942, Iris-virginica
