% Title: Title
%
% Centers:
% 	5.003561 3.403035 1.485003 0.251542 
% 	6.775102 3.052428 5.646902 2.053609 
% 	5.889215 2.761241 4.364268 1.397450 
%

@RELATION

@ATTRIBUTE Attribute0 	 REAL
@ATTRIBUTE Attribute1 	 REAL
@ATTRIBUTE Attribute2 	 REAL
@ATTRIBUTE Attribute3 	 REAL
@ATTRIBUTE MU 	 FUZZY {Zhluk0, Zhluk1, Zhluk2}
@ATTRIBUTE class 	 {Iris-setosa, Iris-versicolor, Iris-virginica}

@DATA
5.10, 3.50, 1.40, 0.20, 0.996336, 0.001164, 0.002501, Iris-setosa
4.90, 3.00, 1.40, 0.20, 0.976958, 0.007156, 0.015886, Iris-setosa
4.70, 3.20, 1.30, 0.20, 0.980312, 0.006261, 0.013427, Iris-setosa
4.60, 3.10, 1.50, 0.20, 0.968318, 0.009833, 0.021849, Iris-setosa
5.00, 3.60, 1.40, 0.20, 0.993927, 0.001942, 0.004131, Iris-setosa
5.40, 3.90, 1.70, 0.40, 0.933151, 0.021070, 0.045778, Iris-setosa
4.60, 3.40, 1.40, 0.30, 0.979490, 0.006506, 0.014004, Iris-setosa
5.00, 3.40, 1.50, 0.20, 0.999611, 0.000121, 0.000268, Iris-setosa
4.40, 2.90, 1.40, 0.20, 0.931568, 0.021532, 0.046900, Iris-setosa
4.90, 3.10, 1.50, 0.10, 0.983693, 0.005042, 0.011264, Iris-setosa
5.40, 3.70, 1.50, 0.20, 0.967218, 0.010465, 0.022317, Iris-setosa
4.80, 3.40, 1.60, 0.20, 0.992282, 0.002387, 0.005331, Iris-setosa
4.80, 3.00, 1.40, 0.10, 0.971752, 0.008831, 0.019417, Iris-setosa
4.30, 3.00, 1.10, 0.10, 0.923707, 0.024998, 0.051295, Iris-setosa
5.80, 4.00, 1.20, 0.20, 0.888407, 0.038096, 0.073497, Iris-setosa
5.70, 4.40, 1.50, 0.40, 0.839287, 0.055014, 0.105698, Iris-setosa
5.40, 3.90, 1.30, 0.40, 0.945522, 0.017960, 0.036518, Iris-setosa
5.10, 3.50, 1.40, 0.30, 0.996307, 0.001168, 0.002524, Iris-setosa
5.70, 3.80, 1.70, 0.30, 0.903075, 0.030646, 0.066278, Iris-setosa
5.10, 3.80, 1.50, 0.30, 0.978070, 0.007012, 0.014917, Iris-setosa
5.40, 3.40, 1.70, 0.20, 0.968761, 0.009494, 0.021745, Iris-setosa
5.10, 3.70, 1.50, 0.40, 0.983903, 0.005088, 0.011009, Iris-setosa
4.60, 3.60, 1.00, 0.20, 0.958133, 0.014010, 0.027857, Iris-setosa
5.10, 3.30, 1.70, 0.50, 0.979784, 0.006006, 0.014209, Iris-setosa
4.80, 3.40, 1.90, 0.20, 0.967275, 0.009734, 0.022991, Iris-setosa
5.00, 3.00, 1.60, 0.20, 0.974910, 0.007570, 0.017520, Iris-setosa
5.00, 3.40, 1.60, 0.40, 0.994862, 0.001568, 0.003569, Iris-setosa
5.20, 3.50, 1.50, 0.20, 0.993093, 0.002167, 0.004740, Iris-setosa
5.20, 3.40, 1.40, 0.20, 0.993661, 0.002001, 0.004338, Iris-setosa
4.70, 3.20, 1.60, 0.20, 0.980243, 0.006060, 0.013696, Iris-setosa
4.80, 3.10, 1.60, 0.20, 0.979756, 0.006161, 0.014083, Iris-setosa
5.40, 3.40, 1.50, 0.40, 0.974278, 0.007967, 0.017755, Iris-setosa
5.20, 4.10, 1.50, 0.10, 0.936932, 0.020861, 0.042206, Iris-setosa
5.50, 4.20, 1.40, 0.20, 0.902393, 0.032951, 0.064656, Iris-setosa
4.90, 3.10, 1.50, 0.10, 0.983693, 0.005042, 0.011264, Iris-setosa
5.00, 3.20, 1.20, 0.20, 0.985408, 0.004673, 0.009919, Iris-setosa
5.50, 3.50, 1.30, 0.20, 0.963830, 0.011680, 0.024490, Iris-setosa
4.90, 3.10, 1.50, 0.10, 0.983693, 0.005042, 0.011264, Iris-setosa
4.40, 3.00, 1.30, 0.20, 0.940579, 0.018950, 0.040471, Iris-setosa
5.10, 3.40, 1.50, 0.20, 0.998343, 0.000517, 0.001141, Iris-setosa
5.00, 3.50, 1.30, 0.30, 0.994361, 0.001806, 0.003833, Iris-setosa
4.50, 2.30, 1.30, 0.30, 0.852750, 0.046367, 0.100883, Iris-setosa
4.40, 3.20, 1.30, 0.20, 0.953079, 0.015062, 0.031860, Iris-setosa
5.00, 3.50, 1.60, 0.60, 0.978875, 0.006456, 0.014668, Iris-setosa
5.10, 3.80, 1.90, 0.40, 0.944185, 0.016932, 0.038883, Iris-setosa
4.80, 3.00, 1.40, 0.30, 0.973206, 0.008304, 0.018489, Iris-setosa
5.10, 3.80, 1.60, 0.20, 0.975758, 0.007694, 0.016547, Iris-setosa
4.60, 3.20, 1.40, 0.20, 0.974775, 0.007953, 0.017272, Iris-setosa
5.30, 3.70, 1.50, 0.20, 0.976399, 0.007522, 0.016079, Iris-setosa
5.00, 3.30, 1.40, 0.20, 0.997361, 0.000829, 0.001810, Iris-setosa
7.00, 3.20, 4.70, 1.40, 0.044598, 0.500947, 0.454455, Iris-versicolor
6.40, 3.20, 4.50, 1.50, 0.029161, 0.206584, 0.764255, Iris-versicolor
6.90, 3.10, 4.90, 1.50, 0.031289, 0.599732, 0.368979, Iris-versicolor
5.50, 2.30, 4.00, 1.30, 0.049574, 0.080517, 0.869909, Iris-versicolor
6.50, 2.80, 4.60, 1.50, 0.024119, 0.216892, 0.758989, Iris-versicolor
5.70, 2.80, 4.50, 1.30, 0.005755, 0.020472, 0.973773, Iris-versicolor
6.30, 3.30, 4.70, 1.60, 0.029793, 0.296921, 0.673286, Iris-versicolor
4.90, 2.40, 3.30, 1.00, 0.286440, 0.132139, 0.581421, Iris-versicolor
6.60, 2.90, 4.60, 1.30, 0.031252, 0.247507, 0.721242, Iris-versicolor
5.20, 2.70, 3.90, 1.40, 0.075025, 0.094759, 0.830215, Iris-versicolor
5.00, 2.00, 3.50, 1.00, 0.219478, 0.144937, 0.635586, Iris-versicolor
5.90, 3.00, 4.20, 1.50, 0.009199, 0.028732, 0.962069, Iris-versicolor
6.00, 2.20, 4.00, 1.00, 0.055860, 0.101158, 0.842982, Iris-versicolor
6.10, 2.90, 4.70, 1.40, 0.012106, 0.088039, 0.899855, Iris-versicolor
5.60, 2.90, 3.60, 1.30, 0.091936, 0.092229, 0.815835, Iris-versicolor
6.70, 3.10, 4.40, 1.40, 0.041738, 0.268199, 0.690063, Iris-versicolor
5.60, 3.00, 4.50, 1.50, 0.014172, 0.052660, 0.933167, Iris-versicolor
5.80, 2.70, 4.10, 1.00, 0.026001, 0.048431, 0.925567, Iris-versicolor
6.20, 2.20, 4.50, 1.50, 0.027205, 0.137363, 0.835432, Iris-versicolor
5.60, 2.50, 3.90, 1.10, 0.051798, 0.070844, 0.877358, Iris-versicolor
5.90, 3.20, 4.80, 1.80, 0.027618, 0.250510, 0.721872, Iris-versicolor
6.10, 2.80, 4.00, 1.30, 0.019548, 0.046255, 0.934197, Iris-versicolor
6.30, 2.50, 4.90, 1.50, 0.023997, 0.270334, 0.705669, Iris-versicolor
6.10, 2.80, 4.70, 1.20, 0.013937, 0.083190, 0.902873, Iris-versicolor
6.40, 2.90, 4.30, 1.30, 0.022921, 0.101075, 0.876004, Iris-versicolor
6.60, 3.00, 4.40, 1.40, 0.033957, 0.211079, 0.754964, Iris-versicolor
6.80, 2.80, 4.80, 1.40, 0.033638, 0.442456, 0.523905, Iris-versicolor
6.70, 3.00, 5.00, 1.70, 0.021206, 0.672205, 0.306589, Iris-versicolor
6.00, 2.90, 4.50, 1.50, 0.004924, 0.026082, 0.968994, Iris-versicolor
5.70, 2.60, 3.50, 1.00, 0.128866, 0.104669, 0.766465, Iris-versicolor
5.50, 2.40, 3.80, 1.10, 0.078170, 0.089946, 0.831885, Iris-versicolor
5.50, 2.40, 3.70, 1.00, 0.104269, 0.100776, 0.794955, Iris-versicolor
5.80, 2.70, 3.90, 1.20, 0.031115, 0.050375, 0.918510, Iris-versicolor
6.00, 2.70, 5.10, 1.60, 0.023991, 0.319439, 0.656570, Iris-versicolor
5.40, 3.00, 4.50, 1.50, 0.026428, 0.082460, 0.891112, Iris-versicolor
6.00, 3.40, 4.50, 1.60, 0.032137, 0.170549, 0.797315, Iris-versicolor
6.70, 3.10, 4.70, 1.50, 0.033469, 0.410838, 0.555693, Iris-versicolor
6.30, 2.30, 4.40, 1.30, 0.026926, 0.115428, 0.857646, Iris-versicolor
5.60, 3.00, 4.10, 1.30, 0.024167, 0.047039, 0.928794, Iris-versicolor
5.50, 2.50, 4.00, 1.30, 0.038354, 0.062460, 0.899186, Iris-versicolor
5.50, 2.60, 4.40, 1.20, 0.019708, 0.049287, 0.931005, Iris-versicolor
6.10, 3.00, 4.60, 1.40, 0.011607, 0.072552, 0.915842, Iris-versicolor
5.80, 2.60, 4.00, 1.20, 0.022625, 0.041861, 0.935513, Iris-versicolor
5.00, 2.30, 3.30, 1.00, 0.270193, 0.132578, 0.597229, Iris-versicolor
5.60, 2.70, 4.20, 1.30, 0.012746, 0.028513, 0.958741, Iris-versicolor
5.70, 3.00, 4.20, 1.20, 0.016835, 0.037717, 0.945449, Iris-versicolor
5.70, 2.90, 4.20, 1.30, 0.009618, 0.023061, 0.967321, Iris-versicolor
6.20, 2.90, 4.30, 1.30, 0.011411, 0.044661, 0.943927, Iris-versicolor
5.10, 2.50, 3.00, 1.10, 0.356861, 0.124275, 0.518864, Iris-versicolor
5.70, 2.80, 4.10, 1.30, 0.012753, 0.026805, 0.960442, Iris-versicolor
6.30, 3.30, 6.00, 2.50, 0.019362, 0.859874, 0.120764, Iris-virginica
5.80, 2.70, 5.10, 1.90, 0.029326, 0.354906, 0.615768, Iris-virginica
7.10, 3.00, 5.90, 2.10, 0.006074, 0.955789, 0.038137, Iris-virginica
6.30, 2.90, 5.60, 1.80, 0.012540, 0.845391, 0.142069, Iris-virginica
6.50, 3.00, 5.80, 2.20, 0.004757, 0.957589, 0.037654, Iris-virginica
7.60, 3.00, 6.60, 2.10, 0.035468, 0.811858, 0.152674, Iris-virginica
4.90, 2.50, 4.50, 1.70, 0.073157, 0.167054, 0.759789, Iris-virginica
7.30, 2.90, 6.30, 1.80, 0.021906, 0.862952, 0.115142, Iris-virginica
6.70, 2.50, 5.80, 1.80, 0.014010, 0.868591, 0.117399, Iris-virginica
7.20, 3.60, 6.10, 2.50, 0.024410, 0.861002, 0.114588, Iris-virginica
6.50, 3.20, 5.10, 2.00, 0.016776, 0.773147, 0.210077, Iris-virginica
6.40, 2.70, 5.30, 1.90, 0.015776, 0.760890, 0.223334, Iris-virginica
6.80, 3.00, 5.50, 2.10, 0.001168, 0.988798, 0.010034, Iris-virginica
5.70, 2.50, 5.00, 2.00, 0.034409, 0.305529, 0.660062, Iris-virginica
5.80, 2.80, 5.10, 2.40, 0.038402, 0.500471, 0.461127, Iris-virginica
6.40, 3.20, 5.30, 2.30, 0.014072, 0.849761, 0.136167, Iris-virginica
6.50, 3.00, 5.50, 1.80, 0.007171, 0.913111, 0.079717, Iris-virginica
7.70, 3.80, 6.70, 2.20, 0.050578, 0.763594, 0.185827, Iris-virginica
7.70, 2.60, 6.90, 2.30, 0.049204, 0.757538, 0.193258, Iris-virginica
6.00, 2.20, 5.00, 1.50, 0.032246, 0.256958, 0.710796, Iris-virginica
6.90, 3.20, 5.70, 2.30, 0.003826, 0.970486, 0.025688, Iris-virginica
5.60, 2.80, 4.90, 2.00, 0.033672, 0.259252, 0.707076, Iris-virginica
7.70, 2.80, 6.70, 2.00, 0.041987, 0.783180, 0.174833, Iris-virginica
6.30, 2.70, 4.90, 1.80, 0.022818, 0.381115, 0.596067, Iris-virginica
6.70, 3.30, 5.70, 2.10, 0.002913, 0.975342, 0.021745, Iris-virginica
7.20, 3.20, 6.00, 1.80, 0.012909, 0.911925, 0.075166, Iris-virginica
6.20, 2.80, 4.80, 1.80, 0.020985, 0.270936, 0.708079, Iris-virginica
6.10, 3.00, 4.90, 1.80, 0.023097, 0.329685, 0.647219, Iris-virginica
6.40, 2.80, 5.60, 2.10, 0.008368, 0.908558, 0.083074, Iris-virginica
7.20, 3.00, 5.80, 1.60, 0.014454, 0.890773, 0.094774, Iris-virginica
7.40, 2.80, 6.10, 1.90, 0.019795, 0.872755, 0.107451, Iris-virginica
7.90, 3.80, 6.40, 2.00, 0.050893, 0.760098, 0.189008, Iris-virginica
6.40, 2.80, 5.60, 2.20, 0.008966, 0.906128, 0.084906, Iris-virginica
6.30, 2.80, 5.10, 1.50, 0.023409, 0.436066, 0.540525, Iris-virginica
6.10, 2.60, 5.60, 1.40, 0.031225, 0.575887, 0.392888, Iris-virginica
7.70, 3.00, 6.10, 2.30, 0.028666, 0.839559, 0.131775, Iris-virginica
6.30, 3.40, 5.60, 2.40, 0.017230, 0.854018, 0.128752, Iris-virginica
6.40, 3.10, 5.50, 1.80, 0.009794, 0.880017, 0.110189, Iris-virginica
6.00, 3.00, 4.80, 1.80, 0.021725, 0.228111, 0.750164, Iris-virginica
6.90, 3.10, 5.40, 2.10, 0.003492, 0.967521, 0.028987, Iris-virginica
6.70, 3.10, 5.60, 2.40, 0.005079, 0.957236, 0.037686, Iris-virginica
6.90, 3.10, 5.10, 2.30, 0.015411, 0.855026, 0.129563, Iris-virginica
5.80, 2.70, 5.10, 1.90, 0.029326, 0.354906, 0.615768, Iris-virginica
6.80, 3.20, 5.90, 2.30, 0.005247, 0.961033, 0.033719, Iris-virginica
6.70, 3.30, 5.70, 2.50, 0.009701, 0.927114, 0.063185, Iris-virginica
6.70, 3.00, 5.20, 2.30, 0.011272, 0.882260, 0.106468, Iris-virginica
6.30, 2.50, 5.00, 1.90, 0.025828, 0.466406, 0.507766, Iris-virginica
6.50, 3.00, 5.20, 2.00, 0.012127, 0.831273, 0.156600, Iris-virginica
6.20, 3.40, 5.40, 2.30, 0.021588, 0.789276, 0.189136, Iris-virginica
5.90, 3.00, 5.10, 1.80, 0.026935, 0.391029, 0.582036, Iris-virginica
