% Title: Title
%
% Centers:
% 	6.774999 3.052396 5.646765 2.053551 
% 	5.003561 3.403040 1.484993 0.251537 
% 	5.889100 2.761199 4.364110 1.397372 
%

@RELATION

@ATTRIBUTE Attribute0 	 REAL
@ATTRIBUTE Attribute1 	 REAL
@ATTRIBUTE Attribute2 	 REAL
@ATTRIBUTE Attribute3 	 REAL
@ATTRIBUTE MU 	 FUZZY {Zhluk0, Zhluk1, Zhluk2}
@ATTRIBUTE class 	 {Iris-setosa, Iris-versicolor, Iris-virginica}

@DATA
5.10, 3.50, 1.40, 0.20, 0.001163, 0.996336, 0.002501, Iris-setosa
4.90, 3.00, 1.40, 0.20, 0.007157, 0.976954, 0.015890, Iris-setosa
4.70, 3.20, 1.30, 0.20, 0.006261, 0.980310, 0.013429, Iris-setosa
4.60, 3.10, 1.50, 0.20, 0.009834, 0.968312, 0.021854, Iris-setosa
5.00, 3.60, 1.40, 0.20, 0.001942, 0.993927, 0.004131, Iris-setosa
5.40, 3.90, 1.70, 0.40, 0.021072, 0.933142, 0.045786, Iris-setosa
4.60, 3.40, 1.40, 0.30, 0.006506, 0.979488, 0.014006, Iris-setosa
5.00, 3.40, 1.50, 0.20, 0.000121, 0.999611, 0.000268, Iris-setosa
4.40, 2.90, 1.40, 0.20, 0.021534, 0.931556, 0.046910, Iris-setosa
4.90, 3.10, 1.50, 0.10, 0.005043, 0.983690, 0.011267, Iris-setosa
5.40, 3.70, 1.50, 0.20, 0.010466, 0.967214, 0.022320, Iris-setosa
4.80, 3.40, 1.60, 0.20, 0.002387, 0.992280, 0.005333, Iris-setosa
4.80, 3.00, 1.40, 0.10, 0.008832, 0.971747, 0.019421, Iris-setosa
4.30, 3.00, 1.10, 0.10, 0.024999, 0.923697, 0.051303, Iris-setosa
5.80, 4.00, 1.20, 0.20, 0.038098, 0.888397, 0.073505, Iris-setosa
5.70, 4.40, 1.50, 0.40, 0.055017, 0.839273, 0.105710, Iris-setosa
5.40, 3.90, 1.30, 0.40, 0.017961, 0.945517, 0.036522, Iris-setosa
5.10, 3.50, 1.40, 0.30, 0.001168, 0.996307, 0.002525, Iris-setosa
5.70, 3.80, 1.70, 0.30, 0.030649, 0.903063, 0.066289, Iris-setosa
5.10, 3.80, 1.50, 0.30, 0.007012, 0.978068, 0.014919, Iris-setosa
5.40, 3.40, 1.70, 0.20, 0.009495, 0.968755, 0.021750, Iris-setosa
5.10, 3.70, 1.50, 0.40, 0.005089, 0.983901, 0.011010, Iris-setosa
4.60, 3.60, 1.00, 0.20, 0.014011, 0.958129, 0.027860, Iris-setosa
5.10, 3.30, 1.70, 0.50, 0.006008, 0.979779, 0.014214, Iris-setosa
4.80, 3.40, 1.90, 0.20, 0.009735, 0.967267, 0.022997, Iris-setosa
5.00, 3.00, 1.60, 0.20, 0.007571, 0.974904, 0.017525, Iris-setosa
5.00, 3.40, 1.60, 0.40, 0.001569, 0.994861, 0.003571, Iris-setosa
5.20, 3.50, 1.50, 0.20, 0.002167, 0.993092, 0.004740, Iris-setosa
5.20, 3.40, 1.40, 0.20, 0.002001, 0.993660, 0.004339, Iris-setosa
4.70, 3.20, 1.60, 0.20, 0.006061, 0.980239, 0.013700, Iris-setosa
4.80, 3.10, 1.60, 0.20, 0.006162, 0.979751, 0.014086, Iris-setosa
5.40, 3.40, 1.50, 0.40, 0.007968, 0.974273, 0.017758, Iris-setosa
5.20, 4.10, 1.50, 0.10, 0.020863, 0.936926, 0.042211, Iris-setosa
5.50, 4.20, 1.40, 0.20, 0.032953, 0.902384, 0.064663, Iris-setosa
4.90, 3.10, 1.50, 0.10, 0.005043, 0.983690, 0.011267, Iris-setosa
5.00, 3.20, 1.20, 0.20, 0.004673, 0.985406, 0.009920, Iris-setosa
5.50, 3.50, 1.30, 0.20, 0.011680, 0.963826, 0.024493, Iris-setosa
4.90, 3.10, 1.50, 0.10, 0.005043, 0.983690, 0.011267, Iris-setosa
4.40, 3.00, 1.30, 0.20, 0.018951, 0.940570, 0.040478, Iris-setosa
5.10, 3.40, 1.50, 0.20, 0.000517, 0.998342, 0.001141, Iris-setosa
5.00, 3.50, 1.30, 0.30, 0.001806, 0.994361, 0.003833, Iris-setosa
4.50, 2.30, 1.30, 0.30, 0.046371, 0.852728, 0.100901, Iris-setosa
4.40, 3.20, 1.30, 0.20, 0.015063, 0.953072, 0.031865, Iris-setosa
5.00, 3.50, 1.60, 0.60, 0.006457, 0.978871, 0.014672, Iris-setosa
5.10, 3.80, 1.90, 0.40, 0.016934, 0.944175, 0.038891, Iris-setosa
4.80, 3.00, 1.40, 0.30, 0.008305, 0.973201, 0.018494, Iris-setosa
5.10, 3.80, 1.60, 0.20, 0.007695, 0.975755, 0.016550, Iris-setosa
4.60, 3.20, 1.40, 0.20, 0.007954, 0.974771, 0.017275, Iris-setosa
5.30, 3.70, 1.50, 0.20, 0.007523, 0.976396, 0.016081, Iris-setosa
5.00, 3.30, 1.40, 0.20, 0.000829, 0.997361, 0.001810, Iris-setosa
7.00, 3.20, 4.70, 1.40, 0.501122, 0.044600, 0.454278, Iris-versicolor
6.40, 3.20, 4.50, 1.50, 0.206762, 0.029176, 0.764062, Iris-versicolor
6.90, 3.10, 4.90, 1.50, 0.599944, 0.031287, 0.368768, Iris-versicolor
5.50, 2.30, 4.00, 1.30, 0.080471, 0.049534, 0.869995, Iris-versicolor
6.50, 2.80, 4.60, 1.50, 0.217108, 0.024133, 0.758758, Iris-versicolor
5.70, 2.80, 4.50, 1.30, 0.020471, 0.005752, 0.973777, Iris-versicolor
6.30, 3.30, 4.70, 1.60, 0.297157, 0.029805, 0.673038, Iris-versicolor
4.90, 2.40, 3.30, 1.00, 0.132121, 0.286352, 0.581527, Iris-versicolor
6.60, 2.90, 4.60, 1.30, 0.247694, 0.031264, 0.721041, Iris-versicolor
5.20, 2.70, 3.90, 1.40, 0.094716, 0.074975, 0.830309, Iris-versicolor
5.00, 2.00, 3.50, 1.00, 0.144914, 0.219406, 0.635679, Iris-versicolor
5.90, 3.00, 4.20, 1.50, 0.028733, 0.009197, 0.962070, Iris-versicolor
6.00, 2.20, 4.00, 1.00, 0.101131, 0.055833, 0.843036, Iris-versicolor
6.10, 2.90, 4.70, 1.40, 0.088196, 0.012123, 0.899681, Iris-versicolor
5.60, 2.90, 3.60, 1.30, 0.092189, 0.091876, 0.815935, Iris-versicolor
6.70, 3.10, 4.40, 1.40, 0.268354, 0.041749, 0.689897, Iris-versicolor
5.60, 3.00, 4.50, 1.50, 0.052679, 0.014173, 0.933148, Iris-versicolor
5.80, 2.70, 4.10, 1.00, 0.048389, 0.025972, 0.925640, Iris-versicolor
6.20, 2.20, 4.50, 1.50, 0.137433, 0.027210, 0.835357, Iris-versicolor
5.60, 2.50, 3.90, 1.10, 0.070793, 0.051749, 0.877459, Iris-versicolor
5.90, 3.20, 4.80, 1.80, 0.250713, 0.027630, 0.721657, Iris-versicolor
6.10, 2.80, 4.00, 1.30, 0.046237, 0.019536, 0.934227, Iris-versicolor
6.30, 2.50, 4.90, 1.50, 0.270568, 0.024008, 0.705424, Iris-versicolor
6.10, 2.80, 4.70, 1.20, 0.083298, 0.013950, 0.902751, Iris-versicolor
6.40, 2.90, 4.30, 1.30, 0.101153, 0.022932, 0.875915, Iris-versicolor
6.60, 3.00, 4.40, 1.40, 0.211229, 0.033970, 0.754802, Iris-versicolor
6.80, 2.80, 4.80, 1.40, 0.442686, 0.033643, 0.523671, Iris-versicolor
6.70, 3.00, 5.00, 1.70, 0.672469, 0.021201, 0.306329, Iris-versicolor
6.00, 2.90, 4.50, 1.50, 0.026159, 0.004937, 0.968904, Iris-versicolor
5.70, 2.60, 3.50, 1.00, 0.104632, 0.128794, 0.766574, Iris-versicolor
5.50, 2.40, 3.80, 1.10, 0.089898, 0.078112, 0.831990, Iris-versicolor
5.50, 2.40, 3.70, 1.00, 0.100733, 0.104203, 0.795064, Iris-versicolor
5.80, 2.70, 3.90, 1.20, 0.050326, 0.031078, 0.918596, Iris-versicolor
6.00, 2.70, 5.10, 1.60, 0.319697, 0.024001, 0.656302, Iris-versicolor
5.40, 3.00, 4.50, 1.50, 0.082464, 0.026422, 0.891113, Iris-versicolor
6.00, 3.40, 4.50, 1.60, 0.170667, 0.032149, 0.797185, Iris-versicolor
6.70, 3.10, 4.70, 1.50, 0.411081, 0.033475, 0.555444, Iris-versicolor
6.30, 2.30, 4.40, 1.30, 0.115479, 0.026930, 0.857591, Iris-versicolor
5.60, 3.00, 4.10, 1.30, 0.047000, 0.024141, 0.928858, Iris-versicolor
5.50, 2.50, 4.00, 1.30, 0.062409, 0.038313, 0.899278, Iris-versicolor
5.50, 2.60, 4.40, 1.20, 0.049253, 0.019689, 0.931057, Iris-versicolor
6.10, 3.00, 4.60, 1.40, 0.072680, 0.011623, 0.915698, Iris-versicolor
5.80, 2.60, 4.00, 1.20, 0.041813, 0.022594, 0.935593, Iris-versicolor
5.00, 2.30, 3.30, 1.00, 0.132558, 0.270107, 0.597335, Iris-versicolor
5.60, 2.70, 4.20, 1.30, 0.028467, 0.012722, 0.958811, Iris-versicolor
5.70, 3.00, 4.20, 1.20, 0.037686, 0.016816, 0.945498, Iris-versicolor
5.70, 2.90, 4.20, 1.30, 0.023026, 0.009600, 0.967373, Iris-versicolor
6.20, 2.90, 4.30, 1.30, 0.044703, 0.011418, 0.943879, Iris-versicolor
5.10, 2.50, 3.00, 1.10, 0.124264, 0.356768, 0.518968, Iris-versicolor
5.70, 2.80, 4.10, 1.30, 0.026759, 0.012728, 0.960512, Iris-versicolor
6.30, 3.30, 6.00, 2.50, 0.859885, 0.019366, 0.120749, Iris-virginica
5.80, 2.70, 5.10, 1.90, 0.355119, 0.029332, 0.615549, Iris-virginica
7.10, 3.00, 5.90, 2.10, 0.955758, 0.006081, 0.038162, Iris-virginica
6.30, 2.90, 5.60, 1.80, 0.845533, 0.012534, 0.141933, Iris-virginica
6.50, 3.00, 5.80, 2.20, 0.957601, 0.004757, 0.037642, Iris-virginica
7.60, 3.00, 6.60, 2.10, 0.811834, 0.035479, 0.152687, Iris-virginica
4.90, 2.50, 4.50, 1.70, 0.167050, 0.073140, 0.759811, Iris-virginica
7.30, 2.90, 6.30, 1.80, 0.862933, 0.021914, 0.115153, Iris-virginica
6.70, 2.50, 5.80, 1.80, 0.868647, 0.014009, 0.117344, Iris-virginica
7.20, 3.60, 6.10, 2.50, 0.860974, 0.024420, 0.114606, Iris-virginica
6.50, 3.20, 5.10, 2.00, 0.773361, 0.016769, 0.209869, Iris-virginica
6.40, 2.70, 5.30, 1.90, 0.761117, 0.015770, 0.223114, Iris-virginica
6.80, 3.00, 5.50, 2.10, 0.988820, 0.001167, 0.010013, Iris-virginica
5.70, 2.50, 5.00, 2.00, 0.305680, 0.034416, 0.659904, Iris-virginica
5.80, 2.80, 5.10, 2.40, 0.500634, 0.038403, 0.460962, Iris-virginica
6.40, 3.20, 5.30, 2.30, 0.849878, 0.014067, 0.136056, Iris-virginica
6.50, 3.00, 5.50, 1.80, 0.913234, 0.007164, 0.079601, Iris-virginica
7.70, 3.80, 6.70, 2.20, 0.763575, 0.050591, 0.185834, Iris-virginica
7.70, 2.60, 6.90, 2.30, 0.757521, 0.049216, 0.193263, Iris-virginica
6.00, 2.20, 5.00, 1.50, 0.257095, 0.032253, 0.710652, Iris-virginica
6.90, 3.20, 5.70, 2.30, 0.970465, 0.003830, 0.025705, Iris-virginica
5.60, 2.80, 4.90, 2.00, 0.259392, 0.033679, 0.706929, Iris-virginica
7.70, 2.80, 6.70, 2.00, 0.783162, 0.041998, 0.174839, Iris-virginica
6.30, 2.70, 4.90, 1.80, 0.381430, 0.022825, 0.595745, Iris-virginica
6.70, 3.30, 5.70, 2.10, 0.975340, 0.002915, 0.021745, Iris-virginica
7.20, 3.20, 6.00, 1.80, 0.911905, 0.012915, 0.075180, Iris-virginica
6.20, 2.80, 4.80, 1.80, 0.271224, 0.020998, 0.707778, Iris-virginica
6.10, 3.00, 4.90, 1.80, 0.329984, 0.023107, 0.646909, Iris-virginica
6.40, 2.80, 5.60, 2.10, 0.908644, 0.008364, 0.082992, Iris-virginica
7.20, 3.00, 5.80, 1.60, 0.890784, 0.014456, 0.094760, Iris-virginica
7.40, 2.80, 6.10, 1.90, 0.872737, 0.019802, 0.107461, Iris-virginica
7.90, 3.80, 6.40, 2.00, 0.760084, 0.050906, 0.189011, Iris-virginica
6.40, 2.80, 5.60, 2.20, 0.906203, 0.008962, 0.084834, Iris-virginica
6.30, 2.80, 5.10, 1.50, 0.436382, 0.023414, 0.540205, Iris-virginica
6.10, 2.60, 5.60, 1.40, 0.576066, 0.031225, 0.392709, Iris-virginica
7.70, 3.00, 6.10, 2.30, 0.839535, 0.028677, 0.131788, Iris-virginica
6.30, 3.40, 5.60, 2.40, 0.854072, 0.017230, 0.128698, Iris-virginica
6.40, 3.10, 5.50, 1.80, 0.880157, 0.009787, 0.110055, Iris-virginica
6.00, 3.00, 4.80, 1.80, 0.228352, 0.021739, 0.749910, Iris-virginica
6.90, 3.10, 5.40, 2.10, 0.967552, 0.003490, 0.028958, Iris-virginica
6.70, 3.10, 5.60, 2.40, 0.957240, 0.005080, 0.037680, Iris-virginica
6.90, 3.10, 5.10, 2.30, 0.855115, 0.015407, 0.129478, Iris-virginica
5.80, 2.70, 5.10, 1.90, 0.355119, 0.029332, 0.615549, Iris-virginica
6.80, 3.20, 5.90, 2.30, 0.961005, 0.005253, 0.033743, Iris-virginica
6.70, 3.30, 5.70, 2.50, 0.927109, 0.009704, 0.063187, Iris-virginica
6.70, 3.00, 5.20, 2.30, 0.882361, 0.011267, 0.106372, Iris-virginica
6.30, 2.50, 5.00, 1.90, 0.466676, 0.025831, 0.507493, Iris-virginica
6.50, 3.00, 5.20, 2.00, 0.831476, 0.012119, 0.156405, Iris-virginica
6.20, 3.40, 5.40, 2.30, 0.789386, 0.021585, 0.189029, Iris-virginica
5.90, 3.00, 5.10, 1.80, 0.391289, 0.026941, 0.581770, Iris-virginica
