% Title: Title
%
% Centers:
% 	6.774978 3.052390 5.646739 2.053541 
% 	5.003561 3.403041 1.484992 0.251537 
% 	5.889083 2.761193 4.364085 1.397359 
%

@RELATION

@ATTRIBUTE Attribute0 	 REAL
@ATTRIBUTE Attribute1 	 REAL
@ATTRIBUTE Attribute2 	 REAL
@ATTRIBUTE Attribute3 	 REAL
@ATTRIBUTE MU 	 FUZZY {Zhluk0, Zhluk1, Zhluk2}
@ATTRIBUTE class 	 {Iris-setosa, Iris-versicolor, Iris-virginica}

@DATA
5.10, 3.50, 1.40, 0.20, 0.001163, 0.996336, 0.002501, Iris-setosa
4.90, 3.00, 1.40, 0.20, 0.007157, 0.976953, 0.015890, Iris-setosa
4.70, 3.20, 1.30, 0.20, 0.006261, 0.980309, 0.013429, Iris-setosa
4.60, 3.10, 1.50, 0.20, 0.009834, 0.968311, 0.021855, Iris-setosa
5.00, 3.60, 1.40, 0.20, 0.001942, 0.993927, 0.004131, Iris-setosa
5.40, 3.90, 1.70, 0.40, 0.021073, 0.933140, 0.045787, Iris-setosa
4.60, 3.40, 1.40, 0.30, 0.006506, 0.979487, 0.014007, Iris-setosa
5.00, 3.40, 1.50, 0.20, 0.000121, 0.999611, 0.000268, Iris-setosa
4.40, 2.90, 1.40, 0.20, 0.021534, 0.931555, 0.046911, Iris-setosa
4.90, 3.10, 1.50, 0.10, 0.005043, 0.983690, 0.011267, Iris-setosa
5.40, 3.70, 1.50, 0.20, 0.010466, 0.967214, 0.022320, Iris-setosa
4.80, 3.40, 1.60, 0.20, 0.002387, 0.992280, 0.005333, Iris-setosa
4.80, 3.00, 1.40, 0.10, 0.008832, 0.971746, 0.019422, Iris-setosa
4.30, 3.00, 1.10, 0.10, 0.025000, 0.923696, 0.051304, Iris-setosa
5.80, 4.00, 1.20, 0.20, 0.038099, 0.888396, 0.073506, Iris-setosa
5.70, 4.40, 1.50, 0.40, 0.055018, 0.839271, 0.105711, Iris-setosa
5.40, 3.90, 1.30, 0.40, 0.017961, 0.945516, 0.036523, Iris-setosa
5.10, 3.50, 1.40, 0.30, 0.001168, 0.996307, 0.002525, Iris-setosa
5.70, 3.80, 1.70, 0.30, 0.030649, 0.903060, 0.066290, Iris-setosa
5.10, 3.80, 1.50, 0.30, 0.007013, 0.978068, 0.014920, Iris-setosa
5.40, 3.40, 1.70, 0.20, 0.009496, 0.968754, 0.021751, Iris-setosa
5.10, 3.70, 1.50, 0.40, 0.005089, 0.983901, 0.011010, Iris-setosa
4.60, 3.60, 1.00, 0.20, 0.014011, 0.958129, 0.027861, Iris-setosa
5.10, 3.30, 1.70, 0.50, 0.006008, 0.979778, 0.014214, Iris-setosa
4.80, 3.40, 1.90, 0.20, 0.009736, 0.967266, 0.022998, Iris-setosa
5.00, 3.00, 1.60, 0.20, 0.007571, 0.974903, 0.017526, Iris-setosa
5.00, 3.40, 1.60, 0.40, 0.001569, 0.994860, 0.003571, Iris-setosa
5.20, 3.50, 1.50, 0.20, 0.002167, 0.993092, 0.004741, Iris-setosa
5.20, 3.40, 1.40, 0.20, 0.002001, 0.993660, 0.004339, Iris-setosa
4.70, 3.20, 1.60, 0.20, 0.006061, 0.980238, 0.013700, Iris-setosa
4.80, 3.10, 1.60, 0.20, 0.006163, 0.979751, 0.014087, Iris-setosa
5.40, 3.40, 1.50, 0.40, 0.007968, 0.974273, 0.017759, Iris-setosa
5.20, 4.10, 1.50, 0.10, 0.020863, 0.936925, 0.042212, Iris-setosa
5.50, 4.20, 1.40, 0.20, 0.032953, 0.902383, 0.064664, Iris-setosa
4.90, 3.10, 1.50, 0.10, 0.005043, 0.983690, 0.011267, Iris-setosa
5.00, 3.20, 1.20, 0.20, 0.004673, 0.985406, 0.009921, Iris-setosa
5.50, 3.50, 1.30, 0.20, 0.011681, 0.963826, 0.024494, Iris-setosa
4.90, 3.10, 1.50, 0.10, 0.005043, 0.983690, 0.011267, Iris-setosa
4.40, 3.00, 1.30, 0.20, 0.018952, 0.940569, 0.040479, Iris-setosa
5.10, 3.40, 1.50, 0.20, 0.000517, 0.998342, 0.001141, Iris-setosa
5.00, 3.50, 1.30, 0.30, 0.001806, 0.994361, 0.003833, Iris-setosa
4.50, 2.30, 1.30, 0.30, 0.046372, 0.852725, 0.100904, Iris-setosa
4.40, 3.20, 1.30, 0.20, 0.015063, 0.953071, 0.031866, Iris-setosa
5.00, 3.50, 1.60, 0.60, 0.006458, 0.978870, 0.014672, Iris-setosa
5.10, 3.80, 1.90, 0.40, 0.016935, 0.944173, 0.038892, Iris-setosa
4.80, 3.00, 1.40, 0.30, 0.008305, 0.973200, 0.018494, Iris-setosa
5.10, 3.80, 1.60, 0.20, 0.007695, 0.975755, 0.016550, Iris-setosa
4.60, 3.20, 1.40, 0.20, 0.007954, 0.974770, 0.017276, Iris-setosa
5.30, 3.70, 1.50, 0.20, 0.007523, 0.976396, 0.016082, Iris-setosa
5.00, 3.30, 1.40, 0.20, 0.000829, 0.997361, 0.001810, Iris-setosa
7.00, 3.20, 4.70, 1.40, 0.501149, 0.044600, 0.454250, Iris-versicolor
6.40, 3.20, 4.50, 1.50, 0.206791, 0.029178, 0.764032, Iris-versicolor
6.90, 3.10, 4.90, 1.50, 0.599979, 0.031287, 0.368734, Iris-versicolor
5.50, 2.30, 4.00, 1.30, 0.080466, 0.049529, 0.870005, Iris-versicolor
6.50, 2.80, 4.60, 1.50, 0.217142, 0.024135, 0.758722, Iris-versicolor
5.70, 2.80, 4.50, 1.30, 0.020471, 0.005752, 0.973777, Iris-versicolor
6.30, 3.30, 4.70, 1.60, 0.297196, 0.029806, 0.672998, Iris-versicolor
4.90, 2.40, 3.30, 1.00, 0.132120, 0.286340, 0.581541, Iris-versicolor
6.60, 2.90, 4.60, 1.30, 0.247724, 0.031266, 0.721010, Iris-versicolor
5.20, 2.70, 3.90, 1.40, 0.094711, 0.074968, 0.830321, Iris-versicolor
5.00, 2.00, 3.50, 1.00, 0.144913, 0.219396, 0.635691, Iris-versicolor
5.90, 3.00, 4.20, 1.50, 0.028734, 0.009197, 0.962069, Iris-versicolor
6.00, 2.20, 4.00, 1.00, 0.101129, 0.055829, 0.843043, Iris-versicolor
6.10, 2.90, 4.70, 1.40, 0.088221, 0.012125, 0.899654, Iris-versicolor
5.60, 2.90, 3.60, 1.30, 0.092184, 0.091868, 0.815948, Iris-versicolor
6.70, 3.10, 4.40, 1.40, 0.268379, 0.041750, 0.689871, Iris-versicolor
5.60, 3.00, 4.50, 1.50, 0.052683, 0.014173, 0.933143, Iris-versicolor
5.80, 2.70, 4.10, 1.00, 0.048383, 0.025968, 0.925650, Iris-versicolor
6.20, 2.20, 4.50, 1.50, 0.137446, 0.027211, 0.835343, Iris-versicolor
5.60, 2.50, 3.90, 1.10, 0.070787, 0.051742, 0.877472, Iris-versicolor
5.90, 3.20, 4.80, 1.80, 0.250748, 0.027632, 0.721621, Iris-versicolor
6.10, 2.80, 4.00, 1.30, 0.046235, 0.019534, 0.934232, Iris-versicolor
6.30, 2.50, 4.90, 1.50, 0.270607, 0.024009, 0.705384, Iris-versicolor
6.10, 2.80, 4.70, 1.20, 0.083315, 0.013952, 0.902733, Iris-versicolor
6.40, 2.90, 4.30, 1.30, 0.101165, 0.022933, 0.875902, Iris-versicolor
6.60, 3.00, 4.40, 1.40, 0.211252, 0.033971, 0.754776, Iris-versicolor
6.80, 2.80, 4.80, 1.40, 0.442724, 0.033643, 0.523633, Iris-versicolor
6.70, 3.00, 5.00, 1.70, 0.672515, 0.021200, 0.306285, Iris-versicolor
6.00, 2.90, 4.50, 1.50, 0.026170, 0.004939, 0.968891, Iris-versicolor
5.70, 2.60, 3.50, 1.00, 0.104628, 0.128784, 0.766588, Iris-versicolor
5.50, 2.40, 3.80, 1.10, 0.089893, 0.078104, 0.832004, Iris-versicolor
5.50, 2.40, 3.70, 1.00, 0.100728, 0.104194, 0.795078, Iris-versicolor
5.80, 2.70, 3.90, 1.20, 0.050320, 0.031073, 0.918607, Iris-versicolor
6.00, 2.70, 5.10, 1.60, 0.319742, 0.024002, 0.656257, Iris-versicolor
5.40, 3.00, 4.50, 1.50, 0.082467, 0.026422, 0.891111, Iris-versicolor
6.00, 3.40, 4.50, 1.60, 0.170686, 0.032150, 0.797163, Iris-versicolor
6.70, 3.10, 4.70, 1.50, 0.411120, 0.033476, 0.555404, Iris-versicolor
6.30, 2.30, 4.40, 1.30, 0.115488, 0.026931, 0.857581, Iris-versicolor
5.60, 3.00, 4.10, 1.30, 0.046996, 0.024138, 0.928867, Iris-versicolor
5.50, 2.50, 4.00, 1.30, 0.062403, 0.038308, 0.899290, Iris-versicolor
5.50, 2.60, 4.40, 1.20, 0.049250, 0.019687, 0.931064, Iris-versicolor
6.10, 3.00, 4.60, 1.40, 0.072699, 0.011625, 0.915676, Iris-versicolor
5.80, 2.60, 4.00, 1.20, 0.041806, 0.022589, 0.935604, Iris-versicolor
5.00, 2.30, 3.30, 1.00, 0.132557, 0.270094, 0.597349, Iris-versicolor
5.60, 2.70, 4.20, 1.30, 0.028462, 0.012719, 0.958820, Iris-versicolor
5.70, 3.00, 4.20, 1.20, 0.037682, 0.016814, 0.945505, Iris-versicolor
5.70, 2.90, 4.20, 1.30, 0.023022, 0.009598, 0.967380, Iris-versicolor
6.20, 2.90, 4.30, 1.30, 0.044709, 0.011419, 0.943872, Iris-versicolor
5.10, 2.50, 3.00, 1.10, 0.124264, 0.356754, 0.518982, Iris-versicolor
5.70, 2.80, 4.10, 1.30, 0.026753, 0.012725, 0.960522, Iris-versicolor
6.30, 3.30, 6.00, 2.50, 0.859887, 0.019366, 0.120747, Iris-virginica
5.80, 2.70, 5.10, 1.90, 0.355157, 0.029333, 0.615510, Iris-virginica
7.10, 3.00, 5.90, 2.10, 0.955749, 0.006082, 0.038169, Iris-virginica
6.30, 2.90, 5.60, 1.80, 0.845560, 0.012533, 0.141907, Iris-virginica
6.50, 3.00, 5.80, 2.20, 0.957604, 0.004757, 0.037639, Iris-virginica
7.60, 3.00, 6.60, 2.10, 0.811826, 0.035482, 0.152692, Iris-virginica
4.90, 2.50, 4.50, 1.70, 0.167052, 0.073137, 0.759811, Iris-virginica
7.30, 2.90, 6.30, 1.80, 0.862926, 0.021916, 0.115158, Iris-virginica
6.70, 2.50, 5.80, 1.80, 0.868656, 0.014009, 0.117336, Iris-virginica
7.20, 3.60, 6.10, 2.50, 0.860967, 0.024422, 0.114611, Iris-virginica
6.50, 3.20, 5.10, 2.00, 0.773401, 0.016767, 0.209831, Iris-virginica
6.40, 2.70, 5.30, 1.90, 0.761159, 0.015768, 0.223073, Iris-virginica
6.80, 3.00, 5.50, 2.10, 0.988825, 0.001166, 0.010009, Iris-virginica
5.70, 2.50, 5.00, 2.00, 0.305709, 0.034416, 0.659875, Iris-virginica
5.80, 2.80, 5.10, 2.40, 0.500665, 0.038403, 0.460932, Iris-virginica
6.40, 3.20, 5.30, 2.30, 0.849901, 0.014065, 0.136034, Iris-virginica
6.50, 3.00, 5.50, 1.80, 0.913258, 0.007163, 0.079579, Iris-virginica
7.70, 3.80, 6.70, 2.20, 0.763568, 0.050594, 0.185838, Iris-virginica
7.70, 2.60, 6.90, 2.30, 0.757515, 0.049218, 0.193267, Iris-virginica
6.00, 2.20, 5.00, 1.50, 0.257120, 0.032254, 0.710627, Iris-virginica
6.90, 3.20, 5.70, 2.30, 0.970460, 0.003831, 0.025710, Iris-virginica
5.60, 2.80, 4.90, 2.00, 0.259418, 0.033680, 0.706902, Iris-virginica
7.70, 2.80, 6.70, 2.00, 0.783156, 0.042000, 0.174844, Iris-virginica
6.30, 2.70, 4.90, 1.80, 0.381484, 0.022826, 0.595690, Iris-virginica
6.70, 3.30, 5.70, 2.10, 0.975340, 0.002915, 0.021746, Iris-virginica
7.20, 3.20, 6.00, 1.80, 0.911898, 0.012917, 0.075186, Iris-virginica
6.20, 2.80, 4.80, 1.80, 0.271272, 0.020999, 0.707729, Iris-virginica
6.10, 3.00, 4.90, 1.80, 0.330036, 0.023108, 0.646857, Iris-virginica
6.40, 2.80, 5.60, 2.10, 0.908661, 0.008362, 0.082976, Iris-virginica
7.20, 3.00, 5.80, 1.60, 0.890782, 0.014457, 0.094761, Iris-virginica
7.40, 2.80, 6.10, 1.90, 0.872730, 0.019804, 0.107466, Iris-virginica
7.90, 3.80, 6.40, 2.00, 0.760077, 0.050908, 0.189015, Iris-virginica
6.40, 2.80, 5.60, 2.20, 0.906219, 0.008962, 0.084820, Iris-virginica
6.30, 2.80, 5.10, 1.50, 0.436435, 0.023414, 0.540151, Iris-virginica
6.10, 2.60, 5.60, 1.40, 0.576098, 0.031224, 0.392678, Iris-virginica
7.70, 3.00, 6.10, 2.30, 0.839527, 0.028679, 0.131794, Iris-virginica
6.30, 3.40, 5.60, 2.40, 0.854082, 0.017229, 0.128688, Iris-virginica
6.40, 3.10, 5.50, 1.80, 0.880184, 0.009786, 0.110030, Iris-virginica
6.00, 3.00, 4.80, 1.80, 0.228392, 0.021740, 0.749868, Iris-virginica
6.90, 3.10, 5.40, 2.10, 0.967557, 0.003490, 0.028953, Iris-virginica
6.70, 3.10, 5.60, 2.40, 0.957241, 0.005080, 0.037679, Iris-virginica
6.90, 3.10, 5.10, 2.30, 0.855130, 0.015406, 0.129463, Iris-virginica
5.80, 2.70, 5.10, 1.90, 0.355157, 0.029333, 0.615510, Iris-virginica
6.80, 3.20, 5.90, 2.30, 0.960998, 0.005254, 0.033748, Iris-virginica
6.70, 3.30, 5.70, 2.50, 0.927107, 0.009705, 0.063188, Iris-virginica
6.70, 3.00, 5.20, 2.30, 0.882380, 0.011266, 0.106354, Iris-virginica
6.30, 2.50, 5.00, 1.90, 0.466723, 0.025831, 0.507446, Iris-virginica
6.50, 3.00, 5.20, 2.00, 0.831515, 0.012117, 0.156368, Iris-virginica
6.20, 3.40, 5.40, 2.30, 0.789408, 0.021584, 0.189008, Iris-virginica
5.90, 3.00, 5.10, 1.80, 0.391335, 0.026942, 0.581723, Iris-virginica
