% Title: Title
%
% Centers:
% 	6.775011 3.052399 5.646779 2.053556 
% 	5.003561 3.403040 1.484994 0.251538 
% 	5.889110 2.761203 4.364124 1.397379 
%

@RELATION

@ATTRIBUTE Attribute0 	 REAL
@ATTRIBUTE Attribute1 	 REAL
@ATTRIBUTE Attribute2 	 REAL
@ATTRIBUTE Attribute3 	 REAL
@ATTRIBUTE MU 	 FUZZY {Zhluk0, Zhluk1, Zhluk2}
@ATTRIBUTE class 	 {Iris-setosa, Iris-versicolor, Iris-virginica}

@DATA
5.10, 3.50, 1.40, 0.20, 0.001163, 0.996336, 0.002501, Iris-setosa
4.90, 3.00, 1.40, 0.20, 0.007157, 0.976954, 0.015890, Iris-setosa
4.70, 3.20, 1.30, 0.20, 0.006261, 0.980310, 0.013429, Iris-setosa
4.60, 3.10, 1.50, 0.20, 0.009834, 0.968313, 0.021854, Iris-setosa
5.00, 3.60, 1.40, 0.20, 0.001942, 0.993927, 0.004131, Iris-setosa
5.40, 3.90, 1.70, 0.40, 0.021072, 0.933143, 0.045785, Iris-setosa
4.60, 3.40, 1.40, 0.30, 0.006506, 0.979488, 0.014006, Iris-setosa
5.00, 3.40, 1.50, 0.20, 0.000121, 0.999611, 0.000268, Iris-setosa
4.40, 2.90, 1.40, 0.20, 0.021534, 0.931557, 0.046909, Iris-setosa
4.90, 3.10, 1.50, 0.10, 0.005043, 0.983690, 0.011267, Iris-setosa
5.40, 3.70, 1.50, 0.20, 0.010466, 0.967215, 0.022320, Iris-setosa
4.80, 3.40, 1.60, 0.20, 0.002387, 0.992280, 0.005333, Iris-setosa
4.80, 3.00, 1.40, 0.10, 0.008832, 0.971747, 0.019421, Iris-setosa
4.30, 3.00, 1.10, 0.10, 0.024999, 0.923698, 0.051303, Iris-setosa
5.80, 4.00, 1.20, 0.20, 0.038098, 0.888398, 0.073504, Iris-setosa
5.70, 4.40, 1.50, 0.40, 0.055017, 0.839275, 0.105709, Iris-setosa
5.40, 3.90, 1.30, 0.40, 0.017961, 0.945518, 0.036522, Iris-setosa
5.10, 3.50, 1.40, 0.30, 0.001168, 0.996307, 0.002525, Iris-setosa
5.70, 3.80, 1.70, 0.30, 0.030648, 0.903064, 0.066288, Iris-setosa
5.10, 3.80, 1.50, 0.30, 0.007012, 0.978068, 0.014919, Iris-setosa
5.40, 3.40, 1.70, 0.20, 0.009495, 0.968755, 0.021750, Iris-setosa
5.10, 3.70, 1.50, 0.40, 0.005089, 0.983901, 0.011010, Iris-setosa
4.60, 3.60, 1.00, 0.20, 0.014010, 0.958130, 0.027860, Iris-setosa
5.10, 3.30, 1.70, 0.50, 0.006007, 0.979779, 0.014213, Iris-setosa
4.80, 3.40, 1.90, 0.20, 0.009735, 0.967268, 0.022997, Iris-setosa
5.00, 3.00, 1.60, 0.20, 0.007571, 0.974904, 0.017525, Iris-setosa
5.00, 3.40, 1.60, 0.40, 0.001569, 0.994861, 0.003570, Iris-setosa
5.20, 3.50, 1.50, 0.20, 0.002167, 0.993092, 0.004740, Iris-setosa
5.20, 3.40, 1.40, 0.20, 0.002001, 0.993660, 0.004339, Iris-setosa
4.70, 3.20, 1.60, 0.20, 0.006061, 0.980239, 0.013699, Iris-setosa
4.80, 3.10, 1.60, 0.20, 0.006162, 0.979752, 0.014086, Iris-setosa
5.40, 3.40, 1.50, 0.40, 0.007968, 0.974274, 0.017758, Iris-setosa
5.20, 4.10, 1.50, 0.10, 0.020862, 0.936927, 0.042211, Iris-setosa
5.50, 4.20, 1.40, 0.20, 0.032952, 0.902385, 0.064662, Iris-setosa
4.90, 3.10, 1.50, 0.10, 0.005043, 0.983690, 0.011267, Iris-setosa
5.00, 3.20, 1.20, 0.20, 0.004673, 0.985406, 0.009920, Iris-setosa
5.50, 3.50, 1.30, 0.20, 0.011680, 0.963827, 0.024493, Iris-setosa
4.90, 3.10, 1.50, 0.10, 0.005043, 0.983690, 0.011267, Iris-setosa
4.40, 3.00, 1.30, 0.20, 0.018951, 0.940571, 0.040478, Iris-setosa
5.10, 3.40, 1.50, 0.20, 0.000517, 0.998342, 0.001141, Iris-setosa
5.00, 3.50, 1.30, 0.30, 0.001806, 0.994361, 0.003833, Iris-setosa
4.50, 2.30, 1.30, 0.30, 0.046370, 0.852730, 0.100900, Iris-setosa
4.40, 3.20, 1.30, 0.20, 0.015063, 0.953073, 0.031865, Iris-setosa
5.00, 3.50, 1.60, 0.60, 0.006457, 0.978871, 0.014672, Iris-setosa
5.10, 3.80, 1.90, 0.40, 0.016934, 0.944176, 0.038890, Iris-setosa
4.80, 3.00, 1.40, 0.30, 0.008305, 0.973202, 0.018493, Iris-setosa
5.10, 3.80, 1.60, 0.20, 0.007695, 0.975756, 0.016550, Iris-setosa
4.60, 3.20, 1.40, 0.20, 0.007954, 0.974771, 0.017275, Iris-setosa
5.30, 3.70, 1.50, 0.20, 0.007523, 0.976396, 0.016081, Iris-setosa
5.00, 3.30, 1.40, 0.20, 0.000829, 0.997361, 0.001810, Iris-setosa
7.00, 3.20, 4.70, 1.40, 0.501106, 0.044601, 0.454294, Iris-versicolor
6.40, 3.20, 4.50, 1.50, 0.206746, 0.029175, 0.764079, Iris-versicolor
6.90, 3.10, 4.90, 1.50, 0.599924, 0.031288, 0.368788, Iris-versicolor
5.50, 2.30, 4.00, 1.30, 0.080474, 0.049537, 0.869989, Iris-versicolor
6.50, 2.80, 4.60, 1.50, 0.217088, 0.024132, 0.758779, Iris-versicolor
5.70, 2.80, 4.50, 1.30, 0.020470, 0.005753, 0.973777, Iris-versicolor
6.30, 3.30, 4.70, 1.60, 0.297135, 0.029804, 0.673061, Iris-versicolor
4.90, 2.40, 3.30, 1.00, 0.132122, 0.286360, 0.581519, Iris-versicolor
6.60, 2.90, 4.60, 1.30, 0.247677, 0.031264, 0.721059, Iris-versicolor
5.20, 2.70, 3.90, 1.40, 0.094719, 0.074979, 0.830302, Iris-versicolor
5.00, 2.00, 3.50, 1.00, 0.144915, 0.219412, 0.635672, Iris-versicolor
5.90, 3.00, 4.20, 1.50, 0.028733, 0.009197, 0.962070, Iris-versicolor
6.00, 2.20, 4.00, 1.00, 0.101133, 0.055835, 0.843032, Iris-versicolor
6.10, 2.90, 4.70, 1.40, 0.088182, 0.012121, 0.899696, Iris-versicolor
5.60, 2.90, 3.60, 1.30, 0.092191, 0.091881, 0.815927, Iris-versicolor
6.70, 3.10, 4.40, 1.40, 0.268340, 0.041749, 0.689912, Iris-versicolor
5.60, 3.00, 4.50, 1.50, 0.052677, 0.014173, 0.933150, Iris-versicolor
5.80, 2.70, 4.10, 1.00, 0.048392, 0.025974, 0.925634, Iris-versicolor
6.20, 2.20, 4.50, 1.50, 0.137426, 0.027210, 0.835364, Iris-versicolor
5.60, 2.50, 3.90, 1.10, 0.070797, 0.051753, 0.877451, Iris-versicolor
5.90, 3.20, 4.80, 1.80, 0.250693, 0.027629, 0.721678, Iris-versicolor
6.10, 2.80, 4.00, 1.30, 0.046238, 0.019537, 0.934225, Iris-versicolor
6.30, 2.50, 4.90, 1.50, 0.270546, 0.024007, 0.705447, Iris-versicolor
6.10, 2.80, 4.70, 1.20, 0.083289, 0.013949, 0.902762, Iris-versicolor
6.40, 2.90, 4.30, 1.30, 0.101146, 0.022931, 0.875923, Iris-versicolor
6.60, 3.00, 4.40, 1.40, 0.211215, 0.033969, 0.754816, Iris-versicolor
6.80, 2.80, 4.80, 1.40, 0.442665, 0.033643, 0.523693, Iris-versicolor
6.70, 3.00, 5.00, 1.70, 0.672443, 0.021202, 0.306355, Iris-versicolor
6.00, 2.90, 4.50, 1.50, 0.026152, 0.004936, 0.968912, Iris-versicolor
5.70, 2.60, 3.50, 1.00, 0.104635, 0.128800, 0.766565, Iris-versicolor
5.50, 2.40, 3.80, 1.10, 0.089901, 0.078117, 0.831982, Iris-versicolor
5.50, 2.40, 3.70, 1.00, 0.100735, 0.104209, 0.795056, Iris-versicolor
5.80, 2.70, 3.90, 1.20, 0.050330, 0.031081, 0.918589, Iris-versicolor
6.00, 2.70, 5.10, 1.60, 0.319671, 0.024000, 0.656329, Iris-versicolor
5.40, 3.00, 4.50, 1.50, 0.082463, 0.026423, 0.891114, Iris-versicolor
6.00, 3.40, 4.50, 1.60, 0.170655, 0.032148, 0.797197, Iris-versicolor
6.70, 3.10, 4.70, 1.50, 0.411058, 0.033475, 0.555467, Iris-versicolor
6.30, 2.30, 4.40, 1.30, 0.115474, 0.026930, 0.857596, Iris-versicolor
5.60, 3.00, 4.10, 1.30, 0.047003, 0.024143, 0.928854, Iris-versicolor
5.50, 2.50, 4.00, 1.30, 0.062412, 0.038316, 0.899271, Iris-versicolor
5.50, 2.60, 4.40, 1.20, 0.049255, 0.019691, 0.931054, Iris-versicolor
6.10, 3.00, 4.60, 1.40, 0.072668, 0.011622, 0.915710, Iris-versicolor
5.80, 2.60, 4.00, 1.20, 0.041816, 0.022596, 0.935587, Iris-versicolor
5.00, 2.30, 3.30, 1.00, 0.132559, 0.270114, 0.597327, Iris-versicolor
5.60, 2.70, 4.20, 1.30, 0.028471, 0.012724, 0.958806, Iris-versicolor
5.70, 3.00, 4.20, 1.20, 0.037688, 0.016818, 0.945494, Iris-versicolor
5.70, 2.90, 4.20, 1.30, 0.023029, 0.009602, 0.967369, Iris-versicolor
6.20, 2.90, 4.30, 1.30, 0.044699, 0.011418, 0.943883, Iris-versicolor
5.10, 2.50, 3.00, 1.10, 0.124264, 0.356776, 0.518960, Iris-versicolor
5.70, 2.80, 4.10, 1.30, 0.026763, 0.012730, 0.960507, Iris-versicolor
6.30, 3.30, 6.00, 2.50, 0.859884, 0.019366, 0.120750, Iris-virginica
5.80, 2.70, 5.10, 1.90, 0.355096, 0.029332, 0.615572, Iris-virginica
7.10, 3.00, 5.90, 2.10, 0.955762, 0.006080, 0.038158, Iris-virginica
6.30, 2.90, 5.60, 1.80, 0.845518, 0.012535, 0.141947, Iris-virginica
6.50, 3.00, 5.80, 2.20, 0.957599, 0.004757, 0.037643, Iris-virginica
7.60, 3.00, 6.60, 2.10, 0.811839, 0.035478, 0.152683, Iris-virginica
4.90, 2.50, 4.50, 1.70, 0.167048, 0.073141, 0.759811, Iris-virginica
7.30, 2.90, 6.30, 1.80, 0.862937, 0.021913, 0.115150, Iris-virginica
6.70, 2.50, 5.80, 1.80, 0.868642, 0.014009, 0.117349, Iris-virginica
7.20, 3.60, 6.10, 2.50, 0.860979, 0.024419, 0.114602, Iris-virginica
6.50, 3.20, 5.10, 2.00, 0.773338, 0.016770, 0.209891, Iris-virginica
6.40, 2.70, 5.30, 1.90, 0.761092, 0.015771, 0.223137, Iris-virginica
6.80, 3.00, 5.50, 2.10, 0.988818, 0.001167, 0.010015, Iris-virginica
5.70, 2.50, 5.00, 2.00, 0.305664, 0.034415, 0.659921, Iris-virginica
5.80, 2.80, 5.10, 2.40, 0.500616, 0.038404, 0.460980, Iris-virginica
6.40, 3.20, 5.30, 2.30, 0.849864, 0.014068, 0.136068, Iris-virginica
6.50, 3.00, 5.50, 1.80, 0.913221, 0.007165, 0.079614, Iris-virginica
7.70, 3.80, 6.70, 2.20, 0.763579, 0.050590, 0.185832, Iris-virginica
7.70, 2.60, 6.90, 2.30, 0.757525, 0.049214, 0.193261, Iris-virginica
6.00, 2.20, 5.00, 1.50, 0.257081, 0.032252, 0.710666, Iris-virginica
6.90, 3.20, 5.70, 2.30, 0.970468, 0.003829, 0.025703, Iris-virginica
5.60, 2.80, 4.90, 2.00, 0.259377, 0.033679, 0.706944, Iris-virginica
7.70, 2.80, 6.70, 2.00, 0.783166, 0.041997, 0.174837, Iris-virginica
6.30, 2.70, 4.90, 1.80, 0.381399, 0.022825, 0.595776, Iris-virginica
6.70, 3.30, 5.70, 2.10, 0.975340, 0.002915, 0.021745, Iris-virginica
7.20, 3.20, 6.00, 1.80, 0.911909, 0.012914, 0.075177, Iris-virginica
6.20, 2.80, 4.80, 1.80, 0.271196, 0.020997, 0.707807, Iris-virginica
6.10, 3.00, 4.90, 1.80, 0.329955, 0.023106, 0.646939, Iris-virginica
6.40, 2.80, 5.60, 2.10, 0.908634, 0.008364, 0.083002, Iris-virginica
7.20, 3.00, 5.80, 1.60, 0.890785, 0.014456, 0.094760, Iris-virginica
7.40, 2.80, 6.10, 1.90, 0.872741, 0.019801, 0.107458, Iris-virginica
7.90, 3.80, 6.40, 2.00, 0.760087, 0.050904, 0.189009, Iris-virginica
6.40, 2.80, 5.60, 2.20, 0.906194, 0.008963, 0.084843, Iris-virginica
6.30, 2.80, 5.10, 1.50, 0.436351, 0.023414, 0.540236, Iris-virginica
6.10, 2.60, 5.60, 1.40, 0.576048, 0.031225, 0.392727, Iris-virginica
7.70, 3.00, 6.10, 2.30, 0.839540, 0.028675, 0.131785, Iris-virginica
6.30, 3.40, 5.60, 2.40, 0.854066, 0.017230, 0.128704, Iris-virginica
6.40, 3.10, 5.50, 1.80, 0.880142, 0.009788, 0.110070, Iris-virginica
6.00, 3.00, 4.80, 1.80, 0.228328, 0.021738, 0.749934, Iris-virginica
6.90, 3.10, 5.40, 2.10, 0.967549, 0.003491, 0.028961, Iris-virginica
6.70, 3.10, 5.60, 2.40, 0.957240, 0.005080, 0.037681, Iris-virginica
6.90, 3.10, 5.10, 2.30, 0.855106, 0.015408, 0.129487, Iris-virginica
5.80, 2.70, 5.10, 1.90, 0.355096, 0.029332, 0.615572, Iris-virginica
6.80, 3.20, 5.90, 2.30, 0.961008, 0.005252, 0.033740, Iris-virginica
6.70, 3.30, 5.70, 2.50, 0.927110, 0.009704, 0.063186, Iris-virginica
6.70, 3.00, 5.20, 2.30, 0.882350, 0.011268, 0.106383, Iris-virginica
6.30, 2.50, 5.00, 1.90, 0.466649, 0.025831, 0.507521, Iris-virginica
6.50, 3.00, 5.20, 2.00, 0.831454, 0.012120, 0.156426, Iris-virginica
6.20, 3.40, 5.40, 2.30, 0.789374, 0.021586, 0.189040, Iris-virginica
5.90, 3.00, 5.10, 1.80, 0.391262, 0.026941, 0.581797, Iris-virginica
