% Title: Title
%
% Centers:
% 	5.889100 2.761199 4.364109 1.397371 
% 	6.774998 3.052396 5.646763 2.053550 
% 	5.003561 3.403040 1.484993 0.251537 
%

@RELATION

@ATTRIBUTE Attribute0 	 REAL
@ATTRIBUTE Attribute1 	 REAL
@ATTRIBUTE Attribute2 	 REAL
@ATTRIBUTE Attribute3 	 REAL
@ATTRIBUTE MU 	 FUZZY {Zhluk0, Zhluk1, Zhluk2}
@ATTRIBUTE class 	 {Iris-setosa, Iris-versicolor, Iris-virginica}

@DATA
5.10, 3.50, 1.40, 0.20, 0.002501, 0.001163, 0.996336, Iris-setosa
4.90, 3.00, 1.40, 0.20, 0.015890, 0.007157, 0.976954, Iris-setosa
4.70, 3.20, 1.30, 0.20, 0.013429, 0.006261, 0.980310, Iris-setosa
4.60, 3.10, 1.50, 0.20, 0.021854, 0.009834, 0.968312, Iris-setosa
5.00, 3.60, 1.40, 0.20, 0.004131, 0.001942, 0.993927, Iris-setosa
5.40, 3.90, 1.70, 0.40, 0.045786, 0.021072, 0.933142, Iris-setosa
4.60, 3.40, 1.40, 0.30, 0.014006, 0.006506, 0.979487, Iris-setosa
5.00, 3.40, 1.50, 0.20, 0.000268, 0.000121, 0.999611, Iris-setosa
4.40, 2.90, 1.40, 0.20, 0.046910, 0.021534, 0.931556, Iris-setosa
4.90, 3.10, 1.50, 0.10, 0.011267, 0.005043, 0.983690, Iris-setosa
5.40, 3.70, 1.50, 0.20, 0.022320, 0.010466, 0.967214, Iris-setosa
4.80, 3.40, 1.60, 0.20, 0.005333, 0.002387, 0.992280, Iris-setosa
4.80, 3.00, 1.40, 0.10, 0.019421, 0.008832, 0.971747, Iris-setosa
4.30, 3.00, 1.10, 0.10, 0.051303, 0.024999, 0.923697, Iris-setosa
5.80, 4.00, 1.20, 0.20, 0.073505, 0.038098, 0.888397, Iris-setosa
5.70, 4.40, 1.50, 0.40, 0.105710, 0.055017, 0.839273, Iris-setosa
5.40, 3.90, 1.30, 0.40, 0.036522, 0.017961, 0.945517, Iris-setosa
5.10, 3.50, 1.40, 0.30, 0.002525, 0.001168, 0.996307, Iris-setosa
5.70, 3.80, 1.70, 0.30, 0.066289, 0.030649, 0.903062, Iris-setosa
5.10, 3.80, 1.50, 0.30, 0.014919, 0.007012, 0.978068, Iris-setosa
5.40, 3.40, 1.70, 0.20, 0.021750, 0.009495, 0.968755, Iris-setosa
5.10, 3.70, 1.50, 0.40, 0.011010, 0.005089, 0.983901, Iris-setosa
4.60, 3.60, 1.00, 0.20, 0.027860, 0.014011, 0.958129, Iris-setosa
5.10, 3.30, 1.70, 0.50, 0.014214, 0.006008, 0.979779, Iris-setosa
4.80, 3.40, 1.90, 0.20, 0.022997, 0.009735, 0.967267, Iris-setosa
5.00, 3.00, 1.60, 0.20, 0.017525, 0.007571, 0.974904, Iris-setosa
5.00, 3.40, 1.60, 0.40, 0.003571, 0.001569, 0.994861, Iris-setosa
5.20, 3.50, 1.50, 0.20, 0.004740, 0.002167, 0.993092, Iris-setosa
5.20, 3.40, 1.40, 0.20, 0.004339, 0.002001, 0.993660, Iris-setosa
4.70, 3.20, 1.60, 0.20, 0.013700, 0.006061, 0.980239, Iris-setosa
4.80, 3.10, 1.60, 0.20, 0.014086, 0.006162, 0.979751, Iris-setosa
5.40, 3.40, 1.50, 0.40, 0.017758, 0.007968, 0.974273, Iris-setosa
5.20, 4.10, 1.50, 0.10, 0.042211, 0.020863, 0.936926, Iris-setosa
5.50, 4.20, 1.40, 0.20, 0.064663, 0.032953, 0.902384, Iris-setosa
4.90, 3.10, 1.50, 0.10, 0.011267, 0.005043, 0.983690, Iris-setosa
5.00, 3.20, 1.20, 0.20, 0.009920, 0.004673, 0.985406, Iris-setosa
5.50, 3.50, 1.30, 0.20, 0.024493, 0.011680, 0.963826, Iris-setosa
4.90, 3.10, 1.50, 0.10, 0.011267, 0.005043, 0.983690, Iris-setosa
4.40, 3.00, 1.30, 0.20, 0.040478, 0.018951, 0.940570, Iris-setosa
5.10, 3.40, 1.50, 0.20, 0.001141, 0.000517, 0.998342, Iris-setosa
5.00, 3.50, 1.30, 0.30, 0.003833, 0.001806, 0.994361, Iris-setosa
4.50, 2.30, 1.30, 0.30, 0.100901, 0.046371, 0.852728, Iris-setosa
4.40, 3.20, 1.30, 0.20, 0.031865, 0.015063, 0.953072, Iris-setosa
5.00, 3.50, 1.60, 0.60, 0.014672, 0.006457, 0.978871, Iris-setosa
5.10, 3.80, 1.90, 0.40, 0.038891, 0.016934, 0.944175, Iris-setosa
4.80, 3.00, 1.40, 0.30, 0.018494, 0.008305, 0.973201, Iris-setosa
5.10, 3.80, 1.60, 0.20, 0.016550, 0.007695, 0.975755, Iris-setosa
4.60, 3.20, 1.40, 0.20, 0.017275, 0.007954, 0.974771, Iris-setosa
5.30, 3.70, 1.50, 0.20, 0.016081, 0.007523, 0.976396, Iris-setosa
5.00, 3.30, 1.40, 0.20, 0.001810, 0.000829, 0.997361, Iris-setosa
7.00, 3.20, 4.70, 1.40, 0.454277, 0.501123, 0.044600, Iris-versicolor
6.40, 3.20, 4.50, 1.50, 0.764061, 0.206764, 0.029176, Iris-versicolor
6.90, 3.10, 4.90, 1.50, 0.368767, 0.599946, 0.031287, Iris-versicolor
5.50, 2.30, 4.00, 1.30, 0.869995, 0.080471, 0.049534, Iris-versicolor
6.50, 2.80, 4.60, 1.50, 0.758757, 0.217110, 0.024134, Iris-versicolor
5.70, 2.80, 4.50, 1.30, 0.973777, 0.020471, 0.005752, Iris-versicolor
6.30, 3.30, 4.70, 1.60, 0.673036, 0.297159, 0.029805, Iris-versicolor
4.90, 2.40, 3.30, 1.00, 0.581527, 0.132121, 0.286352, Iris-versicolor
6.60, 2.90, 4.60, 1.30, 0.721040, 0.247696, 0.031265, Iris-versicolor
5.20, 2.70, 3.90, 1.40, 0.830310, 0.094716, 0.074975, Iris-versicolor
5.00, 2.00, 3.50, 1.00, 0.635680, 0.144914, 0.219406, Iris-versicolor
5.90, 3.00, 4.20, 1.50, 0.962070, 0.028733, 0.009197, Iris-versicolor
6.00, 2.20, 4.00, 1.00, 0.843036, 0.101131, 0.055832, Iris-versicolor
6.10, 2.90, 4.70, 1.40, 0.899680, 0.088197, 0.012123, Iris-versicolor
5.60, 2.90, 3.60, 1.30, 0.815936, 0.092189, 0.091876, Iris-versicolor
6.70, 3.10, 4.40, 1.40, 0.689896, 0.268355, 0.041749, Iris-versicolor
5.60, 3.00, 4.50, 1.50, 0.933148, 0.052679, 0.014173, Iris-versicolor
5.80, 2.70, 4.10, 1.00, 0.925640, 0.048388, 0.025972, Iris-versicolor
6.20, 2.20, 4.50, 1.50, 0.835356, 0.137434, 0.027210, Iris-versicolor
5.60, 2.50, 3.90, 1.10, 0.877459, 0.070793, 0.051748, Iris-versicolor
5.90, 3.20, 4.80, 1.80, 0.721656, 0.250714, 0.027630, Iris-versicolor
6.10, 2.80, 4.00, 1.30, 0.934228, 0.046237, 0.019536, Iris-versicolor
6.30, 2.50, 4.90, 1.50, 0.705422, 0.270570, 0.024008, Iris-versicolor
6.10, 2.80, 4.70, 1.20, 0.902751, 0.083299, 0.013950, Iris-versicolor
6.40, 2.90, 4.30, 1.30, 0.875915, 0.101153, 0.022932, Iris-versicolor
6.60, 3.00, 4.40, 1.40, 0.754800, 0.211230, 0.033970, Iris-versicolor
6.80, 2.80, 4.80, 1.40, 0.523669, 0.442688, 0.033643, Iris-versicolor
6.70, 3.00, 5.00, 1.70, 0.306327, 0.672471, 0.021201, Iris-versicolor
6.00, 2.90, 4.50, 1.50, 0.968904, 0.026159, 0.004937, Iris-versicolor
5.70, 2.60, 3.50, 1.00, 0.766574, 0.104632, 0.128794, Iris-versicolor
5.50, 2.40, 3.80, 1.10, 0.831991, 0.089898, 0.078111, Iris-versicolor
5.50, 2.40, 3.70, 1.00, 0.795065, 0.100732, 0.104203, Iris-versicolor
5.80, 2.70, 3.90, 1.20, 0.918596, 0.050326, 0.031078, Iris-versicolor
6.00, 2.70, 5.10, 1.60, 0.656300, 0.319699, 0.024001, Iris-versicolor
5.40, 3.00, 4.50, 1.50, 0.891113, 0.082465, 0.026422, Iris-versicolor
6.00, 3.40, 4.50, 1.60, 0.797184, 0.170667, 0.032149, Iris-versicolor
6.70, 3.10, 4.70, 1.50, 0.555442, 0.411082, 0.033475, Iris-versicolor
6.30, 2.30, 4.40, 1.30, 0.857590, 0.115480, 0.026930, Iris-versicolor
5.60, 3.00, 4.10, 1.30, 0.928859, 0.047000, 0.024141, Iris-versicolor
5.50, 2.50, 4.00, 1.30, 0.899279, 0.062408, 0.038313, Iris-versicolor
5.50, 2.60, 4.40, 1.20, 0.931058, 0.049253, 0.019689, Iris-versicolor
6.10, 3.00, 4.60, 1.40, 0.915697, 0.072680, 0.011623, Iris-versicolor
5.80, 2.60, 4.00, 1.20, 0.935594, 0.041813, 0.022593, Iris-versicolor
5.00, 2.30, 3.30, 1.00, 0.597336, 0.132558, 0.270106, Iris-versicolor
5.60, 2.70, 4.20, 1.30, 0.958811, 0.028467, 0.012722, Iris-versicolor
5.70, 3.00, 4.20, 1.20, 0.945498, 0.037685, 0.016816, Iris-versicolor
5.70, 2.90, 4.20, 1.30, 0.967374, 0.023026, 0.009600, Iris-versicolor
6.20, 2.90, 4.30, 1.30, 0.943879, 0.044703, 0.011418, Iris-versicolor
5.10, 2.50, 3.00, 1.10, 0.518969, 0.124264, 0.356767, Iris-versicolor
5.70, 2.80, 4.10, 1.30, 0.960513, 0.026759, 0.012728, Iris-versicolor
6.30, 3.30, 6.00, 2.50, 0.120749, 0.859885, 0.019366, Iris-virginica
5.80, 2.70, 5.10, 1.90, 0.615548, 0.355120, 0.029332, Iris-virginica
7.10, 3.00, 5.90, 2.10, 0.038162, 0.955757, 0.006081, Iris-virginica
6.30, 2.90, 5.60, 1.80, 0.141931, 0.845534, 0.012534, Iris-virginica
6.50, 3.00, 5.80, 2.20, 0.037642, 0.957601, 0.004757, Iris-virginica
7.60, 3.00, 6.60, 2.10, 0.152687, 0.811834, 0.035479, Iris-virginica
4.90, 2.50, 4.50, 1.70, 0.759811, 0.167050, 0.073139, Iris-virginica
7.30, 2.90, 6.30, 1.80, 0.115153, 0.862933, 0.021914, Iris-virginica
6.70, 2.50, 5.80, 1.80, 0.117344, 0.868647, 0.014009, Iris-virginica
7.20, 3.60, 6.10, 2.50, 0.114606, 0.860974, 0.024420, Iris-virginica
6.50, 3.20, 5.10, 2.00, 0.209868, 0.773363, 0.016769, Iris-virginica
6.40, 2.70, 5.30, 1.90, 0.223112, 0.761119, 0.015770, Iris-virginica
6.80, 3.00, 5.50, 2.10, 0.010013, 0.988821, 0.001167, Iris-virginica
5.70, 2.50, 5.00, 2.00, 0.659903, 0.305681, 0.034416, Iris-virginica
5.80, 2.80, 5.10, 2.40, 0.460961, 0.500636, 0.038403, Iris-virginica
6.40, 3.20, 5.30, 2.30, 0.136055, 0.849879, 0.014067, Iris-virginica
6.50, 3.00, 5.50, 1.80, 0.079600, 0.913235, 0.007164, Iris-virginica
7.70, 3.80, 6.70, 2.20, 0.185834, 0.763574, 0.050591, Iris-virginica
7.70, 2.60, 6.90, 2.30, 0.193263, 0.757521, 0.049216, Iris-virginica
6.00, 2.20, 5.00, 1.50, 0.710651, 0.257096, 0.032253, Iris-virginica
6.90, 3.20, 5.70, 2.30, 0.025706, 0.970464, 0.003830, Iris-virginica
5.60, 2.80, 4.90, 2.00, 0.706928, 0.259393, 0.033679, Iris-virginica
7.70, 2.80, 6.70, 2.00, 0.174840, 0.783162, 0.041998, Iris-virginica
6.30, 2.70, 4.90, 1.80, 0.595742, 0.381432, 0.022826, Iris-virginica
6.70, 3.30, 5.70, 2.10, 0.021745, 0.975340, 0.002915, Iris-virginica
7.20, 3.20, 6.00, 1.80, 0.075180, 0.911904, 0.012915, Iris-virginica
6.20, 2.80, 4.80, 1.80, 0.707776, 0.271226, 0.020998, Iris-virginica
6.10, 3.00, 4.90, 1.80, 0.646907, 0.329987, 0.023107, Iris-virginica
6.40, 2.80, 5.60, 2.10, 0.082992, 0.908645, 0.008364, Iris-virginica
7.20, 3.00, 5.80, 1.60, 0.094760, 0.890784, 0.014456, Iris-virginica
7.40, 2.80, 6.10, 1.90, 0.107461, 0.872737, 0.019802, Iris-virginica
7.90, 3.80, 6.40, 2.00, 0.189011, 0.760083, 0.050906, Iris-virginica
6.40, 2.80, 5.60, 2.20, 0.084834, 0.906204, 0.008962, Iris-virginica
6.30, 2.80, 5.10, 1.50, 0.540202, 0.436384, 0.023414, Iris-virginica
6.10, 2.60, 5.60, 1.40, 0.392708, 0.576068, 0.031225, Iris-virginica
7.70, 3.00, 6.10, 2.30, 0.131788, 0.839535, 0.028677, Iris-virginica
6.30, 3.40, 5.60, 2.40, 0.128698, 0.854072, 0.017230, Iris-virginica
6.40, 3.10, 5.50, 1.80, 0.110054, 0.880158, 0.009787, Iris-virginica
6.00, 3.00, 4.80, 1.80, 0.749908, 0.228353, 0.021739, Iris-virginica
6.90, 3.10, 5.40, 2.10, 0.028958, 0.967552, 0.003490, Iris-virginica
6.70, 3.10, 5.60, 2.40, 0.037680, 0.957240, 0.005080, Iris-virginica
6.90, 3.10, 5.10, 2.30, 0.129477, 0.855115, 0.015407, Iris-virginica
5.80, 2.70, 5.10, 1.90, 0.615548, 0.355120, 0.029332, Iris-virginica
6.80, 3.20, 5.90, 2.30, 0.033743, 0.961004, 0.005253, Iris-virginica
6.70, 3.30, 5.70, 2.50, 0.063187, 0.927109, 0.009704, Iris-virginica
6.70, 3.00, 5.20, 2.30, 0.106372, 0.882361, 0.011267, Iris-virginica
6.30, 2.50, 5.00, 1.90, 0.507491, 0.466678, 0.025831, Iris-virginica
6.50, 3.00, 5.20, 2.00, 0.156403, 0.831478, 0.012119, Iris-virginica
6.20, 3.40, 5.40, 2.30, 0.189028, 0.789387, 0.021585, Iris-virginica
5.90, 3.00, 5.10, 1.80, 0.581768, 0.391291, 0.026941, Iris-virginica
