% Title: Title
%
% Centers:
% 	5.889281 2.761264 4.364371 1.397506 
% 	6.775210 3.052458 5.647029 2.053654 
% 	5.003562 3.403032 1.485008 0.251544 
%

@RELATION

@ATTRIBUTE Attribute0 	 REAL
@ATTRIBUTE Attribute1 	 REAL
@ATTRIBUTE Attribute2 	 REAL
@ATTRIBUTE Attribute3 	 REAL
@ATTRIBUTE MU 	 FUZZY {Zhluk0, Zhluk1, Zhluk2}
@ATTRIBUTE class 	 {Iris-setosa, Iris-versicolor, Iris-virginica}

@DATA
5.10, 3.50, 1.40, 0.20, 0.002501, 0.001163, 0.996336, Iris-setosa
4.90, 3.00, 1.40, 0.20, 0.015885, 0.007155, 0.976961, Iris-setosa
4.70, 3.20, 1.30, 0.20, 0.013426, 0.006260, 0.980314, Iris-setosa
4.60, 3.10, 1.50, 0.20, 0.021847, 0.009832, 0.968321, Iris-setosa
5.00, 3.60, 1.40, 0.20, 0.004131, 0.001942, 0.993927, Iris-setosa
5.40, 3.90, 1.70, 0.40, 0.045774, 0.021068, 0.933158, Iris-setosa
4.60, 3.40, 1.40, 0.30, 0.014002, 0.006505, 0.979492, Iris-setosa
5.00, 3.40, 1.50, 0.20, 0.000268, 0.000121, 0.999611, Iris-setosa
4.40, 2.90, 1.40, 0.20, 0.046896, 0.021530, 0.931574, Iris-setosa
4.90, 3.10, 1.50, 0.10, 0.011263, 0.005042, 0.983695, Iris-setosa
5.40, 3.70, 1.50, 0.20, 0.022315, 0.010464, 0.967221, Iris-setosa
4.80, 3.40, 1.60, 0.20, 0.005331, 0.002386, 0.992283, Iris-setosa
4.80, 3.00, 1.40, 0.10, 0.019415, 0.008830, 0.971755, Iris-setosa
4.30, 3.00, 1.10, 0.10, 0.051291, 0.024995, 0.923714, Iris-setosa
5.80, 4.00, 1.20, 0.20, 0.073492, 0.038093, 0.888415, Iris-setosa
5.70, 4.40, 1.50, 0.40, 0.105692, 0.055009, 0.839299, Iris-setosa
5.40, 3.90, 1.30, 0.40, 0.036515, 0.017958, 0.945527, Iris-setosa
5.10, 3.50, 1.40, 0.30, 0.002524, 0.001168, 0.996308, Iris-setosa
5.70, 3.80, 1.70, 0.30, 0.066272, 0.030643, 0.903085, Iris-setosa
5.10, 3.80, 1.50, 0.30, 0.014916, 0.007011, 0.978072, Iris-setosa
5.40, 3.40, 1.70, 0.20, 0.021743, 0.009493, 0.968765, Iris-setosa
5.10, 3.70, 1.50, 0.40, 0.011007, 0.005088, 0.983905, Iris-setosa
4.60, 3.60, 1.00, 0.20, 0.027855, 0.014009, 0.958136, Iris-setosa
5.10, 3.30, 1.70, 0.50, 0.014207, 0.006005, 0.979787, Iris-setosa
4.80, 3.40, 1.90, 0.20, 0.022988, 0.009732, 0.967280, Iris-setosa
5.00, 3.00, 1.60, 0.20, 0.017518, 0.007569, 0.974913, Iris-setosa
5.00, 3.40, 1.60, 0.40, 0.003569, 0.001568, 0.994863, Iris-setosa
5.20, 3.50, 1.50, 0.20, 0.004739, 0.002167, 0.993094, Iris-setosa
5.20, 3.40, 1.40, 0.20, 0.004338, 0.002001, 0.993661, Iris-setosa
4.70, 3.20, 1.60, 0.20, 0.013695, 0.006060, 0.980246, Iris-setosa
4.80, 3.10, 1.60, 0.20, 0.014081, 0.006161, 0.979759, Iris-setosa
5.40, 3.40, 1.50, 0.40, 0.017753, 0.007966, 0.974281, Iris-setosa
5.20, 4.10, 1.50, 0.10, 0.042203, 0.020860, 0.936938, Iris-setosa
5.50, 4.20, 1.40, 0.20, 0.064651, 0.032948, 0.902401, Iris-setosa
4.90, 3.10, 1.50, 0.10, 0.011263, 0.005042, 0.983695, Iris-setosa
5.00, 3.20, 1.20, 0.20, 0.009918, 0.004673, 0.985409, Iris-setosa
5.50, 3.50, 1.30, 0.20, 0.024488, 0.011679, 0.963834, Iris-setosa
4.90, 3.10, 1.50, 0.10, 0.011263, 0.005042, 0.983695, Iris-setosa
4.40, 3.00, 1.30, 0.20, 0.040467, 0.018948, 0.940585, Iris-setosa
5.10, 3.40, 1.50, 0.20, 0.001141, 0.000517, 0.998343, Iris-setosa
5.00, 3.50, 1.30, 0.30, 0.003833, 0.001806, 0.994361, Iris-setosa
4.50, 2.30, 1.30, 0.30, 0.100873, 0.046363, 0.852764, Iris-setosa
4.40, 3.20, 1.30, 0.20, 0.031857, 0.015060, 0.953083, Iris-setosa
5.00, 3.50, 1.60, 0.60, 0.014667, 0.006456, 0.978878, Iris-setosa
5.10, 3.80, 1.90, 0.40, 0.038878, 0.016930, 0.944191, Iris-setosa
4.80, 3.00, 1.40, 0.30, 0.018487, 0.008303, 0.973209, Iris-setosa
5.10, 3.80, 1.60, 0.20, 0.016546, 0.007693, 0.975761, Iris-setosa
4.60, 3.20, 1.40, 0.20, 0.017270, 0.007952, 0.974777, Iris-setosa
5.30, 3.70, 1.50, 0.20, 0.016078, 0.007522, 0.976401, Iris-setosa
5.00, 3.30, 1.40, 0.20, 0.001810, 0.000829, 0.997361, Iris-setosa
7.00, 3.20, 4.70, 1.40, 0.454570, 0.500830, 0.044601, Iris-versicolor
6.40, 3.20, 4.50, 1.50, 0.764378, 0.206466, 0.029156, Iris-versicolor
6.90, 3.10, 4.90, 1.50, 0.369125, 0.599582, 0.031293, Iris-versicolor
5.50, 2.30, 4.00, 1.30, 0.869880, 0.080527, 0.049593, Iris-versicolor
6.50, 2.80, 4.60, 1.50, 0.759137, 0.216749, 0.024113, Iris-versicolor
5.70, 2.80, 4.50, 1.30, 0.973778, 0.020467, 0.005755, Iris-versicolor
6.30, 3.30, 4.70, 1.60, 0.673459, 0.296751, 0.029790, Iris-versicolor
4.90, 2.40, 3.30, 1.00, 0.581378, 0.132135, 0.286487, Iris-versicolor
6.60, 2.90, 4.60, 1.30, 0.721368, 0.247384, 0.031248, Iris-versicolor
5.20, 2.70, 3.90, 1.40, 0.830183, 0.094767, 0.075050, Iris-versicolor
5.00, 2.00, 3.50, 1.00, 0.635551, 0.144934, 0.219515, Iris-versicolor
5.90, 3.00, 4.20, 1.50, 0.962072, 0.028727, 0.009201, Iris-versicolor
6.00, 2.20, 4.00, 1.00, 0.842963, 0.101161, 0.055876, Iris-versicolor
6.10, 2.90, 4.70, 1.40, 0.899961, 0.087942, 0.012097, Iris-versicolor
5.60, 2.90, 3.60, 1.30, 0.815793, 0.092239, 0.091968, Iris-versicolor
6.70, 3.10, 4.40, 1.40, 0.690169, 0.268095, 0.041736, Iris-versicolor
5.60, 3.00, 4.50, 1.50, 0.933192, 0.052637, 0.014171, Iris-versicolor
5.80, 2.70, 4.10, 1.00, 0.925533, 0.048449, 0.026018, Iris-versicolor
6.20, 2.20, 4.50, 1.50, 0.835494, 0.137305, 0.027202, Iris-versicolor
5.60, 2.50, 3.90, 1.10, 0.877315, 0.070861, 0.051823, Iris-versicolor
5.90, 3.20, 4.80, 1.80, 0.722036, 0.250351, 0.027613, Iris-versicolor
6.10, 2.80, 4.00, 1.30, 0.934181, 0.046261, 0.019557, Iris-versicolor
6.30, 2.50, 4.90, 1.50, 0.705844, 0.270163, 0.023993, Iris-versicolor
6.10, 2.80, 4.70, 1.20, 0.902947, 0.083123, 0.013931, Iris-versicolor
6.40, 2.90, 4.30, 1.30, 0.876054, 0.101028, 0.022918, Iris-versicolor
6.60, 3.00, 4.40, 1.40, 0.755066, 0.210981, 0.033953, Iris-versicolor
6.80, 2.80, 4.80, 1.40, 0.524065, 0.442296, 0.033639, Iris-versicolor
6.70, 3.00, 5.00, 1.70, 0.306792, 0.671995, 0.021213, Iris-versicolor
6.00, 2.90, 4.50, 1.50, 0.969045, 0.026037, 0.004918, Iris-versicolor
5.70, 2.60, 3.50, 1.00, 0.766416, 0.104678, 0.128906, Iris-versicolor
5.50, 2.40, 3.80, 1.10, 0.831842, 0.089959, 0.078200, Iris-versicolor
5.50, 2.40, 3.70, 1.00, 0.794909, 0.100787, 0.104304, Iris-versicolor
5.80, 2.70, 3.90, 1.20, 0.918470, 0.050394, 0.031136, Iris-versicolor
6.00, 2.70, 5.10, 1.60, 0.656777, 0.319235, 0.023989, Iris-versicolor
5.40, 3.00, 4.50, 1.50, 0.891132, 0.082438, 0.026430, Iris-versicolor
6.00, 3.40, 4.50, 1.60, 0.797407, 0.170461, 0.032132, Iris-versicolor
6.70, 3.10, 4.70, 1.50, 0.555863, 0.410667, 0.033469, Iris-versicolor
6.30, 2.30, 4.40, 1.30, 0.857688, 0.115387, 0.026925, Iris-versicolor
5.60, 3.00, 4.10, 1.30, 0.928769, 0.047051, 0.024180, Iris-versicolor
5.50, 2.50, 4.00, 1.30, 0.899150, 0.062476, 0.038374, Iris-versicolor
5.50, 2.60, 4.40, 1.20, 0.930991, 0.049293, 0.019716, Iris-versicolor
6.10, 3.00, 4.60, 1.40, 0.915926, 0.072475, 0.011599, Iris-versicolor
5.80, 2.60, 4.00, 1.20, 0.935476, 0.041881, 0.022642, Iris-versicolor
5.00, 2.30, 3.30, 1.00, 0.597186, 0.132575, 0.270239, Iris-versicolor
5.60, 2.70, 4.20, 1.30, 0.958713, 0.028530, 0.012757, Iris-versicolor
5.70, 3.00, 4.20, 1.20, 0.945428, 0.037728, 0.016845, Iris-versicolor
5.70, 2.90, 4.20, 1.30, 0.967298, 0.023076, 0.009627, Iris-versicolor
6.20, 2.90, 4.30, 1.30, 0.943951, 0.044639, 0.011409, Iris-versicolor
5.10, 2.50, 3.00, 1.10, 0.518819, 0.124270, 0.356912, Iris-versicolor
5.70, 2.80, 4.10, 1.30, 0.960410, 0.026824, 0.012766, Iris-versicolor
6.30, 3.30, 6.00, 2.50, 0.120772, 0.859867, 0.019360, Iris-virginica
5.80, 2.70, 5.10, 1.90, 0.615954, 0.354721, 0.029325, Iris-virginica
7.10, 3.00, 5.90, 2.10, 0.038094, 0.955840, 0.006067, Iris-virginica
6.30, 2.90, 5.60, 1.80, 0.142198, 0.845253, 0.012548, Iris-virginica
6.50, 3.00, 5.80, 2.20, 0.037668, 0.957574, 0.004758, Iris-virginica
7.60, 3.00, 6.60, 2.10, 0.152633, 0.811913, 0.035454, Iris-virginica
4.90, 2.50, 4.50, 1.70, 0.759807, 0.167029, 0.073164, Iris-virginica
7.30, 2.90, 6.30, 1.80, 0.115102, 0.863002, 0.021895, Iris-virginica
6.70, 2.50, 5.80, 1.80, 0.117434, 0.868555, 0.014011, Iris-virginica
7.20, 3.60, 6.10, 2.50, 0.114550, 0.861052, 0.024398, Iris-virginica
6.50, 3.20, 5.10, 2.00, 0.210263, 0.772951, 0.016786, Iris-virginica
6.40, 2.70, 5.30, 1.90, 0.223535, 0.760680, 0.015785, Iris-virginica
6.80, 3.00, 5.50, 2.10, 0.010056, 0.988774, 0.001171, Iris-virginica
5.70, 2.50, 5.00, 2.00, 0.660204, 0.305388, 0.034408, Iris-virginica
5.80, 2.80, 5.10, 2.40, 0.461280, 0.500314, 0.038406, Iris-virginica
6.40, 3.20, 5.30, 2.30, 0.136279, 0.849641, 0.014080, Iris-virginica
6.50, 3.00, 5.50, 1.80, 0.079831, 0.912990, 0.007179, Iris-virginica
7.70, 3.80, 6.70, 2.20, 0.185793, 0.763643, 0.050564, Iris-virginica
7.70, 2.60, 6.90, 2.30, 0.193227, 0.757582, 0.049191, Iris-virginica
6.00, 2.20, 5.00, 1.50, 0.710914, 0.256843, 0.032243, Iris-virginica
6.90, 3.20, 5.70, 2.30, 0.025663, 0.970516, 0.003821, Iris-virginica
5.60, 2.80, 4.90, 2.00, 0.707209, 0.259123, 0.033669, Iris-virginica
7.70, 2.80, 6.70, 2.00, 0.174797, 0.783229, 0.041973, Iris-virginica
6.30, 2.70, 4.90, 1.80, 0.596312, 0.380871, 0.022817, Iris-virginica
6.70, 3.30, 5.70, 2.10, 0.021741, 0.975346, 0.002912, Iris-virginica
7.20, 3.20, 6.00, 1.80, 0.075126, 0.911974, 0.012900, Iris-virginica
6.20, 2.80, 4.80, 1.80, 0.708297, 0.270722, 0.020980, Iris-virginica
6.10, 3.00, 4.90, 1.80, 0.647454, 0.329453, 0.023094, Iris-virginica
6.40, 2.80, 5.60, 2.10, 0.083159, 0.908467, 0.008375, Iris-virginica
7.20, 3.00, 5.80, 1.60, 0.094756, 0.890796, 0.014448, Iris-virginica
7.40, 2.80, 6.10, 1.90, 0.107412, 0.872804, 0.019784, Iris-virginica
7.90, 3.80, 6.40, 2.00, 0.188976, 0.760145, 0.050879, Iris-virginica
6.40, 2.80, 5.60, 2.20, 0.084981, 0.906047, 0.008972, Iris-virginica
6.30, 2.80, 5.10, 1.50, 0.540766, 0.435825, 0.023410, Iris-virginica
6.10, 2.60, 5.60, 1.40, 0.393032, 0.575739, 0.031229, Iris-virginica
7.70, 3.00, 6.10, 2.30, 0.131733, 0.839614, 0.028653, Iris-virginica
6.30, 3.40, 5.60, 2.40, 0.128802, 0.853964, 0.017234, Iris-virginica
6.40, 3.10, 5.50, 1.80, 0.110316, 0.879881, 0.009803, Iris-virginica
6.00, 3.00, 4.80, 1.80, 0.750351, 0.227931, 0.021719, Iris-virginica
6.90, 3.10, 5.40, 2.10, 0.029010, 0.967496, 0.003494, Iris-virginica
6.70, 3.10, 5.60, 2.40, 0.037692, 0.957230, 0.005078, Iris-virginica
6.90, 3.10, 5.10, 2.30, 0.129632, 0.854952, 0.015416, Iris-virginica
5.80, 2.70, 5.10, 1.90, 0.615954, 0.354721, 0.029325, Iris-virginica
6.80, 3.20, 5.90, 2.30, 0.033688, 0.961071, 0.005241, Iris-virginica
6.70, 3.30, 5.70, 2.50, 0.063179, 0.927123, 0.009698, Iris-virginica
6.70, 3.00, 5.20, 2.30, 0.106559, 0.882162, 0.011279, Iris-virginica
6.30, 2.50, 5.00, 1.90, 0.507987, 0.466183, 0.025830, Iris-virginica
6.50, 3.00, 5.20, 2.00, 0.156785, 0.831077, 0.012138, Iris-virginica
6.20, 3.40, 5.40, 2.30, 0.189238, 0.789167, 0.021595, Iris-virginica
5.90, 3.00, 5.10, 1.80, 0.582254, 0.390811, 0.026935, Iris-virginica
