% Title: Title
%
% Centers:
% 	6.774989 3.052393 5.646753 2.053546 
% 	5.889092 2.761196 4.364098 1.397366 
% 	5.003561 3.403041 1.484993 0.251537 
%

@RELATION

@ATTRIBUTE Attribute0 	 REAL
@ATTRIBUTE Attribute1 	 REAL
@ATTRIBUTE Attribute2 	 REAL
@ATTRIBUTE Attribute3 	 REAL
@ATTRIBUTE MU 	 FUZZY {Zhluk0, Zhluk1, Zhluk2}
@ATTRIBUTE class 	 {Iris-setosa, Iris-versicolor, Iris-virginica}

@DATA
5.10, 3.50, 1.40, 0.20, 0.001163, 0.002501, 0.996336, Iris-setosa
4.90, 3.00, 1.40, 0.20, 0.007157, 0.015890, 0.976953, Iris-setosa
4.70, 3.20, 1.30, 0.20, 0.006261, 0.013429, 0.980310, Iris-setosa
4.60, 3.10, 1.50, 0.20, 0.009834, 0.021855, 0.968312, Iris-setosa
5.00, 3.60, 1.40, 0.20, 0.001942, 0.004131, 0.993927, Iris-setosa
5.40, 3.90, 1.70, 0.40, 0.021072, 0.045786, 0.933141, Iris-setosa
4.60, 3.40, 1.40, 0.30, 0.006506, 0.014006, 0.979487, Iris-setosa
5.00, 3.40, 1.50, 0.20, 0.000121, 0.000268, 0.999611, Iris-setosa
4.40, 2.90, 1.40, 0.20, 0.021534, 0.046910, 0.931556, Iris-setosa
4.90, 3.10, 1.50, 0.10, 0.005043, 0.011267, 0.983690, Iris-setosa
5.40, 3.70, 1.50, 0.20, 0.010466, 0.022320, 0.967214, Iris-setosa
4.80, 3.40, 1.60, 0.20, 0.002387, 0.005333, 0.992280, Iris-setosa
4.80, 3.00, 1.40, 0.10, 0.008832, 0.019422, 0.971747, Iris-setosa
4.30, 3.00, 1.10, 0.10, 0.025000, 0.051304, 0.923697, Iris-setosa
5.80, 4.00, 1.20, 0.20, 0.038098, 0.073505, 0.888396, Iris-setosa
5.70, 4.40, 1.50, 0.40, 0.055018, 0.105710, 0.839272, Iris-setosa
5.40, 3.90, 1.30, 0.40, 0.017961, 0.036523, 0.945517, Iris-setosa
5.10, 3.50, 1.40, 0.30, 0.001168, 0.002525, 0.996307, Iris-setosa
5.70, 3.80, 1.70, 0.30, 0.030649, 0.066289, 0.903062, Iris-setosa
5.10, 3.80, 1.50, 0.30, 0.007012, 0.014920, 0.978068, Iris-setosa
5.40, 3.40, 1.70, 0.20, 0.009495, 0.021750, 0.968754, Iris-setosa
5.10, 3.70, 1.50, 0.40, 0.005089, 0.011010, 0.983901, Iris-setosa
4.60, 3.60, 1.00, 0.20, 0.014011, 0.027860, 0.958129, Iris-setosa
5.10, 3.30, 1.70, 0.50, 0.006008, 0.014214, 0.979778, Iris-setosa
4.80, 3.40, 1.90, 0.20, 0.009735, 0.022998, 0.967267, Iris-setosa
5.00, 3.00, 1.60, 0.20, 0.007571, 0.017525, 0.974903, Iris-setosa
5.00, 3.40, 1.60, 0.40, 0.001569, 0.003571, 0.994861, Iris-setosa
5.20, 3.50, 1.50, 0.20, 0.002167, 0.004741, 0.993092, Iris-setosa
5.20, 3.40, 1.40, 0.20, 0.002001, 0.004339, 0.993660, Iris-setosa
4.70, 3.20, 1.60, 0.20, 0.006061, 0.013700, 0.980239, Iris-setosa
4.80, 3.10, 1.60, 0.20, 0.006163, 0.014087, 0.979751, Iris-setosa
5.40, 3.40, 1.50, 0.40, 0.007968, 0.017759, 0.974273, Iris-setosa
5.20, 4.10, 1.50, 0.10, 0.020863, 0.042212, 0.936926, Iris-setosa
5.50, 4.20, 1.40, 0.20, 0.032953, 0.064664, 0.902384, Iris-setosa
4.90, 3.10, 1.50, 0.10, 0.005043, 0.011267, 0.983690, Iris-setosa
5.00, 3.20, 1.20, 0.20, 0.004673, 0.009921, 0.985406, Iris-setosa
5.50, 3.50, 1.30, 0.20, 0.011680, 0.024494, 0.963826, Iris-setosa
4.90, 3.10, 1.50, 0.10, 0.005043, 0.011267, 0.983690, Iris-setosa
4.40, 3.00, 1.30, 0.20, 0.018952, 0.040479, 0.940570, Iris-setosa
5.10, 3.40, 1.50, 0.20, 0.000517, 0.001141, 0.998342, Iris-setosa
5.00, 3.50, 1.30, 0.30, 0.001806, 0.003833, 0.994361, Iris-setosa
4.50, 2.30, 1.30, 0.30, 0.046371, 0.100902, 0.852726, Iris-setosa
4.40, 3.20, 1.30, 0.20, 0.015063, 0.031865, 0.953072, Iris-setosa
5.00, 3.50, 1.60, 0.60, 0.006458, 0.014672, 0.978870, Iris-setosa
5.10, 3.80, 1.90, 0.40, 0.016934, 0.038891, 0.944174, Iris-setosa
4.80, 3.00, 1.40, 0.30, 0.008305, 0.018494, 0.973201, Iris-setosa
5.10, 3.80, 1.60, 0.20, 0.007695, 0.016550, 0.975755, Iris-setosa
4.60, 3.20, 1.40, 0.20, 0.007954, 0.017275, 0.974771, Iris-setosa
5.30, 3.70, 1.50, 0.20, 0.007523, 0.016081, 0.976396, Iris-setosa
5.00, 3.30, 1.40, 0.20, 0.000829, 0.001810, 0.997361, Iris-setosa
7.00, 3.20, 4.70, 1.40, 0.501135, 0.454265, 0.044600, Iris-versicolor
6.40, 3.20, 4.50, 1.50, 0.206775, 0.764048, 0.029177, Iris-versicolor
6.90, 3.10, 4.90, 1.50, 0.599960, 0.368752, 0.031287, Iris-versicolor
5.50, 2.30, 4.00, 1.30, 0.080469, 0.870000, 0.049532, Iris-versicolor
6.50, 2.80, 4.60, 1.50, 0.217124, 0.758742, 0.024134, Iris-versicolor
5.70, 2.80, 4.50, 1.30, 0.020471, 0.973777, 0.005752, Iris-versicolor
6.30, 3.30, 4.70, 1.60, 0.297175, 0.673019, 0.029806, Iris-versicolor
4.90, 2.40, 3.30, 1.00, 0.132120, 0.581533, 0.286347, Iris-versicolor
6.60, 2.90, 4.60, 1.30, 0.247708, 0.721027, 0.031265, Iris-versicolor
5.20, 2.70, 3.90, 1.40, 0.094714, 0.830314, 0.074972, Iris-versicolor
5.00, 2.00, 3.50, 1.00, 0.144914, 0.635685, 0.219402, Iris-versicolor
5.90, 3.00, 4.20, 1.50, 0.028734, 0.962069, 0.009197, Iris-versicolor
6.00, 2.20, 4.00, 1.00, 0.101130, 0.843039, 0.055831, Iris-versicolor
6.10, 2.90, 4.70, 1.40, 0.088208, 0.899669, 0.012124, Iris-versicolor
5.60, 2.90, 3.60, 1.30, 0.092187, 0.815941, 0.091872, Iris-versicolor
6.70, 3.10, 4.40, 1.40, 0.268365, 0.689885, 0.041750, Iris-versicolor
5.60, 3.00, 4.50, 1.50, 0.052681, 0.933146, 0.014173, Iris-versicolor
5.80, 2.70, 4.10, 1.00, 0.048386, 0.925644, 0.025970, Iris-versicolor
6.20, 2.20, 4.50, 1.50, 0.137439, 0.835350, 0.027211, Iris-versicolor
5.60, 2.50, 3.90, 1.10, 0.070790, 0.877465, 0.051745, Iris-versicolor
5.90, 3.20, 4.80, 1.80, 0.250729, 0.721640, 0.027631, Iris-versicolor
6.10, 2.80, 4.00, 1.30, 0.046236, 0.934229, 0.019535, Iris-versicolor
6.30, 2.50, 4.90, 1.50, 0.270586, 0.705406, 0.024008, Iris-versicolor
6.10, 2.80, 4.70, 1.20, 0.083306, 0.902743, 0.013951, Iris-versicolor
6.40, 2.90, 4.30, 1.30, 0.101158, 0.875909, 0.022932, Iris-versicolor
6.60, 3.00, 4.40, 1.40, 0.211240, 0.754790, 0.033971, Iris-versicolor
6.80, 2.80, 4.80, 1.40, 0.442704, 0.523653, 0.033643, Iris-versicolor
6.70, 3.00, 5.00, 1.70, 0.672491, 0.306309, 0.021201, Iris-versicolor
6.00, 2.90, 4.50, 1.50, 0.026164, 0.968898, 0.004938, Iris-versicolor
5.70, 2.60, 3.50, 1.00, 0.104630, 0.766581, 0.128789, Iris-versicolor
5.50, 2.40, 3.80, 1.10, 0.089895, 0.831997, 0.078108, Iris-versicolor
5.50, 2.40, 3.70, 1.00, 0.100730, 0.795071, 0.104199, Iris-versicolor
5.80, 2.70, 3.90, 1.20, 0.050323, 0.918601, 0.031075, Iris-versicolor
6.00, 2.70, 5.10, 1.60, 0.319718, 0.656281, 0.024001, Iris-versicolor
5.40, 3.00, 4.50, 1.50, 0.082466, 0.891112, 0.026422, Iris-versicolor
6.00, 3.40, 4.50, 1.60, 0.170676, 0.797175, 0.032150, Iris-versicolor
6.70, 3.10, 4.70, 1.50, 0.411099, 0.555425, 0.033476, Iris-versicolor
6.30, 2.30, 4.40, 1.30, 0.115483, 0.857586, 0.026930, Iris-versicolor
5.60, 3.00, 4.10, 1.30, 0.046998, 0.928862, 0.024140, Iris-versicolor
5.50, 2.50, 4.00, 1.30, 0.062406, 0.899284, 0.038311, Iris-versicolor
5.50, 2.60, 4.40, 1.20, 0.049251, 0.931060, 0.019688, Iris-versicolor
6.10, 3.00, 4.60, 1.40, 0.072689, 0.915687, 0.011624, Iris-versicolor
5.80, 2.60, 4.00, 1.20, 0.041810, 0.935599, 0.022592, Iris-versicolor
5.00, 2.30, 3.30, 1.00, 0.132558, 0.597341, 0.270101, Iris-versicolor
5.60, 2.70, 4.20, 1.30, 0.028465, 0.958815, 0.012720, Iris-versicolor
5.70, 3.00, 4.20, 1.20, 0.037684, 0.945501, 0.016815, Iris-versicolor
5.70, 2.90, 4.20, 1.30, 0.023024, 0.967377, 0.009599, Iris-versicolor
6.20, 2.90, 4.30, 1.30, 0.044706, 0.943876, 0.011419, Iris-versicolor
5.10, 2.50, 3.00, 1.10, 0.124264, 0.518974, 0.356762, Iris-versicolor
5.70, 2.80, 4.10, 1.30, 0.026757, 0.960517, 0.012726, Iris-versicolor
6.30, 3.30, 6.00, 2.50, 0.859886, 0.120748, 0.019366, Iris-virginica
5.80, 2.70, 5.10, 1.90, 0.355136, 0.615531, 0.029332, Iris-virginica
7.10, 3.00, 5.90, 2.10, 0.955754, 0.038165, 0.006081, Iris-virginica
6.30, 2.90, 5.60, 1.80, 0.845546, 0.141921, 0.012534, Iris-virginica
6.50, 3.00, 5.80, 2.20, 0.957602, 0.037641, 0.004757, Iris-virginica
7.60, 3.00, 6.60, 2.10, 0.811830, 0.152689, 0.035481, Iris-virginica
4.90, 2.50, 4.50, 1.70, 0.167051, 0.759811, 0.073138, Iris-virginica
7.30, 2.90, 6.30, 1.80, 0.862930, 0.115155, 0.021915, Iris-virginica
6.70, 2.50, 5.80, 1.80, 0.868651, 0.117340, 0.014009, Iris-virginica
7.20, 3.60, 6.10, 2.50, 0.860971, 0.114608, 0.024421, Iris-virginica
6.50, 3.20, 5.10, 2.00, 0.773380, 0.209852, 0.016768, Iris-virginica
6.40, 2.70, 5.30, 1.90, 0.761136, 0.223095, 0.015769, Iris-virginica
6.80, 3.00, 5.50, 2.10, 0.988822, 0.010011, 0.001166, Iris-virginica
5.70, 2.50, 5.00, 2.00, 0.305693, 0.659891, 0.034416, Iris-virginica
5.80, 2.80, 5.10, 2.40, 0.500649, 0.460948, 0.038403, Iris-virginica
6.40, 3.20, 5.30, 2.30, 0.849888, 0.136046, 0.014066, Iris-virginica
6.50, 3.00, 5.50, 1.80, 0.913245, 0.079591, 0.007164, Iris-virginica
7.70, 3.80, 6.70, 2.20, 0.763571, 0.185836, 0.050592, Iris-virginica
7.70, 2.60, 6.90, 2.30, 0.757518, 0.193265, 0.049217, Iris-virginica
6.00, 2.20, 5.00, 1.50, 0.257107, 0.710640, 0.032253, Iris-virginica
6.90, 3.20, 5.70, 2.30, 0.970462, 0.025707, 0.003830, Iris-virginica
5.60, 2.80, 4.90, 2.00, 0.259404, 0.706916, 0.033680, Iris-virginica
7.70, 2.80, 6.70, 2.00, 0.783159, 0.174842, 0.041999, Iris-virginica
6.30, 2.70, 4.90, 1.80, 0.381455, 0.595719, 0.022826, Iris-virginica
6.70, 3.30, 5.70, 2.10, 0.975340, 0.021745, 0.002915, Iris-virginica
7.20, 3.20, 6.00, 1.80, 0.911901, 0.075183, 0.012916, Iris-virginica
6.20, 2.80, 4.80, 1.80, 0.271246, 0.707755, 0.020999, Iris-virginica
6.10, 3.00, 4.90, 1.80, 0.330008, 0.646885, 0.023107, Iris-virginica
6.40, 2.80, 5.60, 2.10, 0.908652, 0.082985, 0.008363, Iris-virginica
7.20, 3.00, 5.80, 1.60, 0.890783, 0.094760, 0.014457, Iris-virginica
7.40, 2.80, 6.10, 1.90, 0.872734, 0.107463, 0.019803, Iris-virginica
7.90, 3.80, 6.40, 2.00, 0.760081, 0.189013, 0.050907, Iris-virginica
6.40, 2.80, 5.60, 2.20, 0.906210, 0.084828, 0.008962, Iris-virginica
6.30, 2.80, 5.10, 1.50, 0.436406, 0.540179, 0.023414, Iris-virginica
6.10, 2.60, 5.60, 1.40, 0.576081, 0.392695, 0.031224, Iris-virginica
7.70, 3.00, 6.10, 2.30, 0.839531, 0.131791, 0.028678, Iris-virginica
6.30, 3.40, 5.60, 2.40, 0.854077, 0.128694, 0.017229, Iris-virginica
6.40, 3.10, 5.50, 1.80, 0.880170, 0.110044, 0.009787, Iris-virginica
6.00, 3.00, 4.80, 1.80, 0.228370, 0.749890, 0.021739, Iris-virginica
6.90, 3.10, 5.40, 2.10, 0.967554, 0.028956, 0.003490, Iris-virginica
6.70, 3.10, 5.60, 2.40, 0.957241, 0.037679, 0.005080, Iris-virginica
6.90, 3.10, 5.10, 2.30, 0.855122, 0.129471, 0.015407, Iris-virginica
5.80, 2.70, 5.10, 1.90, 0.355136, 0.615531, 0.029332, Iris-virginica
6.80, 3.20, 5.90, 2.30, 0.961002, 0.033745, 0.005253, Iris-virginica
6.70, 3.30, 5.70, 2.50, 0.927108, 0.063187, 0.009705, Iris-virginica
6.70, 3.00, 5.20, 2.30, 0.882370, 0.106364, 0.011266, Iris-virginica
6.30, 2.50, 5.00, 1.90, 0.466698, 0.507471, 0.025831, Iris-virginica
6.50, 3.00, 5.20, 2.00, 0.831494, 0.156388, 0.012118, Iris-virginica
6.20, 3.40, 5.40, 2.30, 0.789396, 0.189019, 0.021585, Iris-virginica
5.90, 3.00, 5.10, 1.80, 0.391311, 0.581748, 0.026941, Iris-virginica
