% Title: Title
%
% Centers:
% 	6.775185 3.052453 5.647009 2.053653 
% 	5.003562 3.403030 1.485010 0.251545 
% 	5.889298 2.761271 4.364383 1.397508 
%

@RELATION

@ATTRIBUTE Attribute0 	 REAL
@ATTRIBUTE Attribute1 	 REAL
@ATTRIBUTE Attribute2 	 REAL
@ATTRIBUTE Attribute3 	 REAL
@ATTRIBUTE MU 	 FUZZY {Zhluk0, Zhluk1, Zhluk2}
@ATTRIBUTE class 	 {Iris-setosa, Iris-versicolor, Iris-virginica}

@DATA
5.10, 3.50, 1.40, 0.20, 0.001164, 0.996336, 0.002501, Iris-setosa
4.90, 3.00, 1.40, 0.20, 0.007155, 0.976961, 0.015884, Iris-setosa
4.70, 3.20, 1.30, 0.20, 0.006260, 0.980314, 0.013425, Iris-setosa
4.60, 3.10, 1.50, 0.20, 0.009832, 0.968322, 0.021846, Iris-setosa
5.00, 3.60, 1.40, 0.20, 0.001942, 0.993927, 0.004131, Iris-setosa
5.40, 3.90, 1.70, 0.40, 0.021069, 0.933158, 0.045773, Iris-setosa
4.60, 3.40, 1.40, 0.30, 0.006505, 0.979493, 0.014002, Iris-setosa
5.00, 3.40, 1.50, 0.20, 0.000121, 0.999611, 0.000268, Iris-setosa
4.40, 2.90, 1.40, 0.20, 0.021530, 0.931576, 0.046894, Iris-setosa
4.90, 3.10, 1.50, 0.10, 0.005042, 0.983696, 0.011262, Iris-setosa
5.40, 3.70, 1.50, 0.20, 0.010465, 0.967221, 0.022314, Iris-setosa
4.80, 3.40, 1.60, 0.20, 0.002386, 0.992283, 0.005330, Iris-setosa
4.80, 3.00, 1.40, 0.10, 0.008830, 0.971755, 0.019414, Iris-setosa
4.30, 3.00, 1.10, 0.10, 0.024996, 0.923715, 0.051289, Iris-setosa
5.80, 4.00, 1.20, 0.20, 0.038094, 0.888415, 0.073491, Iris-setosa
5.70, 4.40, 1.50, 0.40, 0.055011, 0.839298, 0.105690, Iris-setosa
5.40, 3.90, 1.30, 0.40, 0.017959, 0.945527, 0.036515, Iris-setosa
5.10, 3.50, 1.40, 0.30, 0.001168, 0.996307, 0.002524, Iris-setosa
5.70, 3.80, 1.70, 0.30, 0.030644, 0.903085, 0.066271, Iris-setosa
5.10, 3.80, 1.50, 0.30, 0.007012, 0.978072, 0.014916, Iris-setosa
5.40, 3.40, 1.70, 0.20, 0.009493, 0.968765, 0.021742, Iris-setosa
5.10, 3.70, 1.50, 0.40, 0.005088, 0.983905, 0.011007, Iris-setosa
4.60, 3.60, 1.00, 0.20, 0.014010, 0.958136, 0.027855, Iris-setosa
5.10, 3.30, 1.70, 0.50, 0.006005, 0.979788, 0.014206, Iris-setosa
4.80, 3.40, 1.90, 0.20, 0.009733, 0.967281, 0.022987, Iris-setosa
5.00, 3.00, 1.60, 0.20, 0.007569, 0.974914, 0.017517, Iris-setosa
5.00, 3.40, 1.60, 0.40, 0.001568, 0.994864, 0.003568, Iris-setosa
5.20, 3.50, 1.50, 0.20, 0.002167, 0.993094, 0.004739, Iris-setosa
5.20, 3.40, 1.40, 0.20, 0.002001, 0.993661, 0.004338, Iris-setosa
4.70, 3.20, 1.60, 0.20, 0.006060, 0.980246, 0.013694, Iris-setosa
4.80, 3.10, 1.60, 0.20, 0.006161, 0.979759, 0.014080, Iris-setosa
5.40, 3.40, 1.50, 0.40, 0.007967, 0.974281, 0.017752, Iris-setosa
5.20, 4.10, 1.50, 0.10, 0.020860, 0.936937, 0.042202, Iris-setosa
5.50, 4.20, 1.40, 0.20, 0.032949, 0.902400, 0.064651, Iris-setosa
4.90, 3.10, 1.50, 0.10, 0.005042, 0.983696, 0.011262, Iris-setosa
5.00, 3.20, 1.20, 0.20, 0.004673, 0.985409, 0.009918, Iris-setosa
5.50, 3.50, 1.30, 0.20, 0.011679, 0.963833, 0.024488, Iris-setosa
4.90, 3.10, 1.50, 0.10, 0.005042, 0.983696, 0.011262, Iris-setosa
4.40, 3.00, 1.30, 0.20, 0.018948, 0.940586, 0.040466, Iris-setosa
5.10, 3.40, 1.50, 0.20, 0.000517, 0.998343, 0.001141, Iris-setosa
5.00, 3.50, 1.30, 0.30, 0.001806, 0.994361, 0.003833, Iris-setosa
4.50, 2.30, 1.30, 0.30, 0.046364, 0.852766, 0.100869, Iris-setosa
4.40, 3.20, 1.30, 0.20, 0.015061, 0.953084, 0.031856, Iris-setosa
5.00, 3.50, 1.60, 0.60, 0.006456, 0.978878, 0.014666, Iris-setosa
5.10, 3.80, 1.90, 0.40, 0.016931, 0.944192, 0.038877, Iris-setosa
4.80, 3.00, 1.40, 0.30, 0.008303, 0.973210, 0.018487, Iris-setosa
5.10, 3.80, 1.60, 0.20, 0.007694, 0.975761, 0.016546, Iris-setosa
4.60, 3.20, 1.40, 0.20, 0.007953, 0.974778, 0.017270, Iris-setosa
5.30, 3.70, 1.50, 0.20, 0.007522, 0.976401, 0.016077, Iris-setosa
5.00, 3.30, 1.40, 0.20, 0.000829, 0.997361, 0.001810, Iris-setosa
7.00, 3.20, 4.70, 1.40, 0.500818, 0.044597, 0.454585, Iris-versicolor
6.40, 3.20, 4.50, 1.50, 0.206454, 0.029151, 0.764395, Iris-versicolor
6.90, 3.10, 4.90, 1.50, 0.599574, 0.031290, 0.369135, Iris-versicolor
5.50, 2.30, 4.00, 1.30, 0.080547, 0.049601, 0.869852, Iris-versicolor
6.50, 2.80, 4.60, 1.50, 0.216734, 0.024109, 0.759157, Iris-versicolor
5.70, 2.80, 4.50, 1.30, 0.020472, 0.005756, 0.973772, Iris-versicolor
6.30, 3.30, 4.70, 1.60, 0.296745, 0.029785, 0.673470, Iris-versicolor
4.90, 2.40, 3.30, 1.00, 0.132149, 0.286502, 0.581349, Iris-versicolor
6.60, 2.90, 4.60, 1.30, 0.247369, 0.031243, 0.721387, Iris-versicolor
5.20, 2.70, 3.90, 1.40, 0.094787, 0.075061, 0.830152, Iris-versicolor
5.00, 2.00, 3.50, 1.00, 0.144950, 0.219528, 0.635522, Iris-versicolor
5.90, 3.00, 4.20, 1.50, 0.028730, 0.009201, 0.962069, Iris-versicolor
6.00, 2.20, 4.00, 1.00, 0.101175, 0.055880, 0.842945, Iris-versicolor
6.10, 2.90, 4.70, 1.40, 0.087925, 0.012094, 0.899981, Iris-versicolor
5.60, 2.90, 3.60, 1.30, 0.092255, 0.091978, 0.815767, Iris-versicolor
6.70, 3.10, 4.40, 1.40, 0.268085, 0.041731, 0.690184, Iris-versicolor
5.60, 3.00, 4.50, 1.50, 0.052645, 0.014171, 0.933184, Iris-versicolor
5.80, 2.70, 4.10, 1.00, 0.048461, 0.026022, 0.925517, Iris-versicolor
6.20, 2.20, 4.50, 1.50, 0.137310, 0.027200, 0.835490, Iris-versicolor
5.60, 2.50, 3.90, 1.10, 0.070879, 0.051832, 0.877289, Iris-versicolor
5.90, 3.20, 4.80, 1.80, 0.250356, 0.027610, 0.722034, Iris-versicolor
6.10, 2.80, 4.00, 1.30, 0.046267, 0.019558, 0.934175, Iris-versicolor
6.30, 2.50, 4.90, 1.50, 0.270160, 0.023989, 0.705851, Iris-versicolor
6.10, 2.80, 4.70, 1.20, 0.083111, 0.013927, 0.902961, Iris-versicolor
6.40, 2.90, 4.30, 1.30, 0.101019, 0.022914, 0.876067, Iris-versicolor
6.60, 3.00, 4.40, 1.40, 0.210969, 0.033948, 0.755083, Iris-versicolor
6.80, 2.80, 4.80, 1.40, 0.442286, 0.033635, 0.524078, Iris-versicolor
6.70, 3.00, 5.00, 1.70, 0.672004, 0.021210, 0.306786, Iris-versicolor
6.00, 2.90, 4.50, 1.50, 0.026027, 0.004915, 0.969058, Iris-versicolor
5.70, 2.60, 3.50, 1.00, 0.104694, 0.128917, 0.766389, Iris-versicolor
5.50, 2.40, 3.80, 1.10, 0.089977, 0.078211, 0.831812, Iris-versicolor
5.50, 2.40, 3.70, 1.00, 0.100804, 0.104316, 0.794879, Iris-versicolor
5.80, 2.70, 3.90, 1.20, 0.050408, 0.031142, 0.918450, Iris-versicolor
6.00, 2.70, 5.10, 1.60, 0.319243, 0.023985, 0.656772, Iris-versicolor
5.40, 3.00, 4.50, 1.50, 0.082453, 0.026432, 0.891115, Iris-versicolor
6.00, 3.40, 4.50, 1.60, 0.170460, 0.032129, 0.797411, Iris-versicolor
6.70, 3.10, 4.70, 1.50, 0.410658, 0.033465, 0.555877, Iris-versicolor
6.30, 2.30, 4.40, 1.30, 0.115390, 0.026923, 0.857687, Iris-versicolor
5.60, 3.00, 4.10, 1.30, 0.047064, 0.024185, 0.928750, Iris-versicolor
5.50, 2.50, 4.00, 1.30, 0.062495, 0.038382, 0.899123, Iris-versicolor
5.50, 2.60, 4.40, 1.20, 0.049309, 0.019721, 0.930971, Iris-versicolor
6.10, 3.00, 4.60, 1.40, 0.072459, 0.011595, 0.915945, Iris-versicolor
5.80, 2.60, 4.00, 1.20, 0.041895, 0.022648, 0.935457, Iris-versicolor
5.00, 2.30, 3.30, 1.00, 0.132589, 0.270255, 0.597157, Iris-versicolor
5.60, 2.70, 4.20, 1.30, 0.028544, 0.012762, 0.958693, Iris-versicolor
5.70, 3.00, 4.20, 1.20, 0.037738, 0.016848, 0.945415, Iris-versicolor
5.70, 2.90, 4.20, 1.30, 0.023086, 0.009630, 0.967285, Iris-versicolor
6.20, 2.90, 4.30, 1.30, 0.044632, 0.011407, 0.943961, Iris-versicolor
5.10, 2.50, 3.00, 1.10, 0.124281, 0.356927, 0.518792, Iris-versicolor
5.70, 2.80, 4.10, 1.30, 0.026836, 0.012771, 0.960393, Iris-versicolor
6.30, 3.30, 6.00, 2.50, 0.859865, 0.019360, 0.120775, Iris-virginica
5.80, 2.70, 5.10, 1.90, 0.354742, 0.029322, 0.615937, Iris-virginica
7.10, 3.00, 5.90, 2.10, 0.955818, 0.006069, 0.038113, Iris-virginica
6.30, 2.90, 5.60, 1.80, 0.845278, 0.012545, 0.142177, Iris-virginica
6.50, 3.00, 5.80, 2.20, 0.957579, 0.004757, 0.037664, Iris-virginica
7.60, 3.00, 6.60, 2.10, 0.811883, 0.035458, 0.152658, Iris-virginica
4.90, 2.50, 4.50, 1.70, 0.167052, 0.073169, 0.759779, Iris-virginica
7.30, 2.90, 6.30, 1.80, 0.862973, 0.021899, 0.115128, Iris-virginica
6.70, 2.50, 5.80, 1.80, 0.868550, 0.014011, 0.117439, Iris-virginica
7.20, 3.60, 6.10, 2.50, 0.861028, 0.024401, 0.114571, Iris-virginica
6.50, 3.20, 5.10, 2.00, 0.772979, 0.016782, 0.210238, Iris-virginica
6.40, 2.70, 5.30, 1.90, 0.760712, 0.015782, 0.223507, Iris-virginica
6.80, 3.00, 5.50, 2.10, 0.988779, 0.001170, 0.010051, Iris-virginica
5.70, 2.50, 5.00, 2.00, 0.305410, 0.034405, 0.660185, Iris-virginica
5.80, 2.80, 5.10, 2.40, 0.500341, 0.038402, 0.461257, Iris-virginica
6.40, 3.20, 5.30, 2.30, 0.849667, 0.014077, 0.136257, Iris-virginica
6.50, 3.00, 5.50, 1.80, 0.913013, 0.007177, 0.079810, Iris-virginica
7.70, 3.80, 6.70, 2.20, 0.763616, 0.050568, 0.185817, Iris-virginica
7.70, 2.60, 6.90, 2.30, 0.757557, 0.049194, 0.193249, Iris-virginica
6.00, 2.20, 5.00, 1.50, 0.256853, 0.032241, 0.710906, Iris-virginica
6.90, 3.20, 5.70, 2.30, 0.970505, 0.003823, 0.025672, Iris-virginica
5.60, 2.80, 4.90, 2.00, 0.259142, 0.033666, 0.707191, Iris-virginica
7.70, 2.80, 6.70, 2.00, 0.783201, 0.041977, 0.174822, Iris-virginica
6.30, 2.70, 4.90, 1.80, 0.380877, 0.022813, 0.596309, Iris-virginica
6.70, 3.30, 5.70, 2.10, 0.975344, 0.002913, 0.021744, Iris-virginica
7.20, 3.20, 6.00, 1.80, 0.911947, 0.012903, 0.075150, Iris-virginica
6.20, 2.80, 4.80, 1.80, 0.270720, 0.020977, 0.708303, Iris-virginica
6.10, 3.00, 4.90, 1.80, 0.329458, 0.023090, 0.647452, Iris-virginica
6.40, 2.80, 5.60, 2.10, 0.908489, 0.008372, 0.083139, Iris-virginica
7.20, 3.00, 5.80, 1.60, 0.890770, 0.014451, 0.094779, Iris-virginica
7.40, 2.80, 6.10, 1.90, 0.872775, 0.019788, 0.107437, Iris-virginica
7.90, 3.80, 6.40, 2.00, 0.760116, 0.050883, 0.189000, Iris-virginica
6.40, 2.80, 5.60, 2.20, 0.906067, 0.008970, 0.084964, Iris-virginica
6.30, 2.80, 5.10, 1.50, 0.435829, 0.023406, 0.540765, Iris-virginica
6.10, 2.60, 5.60, 1.40, 0.575749, 0.031226, 0.393025, Iris-virginica
7.70, 3.00, 6.10, 2.30, 0.839584, 0.028658, 0.131759, Iris-virginica
6.30, 3.40, 5.60, 2.40, 0.853975, 0.017232, 0.128794, Iris-virginica
6.40, 3.10, 5.50, 1.80, 0.879906, 0.009800, 0.110294, Iris-virginica
6.00, 3.00, 4.80, 1.80, 0.227931, 0.021715, 0.750354, Iris-virginica
6.90, 3.10, 5.40, 2.10, 0.967497, 0.003494, 0.029009, Iris-virginica
6.70, 3.10, 5.60, 2.40, 0.957231, 0.005078, 0.037691, Iris-virginica
6.90, 3.10, 5.10, 2.30, 0.854958, 0.015414, 0.129628, Iris-virginica
5.80, 2.70, 5.10, 1.90, 0.354742, 0.029322, 0.615937, Iris-virginica
6.80, 3.20, 5.90, 2.30, 0.961058, 0.005243, 0.033699, Iris-virginica
6.70, 3.30, 5.70, 2.50, 0.927118, 0.009698, 0.063183, Iris-virginica
6.70, 3.00, 5.20, 2.30, 0.882180, 0.011276, 0.106544, Iris-virginica
6.30, 2.50, 5.00, 1.90, 0.466200, 0.025826, 0.507974, Iris-virginica
6.50, 3.00, 5.20, 2.00, 0.831113, 0.012134, 0.156754, Iris-virginica
6.20, 3.40, 5.40, 2.30, 0.789188, 0.021592, 0.189221, Iris-virginica
5.90, 3.00, 5.10, 1.80, 0.390829, 0.026931, 0.582240, Iris-virginica
