% Title: Title
%
% Centers:
% 	5.003561 3.403041 1.484992 0.251537 
% 	5.889084 2.761193 4.364085 1.397359 
% 	6.774978 3.052390 5.646739 2.053541 
%

@RELATION

@ATTRIBUTE Attribute0 	 REAL
@ATTRIBUTE Attribute1 	 REAL
@ATTRIBUTE Attribute2 	 REAL
@ATTRIBUTE Attribute3 	 REAL
@ATTRIBUTE MU 	 FUZZY {Zhluk0, Zhluk1, Zhluk2}
@ATTRIBUTE class 	 {Iris-setosa, Iris-versicolor, Iris-virginica}

@DATA
5.10, 3.50, 1.40, 0.20, 0.996336, 0.002501, 0.001163, Iris-setosa
4.90, 3.00, 1.40, 0.20, 0.976953, 0.015890, 0.007157, Iris-setosa
4.70, 3.20, 1.30, 0.20, 0.980309, 0.013429, 0.006261, Iris-setosa
4.60, 3.10, 1.50, 0.20, 0.968311, 0.021855, 0.009834, Iris-setosa
5.00, 3.60, 1.40, 0.20, 0.993927, 0.004131, 0.001942, Iris-setosa
5.40, 3.90, 1.70, 0.40, 0.933140, 0.045787, 0.021073, Iris-setosa
4.60, 3.40, 1.40, 0.30, 0.979487, 0.014007, 0.006506, Iris-setosa
5.00, 3.40, 1.50, 0.20, 0.999611, 0.000268, 0.000121, Iris-setosa
4.40, 2.90, 1.40, 0.20, 0.931555, 0.046911, 0.021534, Iris-setosa
4.90, 3.10, 1.50, 0.10, 0.983690, 0.011267, 0.005043, Iris-setosa
5.40, 3.70, 1.50, 0.20, 0.967214, 0.022320, 0.010466, Iris-setosa
4.80, 3.40, 1.60, 0.20, 0.992280, 0.005333, 0.002387, Iris-setosa
4.80, 3.00, 1.40, 0.10, 0.971746, 0.019422, 0.008832, Iris-setosa
4.30, 3.00, 1.10, 0.10, 0.923696, 0.051304, 0.025000, Iris-setosa
5.80, 4.00, 1.20, 0.20, 0.888396, 0.073506, 0.038099, Iris-setosa
5.70, 4.40, 1.50, 0.40, 0.839271, 0.105711, 0.055018, Iris-setosa
5.40, 3.90, 1.30, 0.40, 0.945516, 0.036523, 0.017961, Iris-setosa
5.10, 3.50, 1.40, 0.30, 0.996307, 0.002525, 0.001168, Iris-setosa
5.70, 3.80, 1.70, 0.30, 0.903060, 0.066290, 0.030649, Iris-setosa
5.10, 3.80, 1.50, 0.30, 0.978068, 0.014920, 0.007013, Iris-setosa
5.40, 3.40, 1.70, 0.20, 0.968754, 0.021751, 0.009496, Iris-setosa
5.10, 3.70, 1.50, 0.40, 0.983901, 0.011010, 0.005089, Iris-setosa
4.60, 3.60, 1.00, 0.20, 0.958129, 0.027861, 0.014011, Iris-setosa
5.10, 3.30, 1.70, 0.50, 0.979778, 0.014214, 0.006008, Iris-setosa
4.80, 3.40, 1.90, 0.20, 0.967266, 0.022998, 0.009736, Iris-setosa
5.00, 3.00, 1.60, 0.20, 0.974903, 0.017526, 0.007571, Iris-setosa
5.00, 3.40, 1.60, 0.40, 0.994860, 0.003571, 0.001569, Iris-setosa
5.20, 3.50, 1.50, 0.20, 0.993092, 0.004741, 0.002167, Iris-setosa
5.20, 3.40, 1.40, 0.20, 0.993660, 0.004339, 0.002001, Iris-setosa
4.70, 3.20, 1.60, 0.20, 0.980238, 0.013700, 0.006061, Iris-setosa
4.80, 3.10, 1.60, 0.20, 0.979751, 0.014087, 0.006163, Iris-setosa
5.40, 3.40, 1.50, 0.40, 0.974273, 0.017759, 0.007968, Iris-setosa
5.20, 4.10, 1.50, 0.10, 0.936925, 0.042212, 0.020863, Iris-setosa
5.50, 4.20, 1.40, 0.20, 0.902383, 0.064664, 0.032953, Iris-setosa
4.90, 3.10, 1.50, 0.10, 0.983690, 0.011267, 0.005043, Iris-setosa
5.00, 3.20, 1.20, 0.20, 0.985406, 0.009921, 0.004673, Iris-setosa
5.50, 3.50, 1.30, 0.20, 0.963826, 0.024494, 0.011681, Iris-setosa
4.90, 3.10, 1.50, 0.10, 0.983690, 0.011267, 0.005043, Iris-setosa
4.40, 3.00, 1.30, 0.20, 0.940569, 0.040479, 0.018952, Iris-setosa
5.10, 3.40, 1.50, 0.20, 0.998342, 0.001141, 0.000517, Iris-setosa
5.00, 3.50, 1.30, 0.30, 0.994361, 0.003833, 0.001806, Iris-setosa
4.50, 2.30, 1.30, 0.30, 0.852725, 0.100904, 0.046372, Iris-setosa
4.40, 3.20, 1.30, 0.20, 0.953071, 0.031866, 0.015063, Iris-setosa
5.00, 3.50, 1.60, 0.60, 0.978870, 0.014672, 0.006458, Iris-setosa
5.10, 3.80, 1.90, 0.40, 0.944173, 0.038892, 0.016935, Iris-setosa
4.80, 3.00, 1.40, 0.30, 0.973200, 0.018494, 0.008305, Iris-setosa
5.10, 3.80, 1.60, 0.20, 0.975755, 0.016550, 0.007695, Iris-setosa
4.60, 3.20, 1.40, 0.20, 0.974770, 0.017276, 0.007954, Iris-setosa
5.30, 3.70, 1.50, 0.20, 0.976396, 0.016082, 0.007523, Iris-setosa
5.00, 3.30, 1.40, 0.20, 0.997361, 0.001810, 0.000829, Iris-setosa
7.00, 3.20, 4.70, 1.40, 0.044600, 0.454251, 0.501149, Iris-versicolor
6.40, 3.20, 4.50, 1.50, 0.029178, 0.764032, 0.206790, Iris-versicolor
6.90, 3.10, 4.90, 1.50, 0.031287, 0.368735, 0.599978, Iris-versicolor
5.50, 2.30, 4.00, 1.30, 0.049529, 0.870005, 0.080466, Iris-versicolor
6.50, 2.80, 4.60, 1.50, 0.024135, 0.758723, 0.217142, Iris-versicolor
5.70, 2.80, 4.50, 1.30, 0.005752, 0.973777, 0.020471, Iris-versicolor
6.30, 3.30, 4.70, 1.60, 0.029806, 0.672998, 0.297195, Iris-versicolor
4.90, 2.40, 3.30, 1.00, 0.286340, 0.581540, 0.132120, Iris-versicolor
6.60, 2.90, 4.60, 1.30, 0.031266, 0.721010, 0.247724, Iris-versicolor
5.20, 2.70, 3.90, 1.40, 0.074968, 0.830320, 0.094711, Iris-versicolor
5.00, 2.00, 3.50, 1.00, 0.219396, 0.635691, 0.144913, Iris-versicolor
5.90, 3.00, 4.20, 1.50, 0.009197, 0.962069, 0.028734, Iris-versicolor
6.00, 2.20, 4.00, 1.00, 0.055829, 0.843043, 0.101129, Iris-versicolor
6.10, 2.90, 4.70, 1.40, 0.012125, 0.899655, 0.088220, Iris-versicolor
5.60, 2.90, 3.60, 1.30, 0.091868, 0.815948, 0.092184, Iris-versicolor
6.70, 3.10, 4.40, 1.40, 0.041750, 0.689871, 0.268378, Iris-versicolor
5.60, 3.00, 4.50, 1.50, 0.014173, 0.933144, 0.052683, Iris-versicolor
5.80, 2.70, 4.10, 1.00, 0.025968, 0.925649, 0.048383, Iris-versicolor
6.20, 2.20, 4.50, 1.50, 0.027211, 0.835344, 0.137445, Iris-versicolor
5.60, 2.50, 3.90, 1.10, 0.051742, 0.877472, 0.070787, Iris-versicolor
5.90, 3.20, 4.80, 1.80, 0.027632, 0.721621, 0.250747, Iris-versicolor
6.10, 2.80, 4.00, 1.30, 0.019534, 0.934232, 0.046235, Iris-versicolor
6.30, 2.50, 4.90, 1.50, 0.024009, 0.705385, 0.270606, Iris-versicolor
6.10, 2.80, 4.70, 1.20, 0.013952, 0.902733, 0.083315, Iris-versicolor
6.40, 2.90, 4.30, 1.30, 0.022933, 0.875902, 0.101165, Iris-versicolor
6.60, 3.00, 4.40, 1.40, 0.033971, 0.754777, 0.211252, Iris-versicolor
6.80, 2.80, 4.80, 1.40, 0.033643, 0.523634, 0.442723, Iris-versicolor
6.70, 3.00, 5.00, 1.70, 0.021200, 0.306286, 0.672514, Iris-versicolor
6.00, 2.90, 4.50, 1.50, 0.004939, 0.968891, 0.026170, Iris-versicolor
5.70, 2.60, 3.50, 1.00, 0.128784, 0.766588, 0.104628, Iris-versicolor
5.50, 2.40, 3.80, 1.10, 0.078104, 0.832004, 0.089893, Iris-versicolor
5.50, 2.40, 3.70, 1.00, 0.104194, 0.795078, 0.100728, Iris-versicolor
5.80, 2.70, 3.90, 1.20, 0.031073, 0.918607, 0.050320, Iris-versicolor
6.00, 2.70, 5.10, 1.60, 0.024002, 0.656257, 0.319741, Iris-versicolor
5.40, 3.00, 4.50, 1.50, 0.026422, 0.891111, 0.082467, Iris-versicolor
6.00, 3.40, 4.50, 1.60, 0.032150, 0.797164, 0.170686, Iris-versicolor
6.70, 3.10, 4.70, 1.50, 0.033476, 0.555405, 0.411120, Iris-versicolor
6.30, 2.30, 4.40, 1.30, 0.026931, 0.857582, 0.115488, Iris-versicolor
5.60, 3.00, 4.10, 1.30, 0.024138, 0.928867, 0.046996, Iris-versicolor
5.50, 2.50, 4.00, 1.30, 0.038308, 0.899290, 0.062403, Iris-versicolor
5.50, 2.60, 4.40, 1.20, 0.019687, 0.931063, 0.049250, Iris-versicolor
6.10, 3.00, 4.60, 1.40, 0.011625, 0.915676, 0.072699, Iris-versicolor
5.80, 2.60, 4.00, 1.20, 0.022589, 0.935604, 0.041807, Iris-versicolor
5.00, 2.30, 3.30, 1.00, 0.270095, 0.597349, 0.132557, Iris-versicolor
5.60, 2.70, 4.20, 1.30, 0.012719, 0.958820, 0.028462, Iris-versicolor
5.70, 3.00, 4.20, 1.20, 0.016814, 0.945505, 0.037682, Iris-versicolor
5.70, 2.90, 4.20, 1.30, 0.009598, 0.967380, 0.023022, Iris-versicolor
6.20, 2.90, 4.30, 1.30, 0.011419, 0.943872, 0.044709, Iris-versicolor
5.10, 2.50, 3.00, 1.10, 0.356755, 0.518982, 0.124264, Iris-versicolor
5.70, 2.80, 4.10, 1.30, 0.012725, 0.960522, 0.026753, Iris-versicolor
6.30, 3.30, 6.00, 2.50, 0.019366, 0.120747, 0.859887, Iris-virginica
5.80, 2.70, 5.10, 1.90, 0.029333, 0.615511, 0.355156, Iris-virginica
7.10, 3.00, 5.90, 2.10, 0.006082, 0.038169, 0.955749, Iris-virginica
6.30, 2.90, 5.60, 1.80, 0.012533, 0.141907, 0.845560, Iris-virginica
6.50, 3.00, 5.80, 2.20, 0.004757, 0.037639, 0.957603, Iris-virginica
7.60, 3.00, 6.60, 2.10, 0.035482, 0.152692, 0.811826, Iris-virginica
4.90, 2.50, 4.50, 1.70, 0.073137, 0.759811, 0.167052, Iris-virginica
7.30, 2.90, 6.30, 1.80, 0.021916, 0.115158, 0.862926, Iris-virginica
6.70, 2.50, 5.80, 1.80, 0.014009, 0.117336, 0.868656, Iris-virginica
7.20, 3.60, 6.10, 2.50, 0.024422, 0.114611, 0.860967, Iris-virginica
6.50, 3.20, 5.10, 2.00, 0.016768, 0.209832, 0.773401, Iris-virginica
6.40, 2.70, 5.30, 1.90, 0.015768, 0.223073, 0.761159, Iris-virginica
6.80, 3.00, 5.50, 2.10, 0.001166, 0.010009, 0.988825, Iris-virginica
5.70, 2.50, 5.00, 2.00, 0.034416, 0.659875, 0.305708, Iris-virginica
5.80, 2.80, 5.10, 2.40, 0.038403, 0.460932, 0.500665, Iris-virginica
6.40, 3.20, 5.30, 2.30, 0.014065, 0.136034, 0.849900, Iris-virginica
6.50, 3.00, 5.50, 1.80, 0.007163, 0.079579, 0.913258, Iris-virginica
7.70, 3.80, 6.70, 2.20, 0.050594, 0.185838, 0.763568, Iris-virginica
7.70, 2.60, 6.90, 2.30, 0.049218, 0.193267, 0.757515, Iris-virginica
6.00, 2.20, 5.00, 1.50, 0.032254, 0.710627, 0.257119, Iris-virginica
6.90, 3.20, 5.70, 2.30, 0.003831, 0.025710, 0.970460, Iris-virginica
5.60, 2.80, 4.90, 2.00, 0.033680, 0.706902, 0.259418, Iris-virginica
7.70, 2.80, 6.70, 2.00, 0.042000, 0.174844, 0.783156, Iris-virginica
6.30, 2.70, 4.90, 1.80, 0.022826, 0.595691, 0.381483, Iris-virginica
6.70, 3.30, 5.70, 2.10, 0.002915, 0.021746, 0.975340, Iris-virginica
7.20, 3.20, 6.00, 1.80, 0.012917, 0.075186, 0.911898, Iris-virginica
6.20, 2.80, 4.80, 1.80, 0.020999, 0.707729, 0.271271, Iris-virginica
6.10, 3.00, 4.90, 1.80, 0.023108, 0.646858, 0.330035, Iris-virginica
6.40, 2.80, 5.60, 2.10, 0.008362, 0.082976, 0.908661, Iris-virginica
7.20, 3.00, 5.80, 1.60, 0.014457, 0.094761, 0.890782, Iris-virginica
7.40, 2.80, 6.10, 1.90, 0.019804, 0.107466, 0.872730, Iris-virginica
7.90, 3.80, 6.40, 2.00, 0.050908, 0.189015, 0.760077, Iris-virginica
6.40, 2.80, 5.60, 2.20, 0.008962, 0.084820, 0.906218, Iris-virginica
6.30, 2.80, 5.10, 1.50, 0.023414, 0.540151, 0.436434, Iris-virginica
6.10, 2.60, 5.60, 1.40, 0.031224, 0.392678, 0.576097, Iris-virginica
7.70, 3.00, 6.10, 2.30, 0.028679, 0.131794, 0.839527, Iris-virginica
6.30, 3.40, 5.60, 2.40, 0.017229, 0.128688, 0.854082, Iris-virginica
6.40, 3.10, 5.50, 1.80, 0.009786, 0.110030, 0.880184, Iris-virginica
6.00, 3.00, 4.80, 1.80, 0.021740, 0.749868, 0.228391, Iris-virginica
6.90, 3.10, 5.40, 2.10, 0.003490, 0.028953, 0.967557, Iris-virginica
6.70, 3.10, 5.60, 2.40, 0.005080, 0.037679, 0.957241, Iris-virginica
6.90, 3.10, 5.10, 2.30, 0.015406, 0.129463, 0.855130, Iris-virginica
5.80, 2.70, 5.10, 1.90, 0.029333, 0.615511, 0.355156, Iris-virginica
6.80, 3.20, 5.90, 2.30, 0.005254, 0.033748, 0.960998, Iris-virginica
6.70, 3.30, 5.70, 2.50, 0.009705, 0.063188, 0.927107, Iris-virginica
6.70, 3.00, 5.20, 2.30, 0.011266, 0.106355, 0.882380, Iris-virginica
6.30, 2.50, 5.00, 1.90, 0.025831, 0.507447, 0.466723, Iris-virginica
6.50, 3.00, 5.20, 2.00, 0.012117, 0.156369, 0.831514, Iris-virginica
6.20, 3.40, 5.40, 2.30, 0.021584, 0.189009, 0.789407, Iris-virginica
5.90, 3.00, 5.10, 1.80, 0.026942, 0.581724, 0.391334, Iris-virginica
