% Title: Title
%
% Centers:
% 	5.003561 3.403041 1.484993 0.251537 
% 	6.774986 3.052392 5.646749 2.053545 
% 	5.889090 2.761195 4.364094 1.397364 
%

@RELATION

@ATTRIBUTE Attribute0 	 REAL
@ATTRIBUTE Attribute1 	 REAL
@ATTRIBUTE Attribute2 	 REAL
@ATTRIBUTE Attribute3 	 REAL
@ATTRIBUTE MU 	 FUZZY {Zhluk0, Zhluk1, Zhluk2}
@ATTRIBUTE class 	 {Iris-setosa, Iris-versicolor, Iris-virginica}

@DATA
5.10, 3.50, 1.40, 0.20, 0.996336, 0.001163, 0.002501, Iris-setosa
4.90, 3.00, 1.40, 0.20, 0.976953, 0.007157, 0.015890, Iris-setosa
4.70, 3.20, 1.30, 0.20, 0.980309, 0.006261, 0.013429, Iris-setosa
4.60, 3.10, 1.50, 0.20, 0.968311, 0.009834, 0.021855, Iris-setosa
5.00, 3.60, 1.40, 0.20, 0.993927, 0.001942, 0.004131, Iris-setosa
5.40, 3.90, 1.70, 0.40, 0.933141, 0.021073, 0.045787, Iris-setosa
4.60, 3.40, 1.40, 0.30, 0.979487, 0.006506, 0.014006, Iris-setosa
5.00, 3.40, 1.50, 0.20, 0.999611, 0.000121, 0.000268, Iris-setosa
4.40, 2.90, 1.40, 0.20, 0.931555, 0.021534, 0.046910, Iris-setosa
4.90, 3.10, 1.50, 0.10, 0.983690, 0.005043, 0.011267, Iris-setosa
5.40, 3.70, 1.50, 0.20, 0.967214, 0.010466, 0.022320, Iris-setosa
4.80, 3.40, 1.60, 0.20, 0.992280, 0.002387, 0.005333, Iris-setosa
4.80, 3.00, 1.40, 0.10, 0.971746, 0.008832, 0.019422, Iris-setosa
4.30, 3.00, 1.10, 0.10, 0.923696, 0.025000, 0.051304, Iris-setosa
5.80, 4.00, 1.20, 0.20, 0.888396, 0.038098, 0.073505, Iris-setosa
5.70, 4.40, 1.50, 0.40, 0.839272, 0.055018, 0.105711, Iris-setosa
5.40, 3.90, 1.30, 0.40, 0.945516, 0.017961, 0.036523, Iris-setosa
5.10, 3.50, 1.40, 0.30, 0.996307, 0.001168, 0.002525, Iris-setosa
5.70, 3.80, 1.70, 0.30, 0.903061, 0.030649, 0.066290, Iris-setosa
5.10, 3.80, 1.50, 0.30, 0.978068, 0.007013, 0.014920, Iris-setosa
5.40, 3.40, 1.70, 0.20, 0.968754, 0.009495, 0.021751, Iris-setosa
5.10, 3.70, 1.50, 0.40, 0.983901, 0.005089, 0.011010, Iris-setosa
4.60, 3.60, 1.00, 0.20, 0.958129, 0.014011, 0.027860, Iris-setosa
5.10, 3.30, 1.70, 0.50, 0.979778, 0.006008, 0.014214, Iris-setosa
4.80, 3.40, 1.90, 0.20, 0.967267, 0.009736, 0.022998, Iris-setosa
5.00, 3.00, 1.60, 0.20, 0.974903, 0.007571, 0.017525, Iris-setosa
5.00, 3.40, 1.60, 0.40, 0.994861, 0.001569, 0.003571, Iris-setosa
5.20, 3.50, 1.50, 0.20, 0.993092, 0.002167, 0.004741, Iris-setosa
5.20, 3.40, 1.40, 0.20, 0.993660, 0.002001, 0.004339, Iris-setosa
4.70, 3.20, 1.60, 0.20, 0.980239, 0.006061, 0.013700, Iris-setosa
4.80, 3.10, 1.60, 0.20, 0.979751, 0.006163, 0.014087, Iris-setosa
5.40, 3.40, 1.50, 0.40, 0.974273, 0.007968, 0.017759, Iris-setosa
5.20, 4.10, 1.50, 0.10, 0.936926, 0.020863, 0.042212, Iris-setosa
5.50, 4.20, 1.40, 0.20, 0.902383, 0.032953, 0.064664, Iris-setosa
4.90, 3.10, 1.50, 0.10, 0.983690, 0.005043, 0.011267, Iris-setosa
5.00, 3.20, 1.20, 0.20, 0.985406, 0.004673, 0.009921, Iris-setosa
5.50, 3.50, 1.30, 0.20, 0.963826, 0.011681, 0.024494, Iris-setosa
4.90, 3.10, 1.50, 0.10, 0.983690, 0.005043, 0.011267, Iris-setosa
4.40, 3.00, 1.30, 0.20, 0.940569, 0.018952, 0.040479, Iris-setosa
5.10, 3.40, 1.50, 0.20, 0.998342, 0.000517, 0.001141, Iris-setosa
5.00, 3.50, 1.30, 0.30, 0.994361, 0.001806, 0.003833, Iris-setosa
4.50, 2.30, 1.30, 0.30, 0.852726, 0.046371, 0.100903, Iris-setosa
4.40, 3.20, 1.30, 0.20, 0.953071, 0.015063, 0.031866, Iris-setosa
5.00, 3.50, 1.60, 0.60, 0.978870, 0.006458, 0.014672, Iris-setosa
5.10, 3.80, 1.90, 0.40, 0.944174, 0.016935, 0.038892, Iris-setosa
4.80, 3.00, 1.40, 0.30, 0.973201, 0.008305, 0.018494, Iris-setosa
5.10, 3.80, 1.60, 0.20, 0.975755, 0.007695, 0.016550, Iris-setosa
4.60, 3.20, 1.40, 0.20, 0.974770, 0.007954, 0.017276, Iris-setosa
5.30, 3.70, 1.50, 0.20, 0.976396, 0.007523, 0.016081, Iris-setosa
5.00, 3.30, 1.40, 0.20, 0.997361, 0.000829, 0.001810, Iris-setosa
7.00, 3.20, 4.70, 1.40, 0.044600, 0.501139, 0.454261, Iris-versicolor
6.40, 3.20, 4.50, 1.50, 0.029177, 0.206780, 0.764043, Iris-versicolor
6.90, 3.10, 4.90, 1.50, 0.031287, 0.599966, 0.368747, Iris-versicolor
5.50, 2.30, 4.00, 1.30, 0.049531, 0.080468, 0.870001, Iris-versicolor
6.50, 2.80, 4.60, 1.50, 0.024135, 0.217129, 0.758736, Iris-versicolor
5.70, 2.80, 4.50, 1.30, 0.005752, 0.020471, 0.973777, Iris-versicolor
6.30, 3.30, 4.70, 1.60, 0.029806, 0.297181, 0.673013, Iris-versicolor
4.90, 2.40, 3.30, 1.00, 0.286345, 0.132120, 0.581535, Iris-versicolor
6.60, 2.90, 4.60, 1.30, 0.031265, 0.247713, 0.721022, Iris-versicolor
5.20, 2.70, 3.90, 1.40, 0.074971, 0.094713, 0.830316, Iris-versicolor
5.00, 2.00, 3.50, 1.00, 0.219400, 0.144914, 0.635686, Iris-versicolor
5.90, 3.00, 4.20, 1.50, 0.009197, 0.028734, 0.962069, Iris-versicolor
6.00, 2.20, 4.00, 1.00, 0.055830, 0.101130, 0.843040, Iris-versicolor
6.10, 2.90, 4.70, 1.40, 0.012124, 0.088211, 0.899664, Iris-versicolor
5.60, 2.90, 3.60, 1.30, 0.091871, 0.092186, 0.815943, Iris-versicolor
6.70, 3.10, 4.40, 1.40, 0.041750, 0.268369, 0.689881, Iris-versicolor
5.60, 3.00, 4.50, 1.50, 0.014173, 0.052682, 0.933145, Iris-versicolor
5.80, 2.70, 4.10, 1.00, 0.025969, 0.048385, 0.925646, Iris-versicolor
6.20, 2.20, 4.50, 1.50, 0.027211, 0.137441, 0.835348, Iris-versicolor
5.60, 2.50, 3.90, 1.10, 0.051744, 0.070789, 0.877467, Iris-versicolor
5.90, 3.20, 4.80, 1.80, 0.027631, 0.250734, 0.721635, Iris-versicolor
6.10, 2.80, 4.00, 1.30, 0.019535, 0.046235, 0.934230, Iris-versicolor
6.30, 2.50, 4.90, 1.50, 0.024009, 0.270592, 0.705399, Iris-versicolor
6.10, 2.80, 4.70, 1.20, 0.013951, 0.083309, 0.902740, Iris-versicolor
6.40, 2.90, 4.30, 1.30, 0.022933, 0.101160, 0.875907, Iris-versicolor
6.60, 3.00, 4.40, 1.40, 0.033971, 0.211243, 0.754786, Iris-versicolor
6.80, 2.80, 4.80, 1.40, 0.033643, 0.442710, 0.523648, Iris-versicolor
6.70, 3.00, 5.00, 1.70, 0.021200, 0.672498, 0.306302, Iris-versicolor
6.00, 2.90, 4.50, 1.50, 0.004938, 0.026166, 0.968896, Iris-versicolor
5.70, 2.60, 3.50, 1.00, 0.128788, 0.104630, 0.766583, Iris-versicolor
5.50, 2.40, 3.80, 1.10, 0.078107, 0.089895, 0.831999, Iris-versicolor
5.50, 2.40, 3.70, 1.00, 0.104198, 0.100730, 0.795073, Iris-versicolor
5.80, 2.70, 3.90, 1.20, 0.031075, 0.050322, 0.918603, Iris-versicolor
6.00, 2.70, 5.10, 1.60, 0.024001, 0.319725, 0.656274, Iris-versicolor
5.40, 3.00, 4.50, 1.50, 0.026422, 0.082466, 0.891112, Iris-versicolor
6.00, 3.40, 4.50, 1.60, 0.032150, 0.170679, 0.797171, Iris-versicolor
6.70, 3.10, 4.70, 1.50, 0.033476, 0.411105, 0.555419, Iris-versicolor
6.30, 2.30, 4.40, 1.30, 0.026930, 0.115485, 0.857585, Iris-versicolor
5.60, 3.00, 4.10, 1.30, 0.024139, 0.046997, 0.928863, Iris-versicolor
5.50, 2.50, 4.00, 1.30, 0.038310, 0.062405, 0.899285, Iris-versicolor
5.50, 2.60, 4.40, 1.20, 0.019688, 0.049251, 0.931061, Iris-versicolor
6.10, 3.00, 4.60, 1.40, 0.011624, 0.072692, 0.915684, Iris-versicolor
5.80, 2.60, 4.00, 1.20, 0.022591, 0.041809, 0.935600, Iris-versicolor
5.00, 2.30, 3.30, 1.00, 0.270099, 0.132557, 0.597343, Iris-versicolor
5.60, 2.70, 4.20, 1.30, 0.012720, 0.028464, 0.958816, Iris-versicolor
5.70, 3.00, 4.20, 1.20, 0.016815, 0.037683, 0.945502, Iris-versicolor
5.70, 2.90, 4.20, 1.30, 0.009599, 0.023023, 0.967378, Iris-versicolor
6.20, 2.90, 4.30, 1.30, 0.011419, 0.044706, 0.943875, Iris-versicolor
5.10, 2.50, 3.00, 1.10, 0.356760, 0.124264, 0.518977, Iris-versicolor
5.70, 2.80, 4.10, 1.30, 0.012726, 0.026756, 0.960518, Iris-versicolor
6.30, 3.30, 6.00, 2.50, 0.019366, 0.859886, 0.120748, Iris-virginica
5.80, 2.70, 5.10, 1.90, 0.029333, 0.355143, 0.615525, Iris-virginica
7.10, 3.00, 5.90, 2.10, 0.006081, 0.955752, 0.038166, Iris-virginica
6.30, 2.90, 5.60, 1.80, 0.012533, 0.845550, 0.141916, Iris-virginica
6.50, 3.00, 5.80, 2.20, 0.004757, 0.957603, 0.037640, Iris-virginica
7.60, 3.00, 6.60, 2.10, 0.035481, 0.811829, 0.152690, Iris-virginica
4.90, 2.50, 4.50, 1.70, 0.073138, 0.167051, 0.759811, Iris-virginica
7.30, 2.90, 6.30, 1.80, 0.021915, 0.862928, 0.115156, Iris-virginica
6.70, 2.50, 5.80, 1.80, 0.014009, 0.868652, 0.117339, Iris-virginica
7.20, 3.60, 6.10, 2.50, 0.024421, 0.860970, 0.114609, Iris-virginica
6.50, 3.20, 5.10, 2.00, 0.016768, 0.773386, 0.209846, Iris-virginica
6.40, 2.70, 5.30, 1.90, 0.015769, 0.761143, 0.223088, Iris-virginica
6.80, 3.00, 5.50, 2.10, 0.001166, 0.988823, 0.010010, Iris-virginica
5.70, 2.50, 5.00, 2.00, 0.034416, 0.305698, 0.659886, Iris-virginica
5.80, 2.80, 5.10, 2.40, 0.038403, 0.500654, 0.460943, Iris-virginica
6.40, 3.20, 5.30, 2.30, 0.014066, 0.849892, 0.136042, Iris-virginica
6.50, 3.00, 5.50, 1.80, 0.007164, 0.913249, 0.079587, Iris-virginica
7.70, 3.80, 6.70, 2.20, 0.050593, 0.763570, 0.185837, Iris-virginica
7.70, 2.60, 6.90, 2.30, 0.049217, 0.757517, 0.193265, Iris-virginica
6.00, 2.20, 5.00, 1.50, 0.032253, 0.257110, 0.710636, Iris-virginica
6.90, 3.20, 5.70, 2.30, 0.003830, 0.970461, 0.025708, Iris-virginica
5.60, 2.80, 4.90, 2.00, 0.033680, 0.259408, 0.706912, Iris-virginica
7.70, 2.80, 6.70, 2.00, 0.042000, 0.783158, 0.174842, Iris-virginica
6.30, 2.70, 4.90, 1.80, 0.022826, 0.381463, 0.595711, Iris-virginica
6.70, 3.30, 5.70, 2.10, 0.002915, 0.975340, 0.021745, Iris-virginica
7.20, 3.20, 6.00, 1.80, 0.012916, 0.911900, 0.075184, Iris-virginica
6.20, 2.80, 4.80, 1.80, 0.020999, 0.271254, 0.707747, Iris-virginica
6.10, 3.00, 4.90, 1.80, 0.023107, 0.330016, 0.646877, Iris-virginica
6.40, 2.80, 5.60, 2.10, 0.008363, 0.908655, 0.082982, Iris-virginica
7.20, 3.00, 5.80, 1.60, 0.014457, 0.890783, 0.094760, Iris-virginica
7.40, 2.80, 6.10, 1.90, 0.019803, 0.872733, 0.107464, Iris-virginica
7.90, 3.80, 6.40, 2.00, 0.050907, 0.760079, 0.189013, Iris-virginica
6.40, 2.80, 5.60, 2.20, 0.008962, 0.906213, 0.084825, Iris-virginica
6.30, 2.80, 5.10, 1.50, 0.023414, 0.436415, 0.540171, Iris-virginica
6.10, 2.60, 5.60, 1.40, 0.031224, 0.576086, 0.392690, Iris-virginica
7.70, 3.00, 6.10, 2.30, 0.028678, 0.839530, 0.131792, Iris-virginica
6.30, 3.40, 5.60, 2.40, 0.017229, 0.854078, 0.128692, Iris-virginica
6.40, 3.10, 5.50, 1.80, 0.009787, 0.880174, 0.110040, Iris-virginica
6.00, 3.00, 4.80, 1.80, 0.021740, 0.228377, 0.749884, Iris-virginica
6.90, 3.10, 5.40, 2.10, 0.003490, 0.967555, 0.028955, Iris-virginica
6.70, 3.10, 5.60, 2.40, 0.005080, 0.957241, 0.037679, Iris-virginica
6.90, 3.10, 5.10, 2.30, 0.015407, 0.855125, 0.129469, Iris-virginica
5.80, 2.70, 5.10, 1.90, 0.029333, 0.355143, 0.615525, Iris-virginica
6.80, 3.20, 5.90, 2.30, 0.005253, 0.961001, 0.033746, Iris-virginica
6.70, 3.30, 5.70, 2.50, 0.009705, 0.927108, 0.063187, Iris-virginica
6.70, 3.00, 5.20, 2.30, 0.011266, 0.882373, 0.106361, Iris-virginica
6.30, 2.50, 5.00, 1.90, 0.025831, 0.466706, 0.507464, Iris-virginica
6.50, 3.00, 5.20, 2.00, 0.012118, 0.831500, 0.156382, Iris-virginica
6.20, 3.40, 5.40, 2.30, 0.021584, 0.789400, 0.189016, Iris-virginica
5.90, 3.00, 5.10, 1.80, 0.026941, 0.391318, 0.581741, Iris-virginica
