% Title: Title
%
% Centers:
% 	6.774982 3.052391 5.646743 2.053542 
% 	5.003561 3.403041 1.484992 0.251537 
% 	5.889086 2.761194 4.364089 1.397361 
%

@RELATION

@ATTRIBUTE Attribute0 	 REAL
@ATTRIBUTE Attribute1 	 REAL
@ATTRIBUTE Attribute2 	 REAL
@ATTRIBUTE Attribute3 	 REAL
@ATTRIBUTE MU 	 FUZZY {Zhluk0, Zhluk1, Zhluk2}
@ATTRIBUTE class 	 {Iris-setosa, Iris-versicolor, Iris-virginica}

@DATA
5.10, 3.50, 1.40, 0.20, 0.001163, 0.996336, 0.002501, Iris-setosa
4.90, 3.00, 1.40, 0.20, 0.007157, 0.976953, 0.015890, Iris-setosa
4.70, 3.20, 1.30, 0.20, 0.006261, 0.980309, 0.013429, Iris-setosa
4.60, 3.10, 1.50, 0.20, 0.009834, 0.968311, 0.021855, Iris-setosa
5.00, 3.60, 1.40, 0.20, 0.001942, 0.993927, 0.004131, Iris-setosa
5.40, 3.90, 1.70, 0.40, 0.021073, 0.933141, 0.045787, Iris-setosa
4.60, 3.40, 1.40, 0.30, 0.006506, 0.979487, 0.014006, Iris-setosa
5.00, 3.40, 1.50, 0.20, 0.000121, 0.999611, 0.000268, Iris-setosa
4.40, 2.90, 1.40, 0.20, 0.021534, 0.931555, 0.046911, Iris-setosa
4.90, 3.10, 1.50, 0.10, 0.005043, 0.983690, 0.011267, Iris-setosa
5.40, 3.70, 1.50, 0.20, 0.010466, 0.967214, 0.022320, Iris-setosa
4.80, 3.40, 1.60, 0.20, 0.002387, 0.992280, 0.005333, Iris-setosa
4.80, 3.00, 1.40, 0.10, 0.008832, 0.971746, 0.019422, Iris-setosa
4.30, 3.00, 1.10, 0.10, 0.025000, 0.923696, 0.051304, Iris-setosa
5.80, 4.00, 1.20, 0.20, 0.038099, 0.888396, 0.073506, Iris-setosa
5.70, 4.40, 1.50, 0.40, 0.055018, 0.839271, 0.105711, Iris-setosa
5.40, 3.90, 1.30, 0.40, 0.017961, 0.945516, 0.036523, Iris-setosa
5.10, 3.50, 1.40, 0.30, 0.001168, 0.996307, 0.002525, Iris-setosa
5.70, 3.80, 1.70, 0.30, 0.030649, 0.903061, 0.066290, Iris-setosa
5.10, 3.80, 1.50, 0.30, 0.007013, 0.978068, 0.014920, Iris-setosa
5.40, 3.40, 1.70, 0.20, 0.009495, 0.968754, 0.021751, Iris-setosa
5.10, 3.70, 1.50, 0.40, 0.005089, 0.983901, 0.011010, Iris-setosa
4.60, 3.60, 1.00, 0.20, 0.014011, 0.958129, 0.027860, Iris-setosa
5.10, 3.30, 1.70, 0.50, 0.006008, 0.979778, 0.014214, Iris-setosa
4.80, 3.40, 1.90, 0.20, 0.009736, 0.967267, 0.022998, Iris-setosa
5.00, 3.00, 1.60, 0.20, 0.007571, 0.974903, 0.017526, Iris-setosa
5.00, 3.40, 1.60, 0.40, 0.001569, 0.994860, 0.003571, Iris-setosa
5.20, 3.50, 1.50, 0.20, 0.002167, 0.993092, 0.004741, Iris-setosa
5.20, 3.40, 1.40, 0.20, 0.002001, 0.993660, 0.004339, Iris-setosa
4.70, 3.20, 1.60, 0.20, 0.006061, 0.980239, 0.013700, Iris-setosa
4.80, 3.10, 1.60, 0.20, 0.006163, 0.979751, 0.014087, Iris-setosa
5.40, 3.40, 1.50, 0.40, 0.007968, 0.974273, 0.017759, Iris-setosa
5.20, 4.10, 1.50, 0.10, 0.020863, 0.936925, 0.042212, Iris-setosa
5.50, 4.20, 1.40, 0.20, 0.032953, 0.902383, 0.064664, Iris-setosa
4.90, 3.10, 1.50, 0.10, 0.005043, 0.983690, 0.011267, Iris-setosa
5.00, 3.20, 1.20, 0.20, 0.004673, 0.985406, 0.009921, Iris-setosa
5.50, 3.50, 1.30, 0.20, 0.011681, 0.963826, 0.024494, Iris-setosa
4.90, 3.10, 1.50, 0.10, 0.005043, 0.983690, 0.011267, Iris-setosa
4.40, 3.00, 1.30, 0.20, 0.018952, 0.940569, 0.040479, Iris-setosa
5.10, 3.40, 1.50, 0.20, 0.000517, 0.998342, 0.001141, Iris-setosa
5.00, 3.50, 1.30, 0.30, 0.001806, 0.994361, 0.003833, Iris-setosa
4.50, 2.30, 1.30, 0.30, 0.046372, 0.852725, 0.100903, Iris-setosa
4.40, 3.20, 1.30, 0.20, 0.015063, 0.953071, 0.031866, Iris-setosa
5.00, 3.50, 1.60, 0.60, 0.006458, 0.978870, 0.014672, Iris-setosa
5.10, 3.80, 1.90, 0.40, 0.016935, 0.944174, 0.038892, Iris-setosa
4.80, 3.00, 1.40, 0.30, 0.008305, 0.973201, 0.018494, Iris-setosa
5.10, 3.80, 1.60, 0.20, 0.007695, 0.975755, 0.016550, Iris-setosa
4.60, 3.20, 1.40, 0.20, 0.007954, 0.974770, 0.017276, Iris-setosa
5.30, 3.70, 1.50, 0.20, 0.007523, 0.976396, 0.016082, Iris-setosa
5.00, 3.30, 1.40, 0.20, 0.000829, 0.997361, 0.001810, Iris-setosa
7.00, 3.20, 4.70, 1.40, 0.501145, 0.044600, 0.454255, Iris-versicolor
6.40, 3.20, 4.50, 1.50, 0.206786, 0.029177, 0.764037, Iris-versicolor
6.90, 3.10, 4.90, 1.50, 0.599973, 0.031287, 0.368740, Iris-versicolor
5.50, 2.30, 4.00, 1.30, 0.080467, 0.049530, 0.870003, Iris-versicolor
6.50, 2.80, 4.60, 1.50, 0.217137, 0.024135, 0.758728, Iris-versicolor
5.70, 2.80, 4.50, 1.30, 0.020471, 0.005752, 0.973777, Iris-versicolor
6.30, 3.30, 4.70, 1.60, 0.297189, 0.029806, 0.673004, Iris-versicolor
4.90, 2.40, 3.30, 1.00, 0.132120, 0.286342, 0.581538, Iris-versicolor
6.60, 2.90, 4.60, 1.30, 0.247719, 0.031266, 0.721015, Iris-versicolor
5.20, 2.70, 3.90, 1.40, 0.094712, 0.074969, 0.830319, Iris-versicolor
5.00, 2.00, 3.50, 1.00, 0.144913, 0.219398, 0.635689, Iris-versicolor
5.90, 3.00, 4.20, 1.50, 0.028734, 0.009197, 0.962069, Iris-versicolor
6.00, 2.20, 4.00, 1.00, 0.101129, 0.055829, 0.843042, Iris-versicolor
6.10, 2.90, 4.70, 1.40, 0.088217, 0.012125, 0.899659, Iris-versicolor
5.60, 2.90, 3.60, 1.30, 0.092185, 0.091869, 0.815946, Iris-versicolor
6.70, 3.10, 4.40, 1.40, 0.268374, 0.041750, 0.689875, Iris-versicolor
5.60, 3.00, 4.50, 1.50, 0.052683, 0.014173, 0.933144, Iris-versicolor
5.80, 2.70, 4.10, 1.00, 0.048384, 0.025968, 0.925648, Iris-versicolor
6.20, 2.20, 4.50, 1.50, 0.137443, 0.027211, 0.835346, Iris-versicolor
5.60, 2.50, 3.90, 1.10, 0.070788, 0.051743, 0.877470, Iris-versicolor
5.90, 3.20, 4.80, 1.80, 0.250742, 0.027631, 0.721627, Iris-versicolor
6.10, 2.80, 4.00, 1.30, 0.046235, 0.019534, 0.934231, Iris-versicolor
6.30, 2.50, 4.90, 1.50, 0.270600, 0.024009, 0.705391, Iris-versicolor
6.10, 2.80, 4.70, 1.20, 0.083312, 0.013952, 0.902736, Iris-versicolor
6.40, 2.90, 4.30, 1.30, 0.101163, 0.022933, 0.875904, Iris-versicolor
6.60, 3.00, 4.40, 1.40, 0.211248, 0.033971, 0.754781, Iris-versicolor
6.80, 2.80, 4.80, 1.40, 0.442717, 0.033643, 0.523640, Iris-versicolor
6.70, 3.00, 5.00, 1.70, 0.672507, 0.021200, 0.306292, Iris-versicolor
6.00, 2.90, 4.50, 1.50, 0.026168, 0.004939, 0.968893, Iris-versicolor
5.70, 2.60, 3.50, 1.00, 0.104629, 0.128785, 0.766586, Iris-versicolor
5.50, 2.40, 3.80, 1.10, 0.089893, 0.078105, 0.832002, Iris-versicolor
5.50, 2.40, 3.70, 1.00, 0.100729, 0.104195, 0.795076, Iris-versicolor
5.80, 2.70, 3.90, 1.20, 0.050321, 0.031073, 0.918605, Iris-versicolor
6.00, 2.70, 5.10, 1.60, 0.319734, 0.024001, 0.656264, Iris-versicolor
5.40, 3.00, 4.50, 1.50, 0.082467, 0.026422, 0.891111, Iris-versicolor
6.00, 3.40, 4.50, 1.60, 0.170683, 0.032150, 0.797167, Iris-versicolor
6.70, 3.10, 4.70, 1.50, 0.411113, 0.033476, 0.555411, Iris-versicolor
6.30, 2.30, 4.40, 1.30, 0.115487, 0.026930, 0.857583, Iris-versicolor
5.60, 3.00, 4.10, 1.30, 0.046996, 0.024138, 0.928865, Iris-versicolor
5.50, 2.50, 4.00, 1.30, 0.062404, 0.038309, 0.899288, Iris-versicolor
5.50, 2.60, 4.40, 1.20, 0.049250, 0.019687, 0.931063, Iris-versicolor
6.10, 3.00, 4.60, 1.40, 0.072696, 0.011625, 0.915680, Iris-versicolor
5.80, 2.60, 4.00, 1.20, 0.041808, 0.022590, 0.935603, Iris-versicolor
5.00, 2.30, 3.30, 1.00, 0.132557, 0.270096, 0.597346, Iris-versicolor
5.60, 2.70, 4.20, 1.30, 0.028463, 0.012719, 0.958818, Iris-versicolor
5.70, 3.00, 4.20, 1.20, 0.037682, 0.016814, 0.945504, Iris-versicolor
5.70, 2.90, 4.20, 1.30, 0.023022, 0.009598, 0.967379, Iris-versicolor
6.20, 2.90, 4.30, 1.30, 0.044708, 0.011419, 0.943873, Iris-versicolor
5.10, 2.50, 3.00, 1.10, 0.124264, 0.356757, 0.518980, Iris-versicolor
5.70, 2.80, 4.10, 1.30, 0.026754, 0.012725, 0.960520, Iris-versicolor
6.30, 3.30, 6.00, 2.50, 0.859886, 0.019366, 0.120747, Iris-virginica
5.80, 2.70, 5.10, 1.90, 0.355151, 0.029333, 0.615517, Iris-virginica
7.10, 3.00, 5.90, 2.10, 0.955751, 0.006082, 0.038168, Iris-virginica
6.30, 2.90, 5.60, 1.80, 0.845556, 0.012533, 0.141911, Iris-virginica
6.50, 3.00, 5.80, 2.20, 0.957603, 0.004757, 0.037640, Iris-virginica
7.60, 3.00, 6.60, 2.10, 0.811827, 0.035481, 0.152691, Iris-virginica
4.90, 2.50, 4.50, 1.70, 0.167052, 0.073138, 0.759811, Iris-virginica
7.30, 2.90, 6.30, 1.80, 0.862927, 0.021916, 0.115157, Iris-virginica
6.70, 2.50, 5.80, 1.80, 0.868654, 0.014009, 0.117337, Iris-virginica
7.20, 3.60, 6.10, 2.50, 0.860968, 0.024422, 0.114610, Iris-virginica
6.50, 3.20, 5.10, 2.00, 0.773394, 0.016768, 0.209838, Iris-virginica
6.40, 2.70, 5.30, 1.90, 0.761152, 0.015768, 0.223080, Iris-virginica
6.80, 3.00, 5.50, 2.10, 0.988824, 0.001166, 0.010010, Iris-virginica
5.70, 2.50, 5.00, 2.00, 0.305704, 0.034416, 0.659880, Iris-virginica
5.80, 2.80, 5.10, 2.40, 0.500660, 0.038403, 0.460937, Iris-virginica
6.40, 3.20, 5.30, 2.30, 0.849897, 0.014066, 0.136038, Iris-virginica
6.50, 3.00, 5.50, 1.80, 0.913254, 0.007163, 0.079583, Iris-virginica
7.70, 3.80, 6.70, 2.20, 0.763569, 0.050593, 0.185838, Iris-virginica
7.70, 2.60, 6.90, 2.30, 0.757516, 0.049218, 0.193266, Iris-virginica
6.00, 2.20, 5.00, 1.50, 0.257116, 0.032254, 0.710631, Iris-virginica
6.90, 3.20, 5.70, 2.30, 0.970460, 0.003831, 0.025709, Iris-virginica
5.60, 2.80, 4.90, 2.00, 0.259414, 0.033680, 0.706906, Iris-virginica
7.70, 2.80, 6.70, 2.00, 0.783157, 0.042000, 0.174843, Iris-virginica
6.30, 2.70, 4.90, 1.80, 0.381475, 0.022826, 0.595699, Iris-virginica
6.70, 3.30, 5.70, 2.10, 0.975340, 0.002915, 0.021746, Iris-virginica
7.20, 3.20, 6.00, 1.80, 0.911899, 0.012916, 0.075185, Iris-virginica
6.20, 2.80, 4.80, 1.80, 0.271264, 0.020999, 0.707737, Iris-virginica
6.10, 3.00, 4.90, 1.80, 0.330027, 0.023108, 0.646866, Iris-virginica
6.40, 2.80, 5.60, 2.10, 0.908658, 0.008363, 0.082979, Iris-virginica
7.20, 3.00, 5.80, 1.60, 0.890782, 0.014457, 0.094761, Iris-virginica
7.40, 2.80, 6.10, 1.90, 0.872731, 0.019804, 0.107465, Iris-virginica
7.90, 3.80, 6.40, 2.00, 0.760078, 0.050908, 0.189014, Iris-virginica
6.40, 2.80, 5.60, 2.20, 0.906216, 0.008962, 0.084822, Iris-virginica
6.30, 2.80, 5.10, 1.50, 0.436426, 0.023414, 0.540160, Iris-virginica
6.10, 2.60, 5.60, 1.40, 0.576093, 0.031224, 0.392683, Iris-virginica
7.70, 3.00, 6.10, 2.30, 0.839528, 0.028679, 0.131793, Iris-virginica
6.30, 3.40, 5.60, 2.40, 0.854081, 0.017229, 0.128690, Iris-virginica
6.40, 3.10, 5.50, 1.80, 0.880179, 0.009786, 0.110034, Iris-virginica
6.00, 3.00, 4.80, 1.80, 0.228385, 0.021740, 0.749875, Iris-virginica
6.90, 3.10, 5.40, 2.10, 0.967556, 0.003490, 0.028954, Iris-virginica
6.70, 3.10, 5.60, 2.40, 0.957241, 0.005080, 0.037679, Iris-virginica
6.90, 3.10, 5.10, 2.30, 0.855128, 0.015407, 0.129466, Iris-virginica
5.80, 2.70, 5.10, 1.90, 0.355151, 0.029333, 0.615517, Iris-virginica
6.80, 3.20, 5.90, 2.30, 0.960999, 0.005254, 0.033747, Iris-virginica
6.70, 3.30, 5.70, 2.50, 0.927108, 0.009705, 0.063188, Iris-virginica
6.70, 3.00, 5.20, 2.30, 0.882377, 0.011266, 0.106357, Iris-virginica
6.30, 2.50, 5.00, 1.90, 0.466715, 0.025831, 0.507454, Iris-virginica
6.50, 3.00, 5.20, 2.00, 0.831508, 0.012117, 0.156374, Iris-virginica
6.20, 3.40, 5.40, 2.30, 0.789404, 0.021584, 0.189012, Iris-virginica
5.90, 3.00, 5.10, 1.80, 0.391327, 0.026942, 0.581731, Iris-virginica
