% Title: Title
%
% Centers:
% 	5.889219 2.761243 4.364273 1.397452 
% 	6.775103 3.052429 5.646904 2.053610 
% 	5.003561 3.403034 1.485004 0.251542 
%

@RELATION

@ATTRIBUTE Attribute0 	 REAL
@ATTRIBUTE Attribute1 	 REAL
@ATTRIBUTE Attribute2 	 REAL
@ATTRIBUTE Attribute3 	 REAL
@ATTRIBUTE MU 	 FUZZY {Zhluk0, Zhluk1, Zhluk2}
@ATTRIBUTE class 	 {Iris-setosa, Iris-versicolor, Iris-virginica}

@DATA
5.10, 3.50, 1.40, 0.20, 0.002501, 0.001164, 0.996336, Iris-setosa
4.90, 3.00, 1.40, 0.20, 0.015886, 0.007156, 0.976958, Iris-setosa
4.70, 3.20, 1.30, 0.20, 0.013427, 0.006261, 0.980313, Iris-setosa
4.60, 3.10, 1.50, 0.20, 0.021849, 0.009833, 0.968318, Iris-setosa
5.00, 3.60, 1.40, 0.20, 0.004131, 0.001942, 0.993927, Iris-setosa
5.40, 3.90, 1.70, 0.40, 0.045778, 0.021070, 0.933151, Iris-setosa
4.60, 3.40, 1.40, 0.30, 0.014004, 0.006506, 0.979491, Iris-setosa
5.00, 3.40, 1.50, 0.20, 0.000268, 0.000121, 0.999611, Iris-setosa
4.40, 2.90, 1.40, 0.20, 0.046900, 0.021532, 0.931568, Iris-setosa
4.90, 3.10, 1.50, 0.10, 0.011264, 0.005042, 0.983694, Iris-setosa
5.40, 3.70, 1.50, 0.20, 0.022317, 0.010465, 0.967218, Iris-setosa
4.80, 3.40, 1.60, 0.20, 0.005331, 0.002387, 0.992282, Iris-setosa
4.80, 3.00, 1.40, 0.10, 0.019417, 0.008831, 0.971752, Iris-setosa
4.30, 3.00, 1.10, 0.10, 0.051295, 0.024998, 0.923708, Iris-setosa
5.80, 4.00, 1.20, 0.20, 0.073496, 0.038096, 0.888407, Iris-setosa
5.70, 4.40, 1.50, 0.40, 0.105698, 0.055014, 0.839288, Iris-setosa
5.40, 3.90, 1.30, 0.40, 0.036518, 0.017960, 0.945523, Iris-setosa
5.10, 3.50, 1.40, 0.30, 0.002524, 0.001168, 0.996307, Iris-setosa
5.70, 3.80, 1.70, 0.30, 0.066278, 0.030646, 0.903076, Iris-setosa
5.10, 3.80, 1.50, 0.30, 0.014917, 0.007012, 0.978070, Iris-setosa
5.40, 3.40, 1.70, 0.20, 0.021745, 0.009494, 0.968761, Iris-setosa
5.10, 3.70, 1.50, 0.40, 0.011008, 0.005088, 0.983903, Iris-setosa
4.60, 3.60, 1.00, 0.20, 0.027857, 0.014010, 0.958133, Iris-setosa
5.10, 3.30, 1.70, 0.50, 0.014209, 0.006006, 0.979785, Iris-setosa
4.80, 3.40, 1.90, 0.20, 0.022991, 0.009734, 0.967276, Iris-setosa
5.00, 3.00, 1.60, 0.20, 0.017520, 0.007570, 0.974910, Iris-setosa
5.00, 3.40, 1.60, 0.40, 0.003569, 0.001568, 0.994863, Iris-setosa
5.20, 3.50, 1.50, 0.20, 0.004740, 0.002167, 0.993093, Iris-setosa
5.20, 3.40, 1.40, 0.20, 0.004338, 0.002001, 0.993661, Iris-setosa
4.70, 3.20, 1.60, 0.20, 0.013696, 0.006060, 0.980244, Iris-setosa
4.80, 3.10, 1.60, 0.20, 0.014082, 0.006161, 0.979756, Iris-setosa
5.40, 3.40, 1.50, 0.40, 0.017755, 0.007967, 0.974278, Iris-setosa
5.20, 4.10, 1.50, 0.10, 0.042206, 0.020861, 0.936933, Iris-setosa
5.50, 4.20, 1.40, 0.20, 0.064656, 0.032951, 0.902394, Iris-setosa
4.90, 3.10, 1.50, 0.10, 0.011264, 0.005042, 0.983694, Iris-setosa
5.00, 3.20, 1.20, 0.20, 0.009919, 0.004673, 0.985408, Iris-setosa
5.50, 3.50, 1.30, 0.20, 0.024490, 0.011680, 0.963830, Iris-setosa
4.90, 3.10, 1.50, 0.10, 0.011264, 0.005042, 0.983694, Iris-setosa
4.40, 3.00, 1.30, 0.20, 0.040471, 0.018950, 0.940580, Iris-setosa
5.10, 3.40, 1.50, 0.20, 0.001141, 0.000517, 0.998343, Iris-setosa
5.00, 3.50, 1.30, 0.30, 0.003833, 0.001806, 0.994361, Iris-setosa
4.50, 2.30, 1.30, 0.30, 0.100882, 0.046367, 0.852751, Iris-setosa
4.40, 3.20, 1.30, 0.20, 0.031859, 0.015062, 0.953079, Iris-setosa
5.00, 3.50, 1.60, 0.60, 0.014668, 0.006456, 0.978875, Iris-setosa
5.10, 3.80, 1.90, 0.40, 0.038883, 0.016932, 0.944185, Iris-setosa
4.80, 3.00, 1.40, 0.30, 0.018489, 0.008304, 0.973207, Iris-setosa
5.10, 3.80, 1.60, 0.20, 0.016547, 0.007694, 0.975758, Iris-setosa
4.60, 3.20, 1.40, 0.20, 0.017272, 0.007953, 0.974775, Iris-setosa
5.30, 3.70, 1.50, 0.20, 0.016079, 0.007522, 0.976399, Iris-setosa
5.00, 3.30, 1.40, 0.20, 0.001810, 0.000829, 0.997361, Iris-setosa
7.00, 3.20, 4.70, 1.40, 0.454461, 0.500942, 0.044598, Iris-versicolor
6.40, 3.20, 4.50, 1.50, 0.764261, 0.206579, 0.029160, Iris-versicolor
6.90, 3.10, 4.90, 1.50, 0.368985, 0.599726, 0.031289, Iris-versicolor
5.50, 2.30, 4.00, 1.30, 0.869905, 0.080519, 0.049575, Iris-versicolor
6.50, 2.80, 4.60, 1.50, 0.758996, 0.216886, 0.024118, Iris-versicolor
5.70, 2.80, 4.50, 1.30, 0.973773, 0.020473, 0.005755, Iris-versicolor
6.30, 3.30, 4.70, 1.60, 0.673293, 0.296914, 0.029793, Iris-versicolor
4.90, 2.40, 3.30, 1.00, 0.581417, 0.132140, 0.286443, Iris-versicolor
6.60, 2.90, 4.60, 1.30, 0.721248, 0.247501, 0.031251, Iris-versicolor
5.20, 2.70, 3.90, 1.40, 0.830211, 0.094762, 0.075027, Iris-versicolor
5.00, 2.00, 3.50, 1.00, 0.635582, 0.144938, 0.219480, Iris-versicolor
5.90, 3.00, 4.20, 1.50, 0.962069, 0.028732, 0.009199, Iris-versicolor
6.00, 2.20, 4.00, 1.00, 0.842979, 0.101160, 0.055861, Iris-versicolor
6.10, 2.90, 4.70, 1.40, 0.899861, 0.088034, 0.012105, Iris-versicolor
5.60, 2.90, 3.60, 1.30, 0.815831, 0.092231, 0.091938, Iris-versicolor
6.70, 3.10, 4.40, 1.40, 0.690068, 0.268194, 0.041738, Iris-versicolor
5.60, 3.00, 4.50, 1.50, 0.933167, 0.052660, 0.014172, Iris-versicolor
5.80, 2.70, 4.10, 1.00, 0.925564, 0.048433, 0.026002, Iris-versicolor
6.20, 2.20, 4.50, 1.50, 0.835434, 0.137362, 0.027204, Iris-versicolor
5.60, 2.50, 3.90, 1.10, 0.877354, 0.070847, 0.051800, Iris-versicolor
5.90, 3.20, 4.80, 1.80, 0.721877, 0.250505, 0.027618, Iris-versicolor
6.10, 2.80, 4.00, 1.30, 0.934196, 0.046256, 0.019549, Iris-versicolor
6.30, 2.50, 4.90, 1.50, 0.705676, 0.270328, 0.023996, Iris-versicolor
6.10, 2.80, 4.70, 1.20, 0.902877, 0.083187, 0.013936, Iris-versicolor
6.40, 2.90, 4.30, 1.30, 0.876007, 0.101072, 0.022921, Iris-versicolor
6.60, 3.00, 4.40, 1.40, 0.754970, 0.211074, 0.033956, Iris-versicolor
6.80, 2.80, 4.80, 1.40, 0.523912, 0.442450, 0.033638, Iris-versicolor
6.70, 3.00, 5.00, 1.70, 0.306595, 0.672199, 0.021206, Iris-versicolor
6.00, 2.90, 4.50, 1.50, 0.968997, 0.026079, 0.004924, Iris-versicolor
5.70, 2.60, 3.50, 1.00, 0.766460, 0.104671, 0.128868, Iris-versicolor
5.50, 2.40, 3.80, 1.10, 0.831880, 0.089948, 0.078172, Iris-versicolor
5.50, 2.40, 3.70, 1.00, 0.794950, 0.100778, 0.104272, Iris-versicolor
5.80, 2.70, 3.90, 1.20, 0.918506, 0.050377, 0.031117, Iris-versicolor
6.00, 2.70, 5.10, 1.60, 0.656577, 0.319432, 0.023991, Iris-versicolor
5.40, 3.00, 4.50, 1.50, 0.891111, 0.082461, 0.026428, Iris-versicolor
6.00, 3.40, 4.50, 1.60, 0.797318, 0.170546, 0.032136, Iris-versicolor
6.70, 3.10, 4.70, 1.50, 0.555701, 0.410831, 0.033468, Iris-versicolor
6.30, 2.30, 4.40, 1.30, 0.857647, 0.115427, 0.026926, Iris-versicolor
5.60, 3.00, 4.10, 1.30, 0.928792, 0.047040, 0.024168, Iris-versicolor
5.50, 2.50, 4.00, 1.30, 0.899182, 0.062463, 0.038355, Iris-versicolor
5.50, 2.60, 4.40, 1.20, 0.931003, 0.049289, 0.019709, Iris-versicolor
6.10, 3.00, 4.60, 1.40, 0.915847, 0.072547, 0.011606, Iris-versicolor
5.80, 2.60, 4.00, 1.20, 0.935510, 0.041863, 0.022627, Iris-versicolor
5.00, 2.30, 3.30, 1.00, 0.597225, 0.132579, 0.270196, Iris-versicolor
5.60, 2.70, 4.20, 1.30, 0.958738, 0.028515, 0.012747, Iris-versicolor
5.70, 3.00, 4.20, 1.20, 0.945447, 0.037718, 0.016835, Iris-versicolor
5.70, 2.90, 4.20, 1.30, 0.967319, 0.023063, 0.009618, Iris-versicolor
6.20, 2.90, 4.30, 1.30, 0.943929, 0.044660, 0.011411, Iris-versicolor
5.10, 2.50, 3.00, 1.10, 0.518860, 0.124276, 0.356864, Iris-versicolor
5.70, 2.80, 4.10, 1.30, 0.960439, 0.026807, 0.012754, Iris-versicolor
6.30, 3.30, 6.00, 2.50, 0.120765, 0.859873, 0.019362, Iris-virginica
5.80, 2.70, 5.10, 1.90, 0.615773, 0.354902, 0.029325, Iris-virginica
7.10, 3.00, 5.90, 2.10, 0.038137, 0.955788, 0.006074, Iris-virginica
6.30, 2.90, 5.60, 1.80, 0.142072, 0.845388, 0.012540, Iris-virginica
6.50, 3.00, 5.80, 2.20, 0.037654, 0.957589, 0.004757, Iris-virginica
7.60, 3.00, 6.60, 2.10, 0.152675, 0.811857, 0.035468, Iris-virginica
4.90, 2.50, 4.50, 1.70, 0.759787, 0.167056, 0.073158, Iris-virginica
7.30, 2.90, 6.30, 1.80, 0.115143, 0.862951, 0.021906, Iris-virginica
6.70, 2.50, 5.80, 1.80, 0.117401, 0.868589, 0.014010, Iris-virginica
7.20, 3.60, 6.10, 2.50, 0.114589, 0.861001, 0.024410, Iris-virginica
6.50, 3.20, 5.10, 2.00, 0.210081, 0.773143, 0.016776, Iris-virginica
6.40, 2.70, 5.30, 1.90, 0.223338, 0.760886, 0.015776, Iris-virginica
6.80, 3.00, 5.50, 2.10, 0.010034, 0.988797, 0.001168, Iris-virginica
5.70, 2.50, 5.00, 2.00, 0.660065, 0.305526, 0.034409, Iris-virginica
5.80, 2.80, 5.10, 2.40, 0.461130, 0.500468, 0.038402, Iris-virginica
6.40, 3.20, 5.30, 2.30, 0.136169, 0.849759, 0.014072, Iris-virginica
6.50, 3.00, 5.50, 1.80, 0.079719, 0.913110, 0.007171, Iris-virginica
7.70, 3.80, 6.70, 2.20, 0.185829, 0.763593, 0.050578, Iris-virginica
7.70, 2.60, 6.90, 2.30, 0.193259, 0.757537, 0.049204, Iris-virginica
6.00, 2.20, 5.00, 1.50, 0.710799, 0.256955, 0.032245, Iris-virginica
6.90, 3.20, 5.70, 2.30, 0.025688, 0.970486, 0.003826, Iris-virginica
5.60, 2.80, 4.90, 2.00, 0.707079, 0.259250, 0.033671, Iris-virginica
7.70, 2.80, 6.70, 2.00, 0.174834, 0.783179, 0.041987, Iris-virginica
6.30, 2.70, 4.90, 1.80, 0.596075, 0.381107, 0.022818, Iris-virginica
6.70, 3.30, 5.70, 2.10, 0.021745, 0.975342, 0.002913, Iris-virginica
7.20, 3.20, 6.00, 1.80, 0.075168, 0.911924, 0.012909, Iris-virginica
6.20, 2.80, 4.80, 1.80, 0.708087, 0.270929, 0.020985, Iris-virginica
6.10, 3.00, 4.90, 1.80, 0.647227, 0.329677, 0.023096, Iris-virginica
6.40, 2.80, 5.60, 2.10, 0.083075, 0.908557, 0.008368, Iris-virginica
7.20, 3.00, 5.80, 1.60, 0.094776, 0.890771, 0.014454, Iris-virginica
7.40, 2.80, 6.10, 1.90, 0.107452, 0.872753, 0.019795, Iris-virginica
7.90, 3.80, 6.40, 2.00, 0.189010, 0.760097, 0.050893, Iris-virginica
6.40, 2.80, 5.60, 2.20, 0.084906, 0.906127, 0.008966, Iris-virginica
6.30, 2.80, 5.10, 1.50, 0.540533, 0.436058, 0.023409, Iris-virginica
6.10, 2.60, 5.60, 1.40, 0.392892, 0.575883, 0.031225, Iris-virginica
7.70, 3.00, 6.10, 2.30, 0.131776, 0.839558, 0.028666, Iris-virginica
6.30, 3.40, 5.60, 2.40, 0.128753, 0.854017, 0.017230, Iris-virginica
6.40, 3.10, 5.50, 1.80, 0.110191, 0.880015, 0.009794, Iris-virginica
6.00, 3.00, 4.80, 1.80, 0.750171, 0.228105, 0.021724, Iris-virginica
6.90, 3.10, 5.40, 2.10, 0.028988, 0.967520, 0.003492, Iris-virginica
6.70, 3.10, 5.60, 2.40, 0.037686, 0.957236, 0.005078, Iris-virginica
6.90, 3.10, 5.10, 2.30, 0.129565, 0.855024, 0.015411, Iris-virginica
5.80, 2.70, 5.10, 1.90, 0.615773, 0.354902, 0.029325, Iris-virginica
6.80, 3.20, 5.90, 2.30, 0.033719, 0.961033, 0.005247, Iris-virginica
6.70, 3.30, 5.70, 2.50, 0.063186, 0.927114, 0.009701, Iris-virginica
6.70, 3.00, 5.20, 2.30, 0.106470, 0.882258, 0.011272, Iris-virginica
6.30, 2.50, 5.00, 1.90, 0.507772, 0.466400, 0.025827, Iris-virginica
6.50, 3.00, 5.20, 2.00, 0.156603, 0.831270, 0.012127, Iris-virginica
6.20, 3.40, 5.40, 2.30, 0.189138, 0.789274, 0.021588, Iris-virginica
5.90, 3.00, 5.10, 1.80, 0.582042, 0.391023, 0.026934, Iris-virginica
