% Title: Title
%
% Centers:
% 	5.003561 3.403041 1.484993 0.251537 
% 	6.774993 3.052394 5.646758 2.053548 
% 	5.889096 2.761198 4.364103 1.397368 
%

@RELATION

@ATTRIBUTE Attribute0 	 REAL
@ATTRIBUTE Attribute1 	 REAL
@ATTRIBUTE Attribute2 	 REAL
@ATTRIBUTE Attribute3 	 REAL
@ATTRIBUTE MU 	 FUZZY {Zhluk0, Zhluk1, Zhluk2}
@ATTRIBUTE class 	 {Iris-setosa, Iris-versicolor, Iris-virginica}

@DATA
5.10, 3.50, 1.40, 0.20, 0.996336, 0.001163, 0.002501, Iris-setosa
4.90, 3.00, 1.40, 0.20, 0.976953, 0.007157, 0.015890, Iris-setosa
4.70, 3.20, 1.30, 0.20, 0.980310, 0.006261, 0.013429, Iris-setosa
4.60, 3.10, 1.50, 0.20, 0.968312, 0.009834, 0.021854, Iris-setosa
5.00, 3.60, 1.40, 0.20, 0.993927, 0.001942, 0.004131, Iris-setosa
5.40, 3.90, 1.70, 0.40, 0.933141, 0.021072, 0.045786, Iris-setosa
4.60, 3.40, 1.40, 0.30, 0.979487, 0.006506, 0.014006, Iris-setosa
5.00, 3.40, 1.50, 0.20, 0.999611, 0.000121, 0.000268, Iris-setosa
4.40, 2.90, 1.40, 0.20, 0.931556, 0.021534, 0.046910, Iris-setosa
4.90, 3.10, 1.50, 0.10, 0.983690, 0.005043, 0.011267, Iris-setosa
5.40, 3.70, 1.50, 0.20, 0.967214, 0.010466, 0.022320, Iris-setosa
4.80, 3.40, 1.60, 0.20, 0.992280, 0.002387, 0.005333, Iris-setosa
4.80, 3.00, 1.40, 0.10, 0.971747, 0.008832, 0.019421, Iris-setosa
4.30, 3.00, 1.10, 0.10, 0.923697, 0.024999, 0.051303, Iris-setosa
5.80, 4.00, 1.20, 0.20, 0.888397, 0.038098, 0.073505, Iris-setosa
5.70, 4.40, 1.50, 0.40, 0.839273, 0.055017, 0.105710, Iris-setosa
5.40, 3.90, 1.30, 0.40, 0.945517, 0.017961, 0.036522, Iris-setosa
5.10, 3.50, 1.40, 0.30, 0.996307, 0.001168, 0.002525, Iris-setosa
5.70, 3.80, 1.70, 0.30, 0.903062, 0.030649, 0.066289, Iris-setosa
5.10, 3.80, 1.50, 0.30, 0.978068, 0.007012, 0.014920, Iris-setosa
5.40, 3.40, 1.70, 0.20, 0.968754, 0.009495, 0.021750, Iris-setosa
5.10, 3.70, 1.50, 0.40, 0.983901, 0.005089, 0.011010, Iris-setosa
4.60, 3.60, 1.00, 0.20, 0.958129, 0.014011, 0.027860, Iris-setosa
5.10, 3.30, 1.70, 0.50, 0.979778, 0.006008, 0.014214, Iris-setosa
4.80, 3.40, 1.90, 0.20, 0.967267, 0.009735, 0.022997, Iris-setosa
5.00, 3.00, 1.60, 0.20, 0.974904, 0.007571, 0.017525, Iris-setosa
5.00, 3.40, 1.60, 0.40, 0.994861, 0.001569, 0.003571, Iris-setosa
5.20, 3.50, 1.50, 0.20, 0.993092, 0.002167, 0.004741, Iris-setosa
5.20, 3.40, 1.40, 0.20, 0.993660, 0.002001, 0.004339, Iris-setosa
4.70, 3.20, 1.60, 0.20, 0.980239, 0.006061, 0.013700, Iris-setosa
4.80, 3.10, 1.60, 0.20, 0.979751, 0.006163, 0.014086, Iris-setosa
5.40, 3.40, 1.50, 0.40, 0.974273, 0.007968, 0.017759, Iris-setosa
5.20, 4.10, 1.50, 0.10, 0.936926, 0.020863, 0.042211, Iris-setosa
5.50, 4.20, 1.40, 0.20, 0.902384, 0.032953, 0.064663, Iris-setosa
4.90, 3.10, 1.50, 0.10, 0.983690, 0.005043, 0.011267, Iris-setosa
5.00, 3.20, 1.20, 0.20, 0.985406, 0.004673, 0.009921, Iris-setosa
5.50, 3.50, 1.30, 0.20, 0.963826, 0.011680, 0.024493, Iris-setosa
4.90, 3.10, 1.50, 0.10, 0.983690, 0.005043, 0.011267, Iris-setosa
4.40, 3.00, 1.30, 0.20, 0.940570, 0.018951, 0.040479, Iris-setosa
5.10, 3.40, 1.50, 0.20, 0.998342, 0.000517, 0.001141, Iris-setosa
5.00, 3.50, 1.30, 0.30, 0.994361, 0.001806, 0.003833, Iris-setosa
4.50, 2.30, 1.30, 0.30, 0.852727, 0.046371, 0.100902, Iris-setosa
4.40, 3.20, 1.30, 0.20, 0.953072, 0.015063, 0.031865, Iris-setosa
5.00, 3.50, 1.60, 0.60, 0.978870, 0.006457, 0.014672, Iris-setosa
5.10, 3.80, 1.90, 0.40, 0.944174, 0.016934, 0.038891, Iris-setosa
4.80, 3.00, 1.40, 0.30, 0.973201, 0.008305, 0.018494, Iris-setosa
5.10, 3.80, 1.60, 0.20, 0.975755, 0.007695, 0.016550, Iris-setosa
4.60, 3.20, 1.40, 0.20, 0.974771, 0.007954, 0.017275, Iris-setosa
5.30, 3.70, 1.50, 0.20, 0.976396, 0.007523, 0.016081, Iris-setosa
5.00, 3.30, 1.40, 0.20, 0.997361, 0.000829, 0.001810, Iris-setosa
7.00, 3.20, 4.70, 1.40, 0.044600, 0.501129, 0.454271, Iris-versicolor
6.40, 3.20, 4.50, 1.50, 0.029176, 0.206770, 0.764054, Iris-versicolor
6.90, 3.10, 4.90, 1.50, 0.031287, 0.599953, 0.368759, Iris-versicolor
5.50, 2.30, 4.00, 1.30, 0.049533, 0.080470, 0.869997, Iris-versicolor
6.50, 2.80, 4.60, 1.50, 0.024134, 0.217117, 0.758749, Iris-versicolor
5.70, 2.80, 4.50, 1.30, 0.005752, 0.020471, 0.973777, Iris-versicolor
6.30, 3.30, 4.70, 1.60, 0.029805, 0.297167, 0.673027, Iris-versicolor
4.90, 2.40, 3.30, 1.00, 0.286349, 0.132121, 0.581530, Iris-versicolor
6.60, 2.90, 4.60, 1.30, 0.031265, 0.247702, 0.721033, Iris-versicolor
5.20, 2.70, 3.90, 1.40, 0.074973, 0.094715, 0.830312, Iris-versicolor
5.00, 2.00, 3.50, 1.00, 0.219404, 0.144914, 0.635682, Iris-versicolor
5.90, 3.00, 4.20, 1.50, 0.009197, 0.028734, 0.962069, Iris-versicolor
6.00, 2.20, 4.00, 1.00, 0.055832, 0.101131, 0.843038, Iris-versicolor
6.10, 2.90, 4.70, 1.40, 0.012123, 0.088203, 0.899674, Iris-versicolor
5.60, 2.90, 3.60, 1.30, 0.091874, 0.092188, 0.815939, Iris-versicolor
6.70, 3.10, 4.40, 1.40, 0.041750, 0.268360, 0.689890, Iris-versicolor
5.60, 3.00, 4.50, 1.50, 0.014173, 0.052680, 0.933147, Iris-versicolor
5.80, 2.70, 4.10, 1.00, 0.025971, 0.048387, 0.925642, Iris-versicolor
6.20, 2.20, 4.50, 1.50, 0.027211, 0.137436, 0.835353, Iris-versicolor
5.60, 2.50, 3.90, 1.10, 0.051747, 0.070791, 0.877462, Iris-versicolor
5.90, 3.20, 4.80, 1.80, 0.027631, 0.250722, 0.721648, Iris-versicolor
6.10, 2.80, 4.00, 1.30, 0.019535, 0.046236, 0.934228, Iris-versicolor
6.30, 2.50, 4.90, 1.50, 0.024008, 0.270578, 0.705414, Iris-versicolor
6.10, 2.80, 4.70, 1.20, 0.013951, 0.083303, 0.902747, Iris-versicolor
6.40, 2.90, 4.30, 1.30, 0.022932, 0.101156, 0.875912, Iris-versicolor
6.60, 3.00, 4.40, 1.40, 0.033970, 0.211235, 0.754795, Iris-versicolor
6.80, 2.80, 4.80, 1.40, 0.033643, 0.442696, 0.523661, Iris-versicolor
6.70, 3.00, 5.00, 1.70, 0.021201, 0.672481, 0.306318, Iris-versicolor
6.00, 2.90, 4.50, 1.50, 0.004938, 0.026162, 0.968901, Iris-versicolor
5.70, 2.60, 3.50, 1.00, 0.128791, 0.104631, 0.766578, Iris-versicolor
5.50, 2.40, 3.80, 1.10, 0.078110, 0.089897, 0.831994, Iris-versicolor
5.50, 2.40, 3.70, 1.00, 0.104201, 0.100731, 0.795068, Iris-versicolor
5.80, 2.70, 3.90, 1.20, 0.031077, 0.050325, 0.918599, Iris-versicolor
6.00, 2.70, 5.10, 1.60, 0.024001, 0.319709, 0.656290, Iris-versicolor
5.40, 3.00, 4.50, 1.50, 0.026422, 0.082465, 0.891113, Iris-versicolor
6.00, 3.40, 4.50, 1.60, 0.032149, 0.170672, 0.797179, Iris-versicolor
6.70, 3.10, 4.70, 1.50, 0.033476, 0.411091, 0.555434, Iris-versicolor
6.30, 2.30, 4.40, 1.30, 0.026930, 0.115482, 0.857588, Iris-versicolor
5.60, 3.00, 4.10, 1.30, 0.024140, 0.046999, 0.928861, Iris-versicolor
5.50, 2.50, 4.00, 1.30, 0.038312, 0.062407, 0.899281, Iris-versicolor
5.50, 2.60, 4.40, 1.20, 0.019689, 0.049252, 0.931059, Iris-versicolor
6.10, 3.00, 4.60, 1.40, 0.011623, 0.072685, 0.915692, Iris-versicolor
5.80, 2.60, 4.00, 1.20, 0.022592, 0.041811, 0.935596, Iris-versicolor
5.00, 2.30, 3.30, 1.00, 0.270104, 0.132558, 0.597339, Iris-versicolor
5.60, 2.70, 4.20, 1.30, 0.012721, 0.028466, 0.958813, Iris-versicolor
5.70, 3.00, 4.20, 1.20, 0.016816, 0.037684, 0.945500, Iris-versicolor
5.70, 2.90, 4.20, 1.30, 0.009600, 0.023025, 0.967375, Iris-versicolor
6.20, 2.90, 4.30, 1.30, 0.011418, 0.044704, 0.943877, Iris-versicolor
5.10, 2.50, 3.00, 1.10, 0.356764, 0.124264, 0.518972, Iris-versicolor
5.70, 2.80, 4.10, 1.30, 0.012727, 0.026758, 0.960515, Iris-versicolor
6.30, 3.30, 6.00, 2.50, 0.019366, 0.859885, 0.120749, Iris-virginica
5.80, 2.70, 5.10, 1.90, 0.029332, 0.355129, 0.615539, Iris-virginica
7.10, 3.00, 5.90, 2.10, 0.006081, 0.955755, 0.038164, Iris-virginica
6.30, 2.90, 5.60, 1.80, 0.012534, 0.845540, 0.141926, Iris-virginica
6.50, 3.00, 5.80, 2.20, 0.004757, 0.957602, 0.037641, Iris-virginica
7.60, 3.00, 6.60, 2.10, 0.035480, 0.811832, 0.152688, Iris-virginica
4.90, 2.50, 4.50, 1.70, 0.073139, 0.167050, 0.759811, Iris-virginica
7.30, 2.90, 6.30, 1.80, 0.021915, 0.862931, 0.115154, Iris-virginica
6.70, 2.50, 5.80, 1.80, 0.014009, 0.868649, 0.117342, Iris-virginica
7.20, 3.60, 6.10, 2.50, 0.024421, 0.860972, 0.114607, Iris-virginica
6.50, 3.20, 5.10, 2.00, 0.016769, 0.773372, 0.209859, Iris-virginica
6.40, 2.70, 5.30, 1.90, 0.015769, 0.761128, 0.223103, Iris-virginica
6.80, 3.00, 5.50, 2.10, 0.001166, 0.988822, 0.010012, Iris-virginica
5.70, 2.50, 5.00, 2.00, 0.034416, 0.305688, 0.659897, Iris-virginica
5.80, 2.80, 5.10, 2.40, 0.038403, 0.500642, 0.460954, Iris-virginica
6.40, 3.20, 5.30, 2.30, 0.014066, 0.849884, 0.136050, Iris-virginica
6.50, 3.00, 5.50, 1.80, 0.007164, 0.913241, 0.079595, Iris-virginica
7.70, 3.80, 6.70, 2.20, 0.050592, 0.763573, 0.185835, Iris-virginica
7.70, 2.60, 6.90, 2.30, 0.049216, 0.757520, 0.193264, Iris-virginica
6.00, 2.20, 5.00, 1.50, 0.032253, 0.257102, 0.710645, Iris-virginica
6.90, 3.20, 5.70, 2.30, 0.003830, 0.970463, 0.025707, Iris-virginica
5.60, 2.80, 4.90, 2.00, 0.033679, 0.259399, 0.706922, Iris-virginica
7.70, 2.80, 6.70, 2.00, 0.041999, 0.783161, 0.174841, Iris-virginica
6.30, 2.70, 4.90, 1.80, 0.022826, 0.381444, 0.595730, Iris-virginica
6.70, 3.30, 5.70, 2.10, 0.002915, 0.975340, 0.021745, Iris-virginica
7.20, 3.20, 6.00, 1.80, 0.012915, 0.911903, 0.075182, Iris-virginica
6.20, 2.80, 4.80, 1.80, 0.020998, 0.271237, 0.707765, Iris-virginica
6.10, 3.00, 4.90, 1.80, 0.023107, 0.329998, 0.646895, Iris-virginica
6.40, 2.80, 5.60, 2.10, 0.008363, 0.908649, 0.082988, Iris-virginica
7.20, 3.00, 5.80, 1.60, 0.014457, 0.890783, 0.094760, Iris-virginica
7.40, 2.80, 6.10, 1.90, 0.019803, 0.872735, 0.107462, Iris-virginica
7.90, 3.80, 6.40, 2.00, 0.050906, 0.760082, 0.189012, Iris-virginica
6.40, 2.80, 5.60, 2.20, 0.008962, 0.906207, 0.084831, Iris-virginica
6.30, 2.80, 5.10, 1.50, 0.023414, 0.436396, 0.540190, Iris-virginica
6.10, 2.60, 5.60, 1.40, 0.031224, 0.576075, 0.392701, Iris-virginica
7.70, 3.00, 6.10, 2.30, 0.028677, 0.839533, 0.131790, Iris-virginica
6.30, 3.40, 5.60, 2.40, 0.017230, 0.854075, 0.128696, Iris-virginica
6.40, 3.10, 5.50, 1.80, 0.009787, 0.880164, 0.110049, Iris-virginica
6.00, 3.00, 4.80, 1.80, 0.021739, 0.228362, 0.749899, Iris-virginica
6.90, 3.10, 5.40, 2.10, 0.003490, 0.967553, 0.028957, Iris-virginica
6.70, 3.10, 5.60, 2.40, 0.005080, 0.957241, 0.037680, Iris-virginica
6.90, 3.10, 5.10, 2.30, 0.015407, 0.855119, 0.129474, Iris-virginica
5.80, 2.70, 5.10, 1.90, 0.029332, 0.355129, 0.615539, Iris-virginica
6.80, 3.20, 5.90, 2.30, 0.005253, 0.961003, 0.033744, Iris-virginica
6.70, 3.30, 5.70, 2.50, 0.009705, 0.927108, 0.063187, Iris-virginica
6.70, 3.00, 5.20, 2.30, 0.011267, 0.882366, 0.106368, Iris-virginica
6.30, 2.50, 5.00, 1.90, 0.025831, 0.466688, 0.507481, Iris-virginica
6.50, 3.00, 5.20, 2.00, 0.012118, 0.831486, 0.156395, Iris-virginica
6.20, 3.40, 5.40, 2.30, 0.021585, 0.789392, 0.189023, Iris-virginica
5.90, 3.00, 5.10, 1.80, 0.026941, 0.391301, 0.581758, Iris-virginica
