% Title: Title
%
% Centers:
% 	5.003561 3.403040 1.484994 0.251538 
% 	5.889111 2.761203 4.364126 1.397380 
% 	6.775012 3.052400 5.646781 2.053557 
%

@RELATION

@ATTRIBUTE Attribute0 	 REAL
@ATTRIBUTE Attribute1 	 REAL
@ATTRIBUTE Attribute2 	 REAL
@ATTRIBUTE Attribute3 	 REAL
@ATTRIBUTE MU 	 FUZZY {Zhluk0, Zhluk1, Zhluk2}
@ATTRIBUTE class 	 {Iris-setosa, Iris-versicolor, Iris-virginica}

@DATA
5.10, 3.50, 1.40, 0.20, 0.996336, 0.002501, 0.001163, Iris-setosa
4.90, 3.00, 1.40, 0.20, 0.976954, 0.015889, 0.007157, Iris-setosa
4.70, 3.20, 1.30, 0.20, 0.980310, 0.013429, 0.006261, Iris-setosa
4.60, 3.10, 1.50, 0.20, 0.968313, 0.021854, 0.009834, Iris-setosa
5.00, 3.60, 1.40, 0.20, 0.993927, 0.004131, 0.001942, Iris-setosa
5.40, 3.90, 1.70, 0.40, 0.933143, 0.045785, 0.021072, Iris-setosa
4.60, 3.40, 1.40, 0.30, 0.979488, 0.014006, 0.006506, Iris-setosa
5.00, 3.40, 1.50, 0.20, 0.999611, 0.000268, 0.000121, Iris-setosa
4.40, 2.90, 1.40, 0.20, 0.931558, 0.046909, 0.021534, Iris-setosa
4.90, 3.10, 1.50, 0.10, 0.983690, 0.011267, 0.005043, Iris-setosa
5.40, 3.70, 1.50, 0.20, 0.967215, 0.022320, 0.010466, Iris-setosa
4.80, 3.40, 1.60, 0.20, 0.992280, 0.005333, 0.002387, Iris-setosa
4.80, 3.00, 1.40, 0.10, 0.971747, 0.019421, 0.008832, Iris-setosa
4.30, 3.00, 1.10, 0.10, 0.923698, 0.051302, 0.024999, Iris-setosa
5.80, 4.00, 1.20, 0.20, 0.888398, 0.073504, 0.038098, Iris-setosa
5.70, 4.40, 1.50, 0.40, 0.839275, 0.105708, 0.055017, Iris-setosa
5.40, 3.90, 1.30, 0.40, 0.945518, 0.036522, 0.017961, Iris-setosa
5.10, 3.50, 1.40, 0.30, 0.996307, 0.002525, 0.001168, Iris-setosa
5.70, 3.80, 1.70, 0.30, 0.903064, 0.066288, 0.030648, Iris-setosa
5.10, 3.80, 1.50, 0.30, 0.978068, 0.014919, 0.007012, Iris-setosa
5.40, 3.40, 1.70, 0.20, 0.968755, 0.021750, 0.009495, Iris-setosa
5.10, 3.70, 1.50, 0.40, 0.983901, 0.011010, 0.005089, Iris-setosa
4.60, 3.60, 1.00, 0.20, 0.958130, 0.027860, 0.014010, Iris-setosa
5.10, 3.30, 1.70, 0.50, 0.979779, 0.014213, 0.006007, Iris-setosa
4.80, 3.40, 1.90, 0.20, 0.967268, 0.022997, 0.009735, Iris-setosa
5.00, 3.00, 1.60, 0.20, 0.974904, 0.017525, 0.007571, Iris-setosa
5.00, 3.40, 1.60, 0.40, 0.994861, 0.003570, 0.001569, Iris-setosa
5.20, 3.50, 1.50, 0.20, 0.993092, 0.004740, 0.002167, Iris-setosa
5.20, 3.40, 1.40, 0.20, 0.993660, 0.004339, 0.002001, Iris-setosa
4.70, 3.20, 1.60, 0.20, 0.980240, 0.013699, 0.006061, Iris-setosa
4.80, 3.10, 1.60, 0.20, 0.979752, 0.014086, 0.006162, Iris-setosa
5.40, 3.40, 1.50, 0.40, 0.974274, 0.017758, 0.007968, Iris-setosa
5.20, 4.10, 1.50, 0.10, 0.936927, 0.042211, 0.020862, Iris-setosa
5.50, 4.20, 1.40, 0.20, 0.902385, 0.064662, 0.032952, Iris-setosa
4.90, 3.10, 1.50, 0.10, 0.983690, 0.011267, 0.005043, Iris-setosa
5.00, 3.20, 1.20, 0.20, 0.985406, 0.009920, 0.004673, Iris-setosa
5.50, 3.50, 1.30, 0.20, 0.963827, 0.024493, 0.011680, Iris-setosa
4.90, 3.10, 1.50, 0.10, 0.983690, 0.011267, 0.005043, Iris-setosa
4.40, 3.00, 1.30, 0.20, 0.940571, 0.040478, 0.018951, Iris-setosa
5.10, 3.40, 1.50, 0.20, 0.998342, 0.001141, 0.000517, Iris-setosa
5.00, 3.50, 1.30, 0.30, 0.994361, 0.003833, 0.001806, Iris-setosa
4.50, 2.30, 1.30, 0.30, 0.852730, 0.100899, 0.046370, Iris-setosa
4.40, 3.20, 1.30, 0.20, 0.953073, 0.031865, 0.015063, Iris-setosa
5.00, 3.50, 1.60, 0.60, 0.978871, 0.014672, 0.006457, Iris-setosa
5.10, 3.80, 1.90, 0.40, 0.944176, 0.038890, 0.016934, Iris-setosa
4.80, 3.00, 1.40, 0.30, 0.973202, 0.018493, 0.008305, Iris-setosa
5.10, 3.80, 1.60, 0.20, 0.975756, 0.016550, 0.007695, Iris-setosa
4.60, 3.20, 1.40, 0.20, 0.974771, 0.017275, 0.007954, Iris-setosa
5.30, 3.70, 1.50, 0.20, 0.976396, 0.016081, 0.007523, Iris-setosa
5.00, 3.30, 1.40, 0.20, 0.997361, 0.001810, 0.000829, Iris-setosa
7.00, 3.20, 4.70, 1.40, 0.044601, 0.454296, 0.501104, Iris-versicolor
6.40, 3.20, 4.50, 1.50, 0.029175, 0.764082, 0.206744, Iris-versicolor
6.90, 3.10, 4.90, 1.50, 0.031288, 0.368790, 0.599922, Iris-versicolor
5.50, 2.30, 4.00, 1.30, 0.049538, 0.869988, 0.080474, Iris-versicolor
6.50, 2.80, 4.60, 1.50, 0.024132, 0.758782, 0.217086, Iris-versicolor
5.70, 2.80, 4.50, 1.30, 0.005753, 0.973777, 0.020470, Iris-versicolor
6.30, 3.30, 4.70, 1.60, 0.029804, 0.673064, 0.297132, Iris-versicolor
4.90, 2.40, 3.30, 1.00, 0.286361, 0.581518, 0.132122, Iris-versicolor
6.60, 2.90, 4.60, 1.30, 0.031263, 0.721061, 0.247675, Iris-versicolor
5.20, 2.70, 3.90, 1.40, 0.074980, 0.830301, 0.094719, Iris-versicolor
5.00, 2.00, 3.50, 1.00, 0.219413, 0.635671, 0.144916, Iris-versicolor
5.90, 3.00, 4.20, 1.50, 0.009197, 0.962070, 0.028733, Iris-versicolor
6.00, 2.20, 4.00, 1.00, 0.055835, 0.843032, 0.101133, Iris-versicolor
6.10, 2.90, 4.70, 1.40, 0.012121, 0.899698, 0.088181, Iris-versicolor
5.60, 2.90, 3.60, 1.30, 0.091882, 0.815927, 0.092192, Iris-versicolor
6.70, 3.10, 4.40, 1.40, 0.041748, 0.689914, 0.268338, Iris-versicolor
5.60, 3.00, 4.50, 1.50, 0.014173, 0.933151, 0.052676, Iris-versicolor
5.80, 2.70, 4.10, 1.00, 0.025975, 0.925633, 0.048392, Iris-versicolor
6.20, 2.20, 4.50, 1.50, 0.027210, 0.835365, 0.137425, Iris-versicolor
5.60, 2.50, 3.90, 1.10, 0.051753, 0.877450, 0.070797, Iris-versicolor
5.90, 3.20, 4.80, 1.80, 0.027629, 0.721681, 0.250690, Iris-versicolor
6.10, 2.80, 4.00, 1.30, 0.019537, 0.934225, 0.046238, Iris-versicolor
6.30, 2.50, 4.90, 1.50, 0.024007, 0.705450, 0.270543, Iris-versicolor
6.10, 2.80, 4.70, 1.20, 0.013949, 0.902763, 0.083288, Iris-versicolor
6.40, 2.90, 4.30, 1.30, 0.022931, 0.875924, 0.101145, Iris-versicolor
6.60, 3.00, 4.40, 1.40, 0.033969, 0.754818, 0.211213, Iris-versicolor
6.80, 2.80, 4.80, 1.40, 0.033642, 0.523695, 0.442662, Iris-versicolor
6.70, 3.00, 5.00, 1.70, 0.021202, 0.306358, 0.672440, Iris-versicolor
6.00, 2.90, 4.50, 1.50, 0.004936, 0.968913, 0.026151, Iris-versicolor
5.70, 2.60, 3.50, 1.00, 0.128801, 0.766564, 0.104635, Iris-versicolor
5.50, 2.40, 3.80, 1.10, 0.078117, 0.831981, 0.089902, Iris-versicolor
5.50, 2.40, 3.70, 1.00, 0.104210, 0.795055, 0.100736, Iris-versicolor
5.80, 2.70, 3.90, 1.20, 0.031082, 0.918588, 0.050330, Iris-versicolor
6.00, 2.70, 5.10, 1.60, 0.024000, 0.656332, 0.319668, Iris-versicolor
5.40, 3.00, 4.50, 1.50, 0.026423, 0.891114, 0.082463, Iris-versicolor
6.00, 3.40, 4.50, 1.60, 0.032148, 0.797198, 0.170654, Iris-versicolor
6.70, 3.10, 4.70, 1.50, 0.033475, 0.555470, 0.411055, Iris-versicolor
6.30, 2.30, 4.40, 1.30, 0.026930, 0.857597, 0.115473, Iris-versicolor
5.60, 3.00, 4.10, 1.30, 0.024144, 0.928853, 0.047003, Iris-versicolor
5.50, 2.50, 4.00, 1.30, 0.038317, 0.899270, 0.062413, Iris-versicolor
5.50, 2.60, 4.40, 1.20, 0.019691, 0.931053, 0.049255, Iris-versicolor
6.10, 3.00, 4.60, 1.40, 0.011621, 0.915712, 0.072667, Iris-versicolor
5.80, 2.60, 4.00, 1.20, 0.022597, 0.935586, 0.041817, Iris-versicolor
5.00, 2.30, 3.30, 1.00, 0.270115, 0.597326, 0.132559, Iris-versicolor
5.60, 2.70, 4.20, 1.30, 0.012724, 0.958805, 0.028471, Iris-versicolor
5.70, 3.00, 4.20, 1.20, 0.016818, 0.945494, 0.037688, Iris-versicolor
5.70, 2.90, 4.20, 1.30, 0.009602, 0.967369, 0.023029, Iris-versicolor
6.20, 2.90, 4.30, 1.30, 0.011418, 0.943883, 0.044699, Iris-versicolor
5.10, 2.50, 3.00, 1.10, 0.356777, 0.518959, 0.124264, Iris-versicolor
5.70, 2.80, 4.10, 1.30, 0.012730, 0.960506, 0.026763, Iris-versicolor
6.30, 3.30, 6.00, 2.50, 0.019365, 0.120751, 0.859884, Iris-virginica
5.80, 2.70, 5.10, 1.90, 0.029332, 0.615575, 0.355094, Iris-virginica
7.10, 3.00, 5.90, 2.10, 0.006080, 0.038157, 0.955763, Iris-virginica
6.30, 2.90, 5.60, 1.80, 0.012535, 0.141949, 0.845516, Iris-virginica
6.50, 3.00, 5.80, 2.20, 0.004757, 0.037643, 0.957599, Iris-virginica
7.60, 3.00, 6.60, 2.10, 0.035478, 0.152683, 0.811839, Iris-virginica
4.90, 2.50, 4.50, 1.70, 0.073141, 0.759811, 0.167048, Iris-virginica
7.30, 2.90, 6.30, 1.80, 0.021913, 0.115149, 0.862938, Iris-virginica
6.70, 2.50, 5.80, 1.80, 0.014009, 0.117350, 0.868641, Iris-virginica
7.20, 3.60, 6.10, 2.50, 0.024419, 0.114602, 0.860980, Iris-virginica
6.50, 3.20, 5.10, 2.00, 0.016770, 0.209894, 0.773336, Iris-virginica
6.40, 2.70, 5.30, 1.90, 0.015771, 0.223140, 0.761089, Iris-virginica
6.80, 3.00, 5.50, 2.10, 0.001167, 0.010016, 0.988817, Iris-virginica
5.70, 2.50, 5.00, 2.00, 0.034415, 0.659923, 0.305662, Iris-virginica
5.80, 2.80, 5.10, 2.40, 0.038404, 0.460982, 0.500614, Iris-virginica
6.40, 3.20, 5.30, 2.30, 0.014068, 0.136070, 0.849863, Iris-virginica
6.50, 3.00, 5.50, 1.80, 0.007165, 0.079616, 0.913219, Iris-virginica
7.70, 3.80, 6.70, 2.20, 0.050589, 0.185831, 0.763579, Iris-virginica
7.70, 2.60, 6.90, 2.30, 0.049214, 0.193260, 0.757525, Iris-virginica
6.00, 2.20, 5.00, 1.50, 0.032252, 0.710668, 0.257079, Iris-virginica
6.90, 3.20, 5.70, 2.30, 0.003829, 0.025703, 0.970468, Iris-virginica
5.60, 2.80, 4.90, 2.00, 0.033679, 0.706946, 0.259375, Iris-virginica
7.70, 2.80, 6.70, 2.00, 0.041996, 0.174837, 0.783167, Iris-virginica
6.30, 2.70, 4.90, 1.80, 0.022825, 0.595780, 0.381395, Iris-virginica
6.70, 3.30, 5.70, 2.10, 0.002915, 0.021745, 0.975341, Iris-virginica
7.20, 3.20, 6.00, 1.80, 0.012914, 0.075177, 0.911909, Iris-virginica
6.20, 2.80, 4.80, 1.80, 0.020997, 0.707811, 0.271193, Iris-virginica
6.10, 3.00, 4.90, 1.80, 0.023106, 0.646943, 0.329951, Iris-virginica
6.40, 2.80, 5.60, 2.10, 0.008364, 0.083003, 0.908633, Iris-virginica
7.20, 3.00, 5.80, 1.60, 0.014456, 0.094759, 0.890785, Iris-virginica
7.40, 2.80, 6.10, 1.90, 0.019801, 0.107457, 0.872742, Iris-virginica
7.90, 3.80, 6.40, 2.00, 0.050904, 0.189008, 0.760088, Iris-virginica
6.40, 2.80, 5.60, 2.20, 0.008963, 0.084844, 0.906193, Iris-virginica
6.30, 2.80, 5.10, 1.50, 0.023414, 0.540239, 0.436347, Iris-virginica
6.10, 2.60, 5.60, 1.40, 0.031225, 0.392729, 0.576046, Iris-virginica
7.70, 3.00, 6.10, 2.30, 0.028675, 0.131784, 0.839540, Iris-virginica
6.30, 3.40, 5.60, 2.40, 0.017230, 0.128705, 0.854065, Iris-virginica
6.40, 3.10, 5.50, 1.80, 0.009788, 0.110072, 0.880140, Iris-virginica
6.00, 3.00, 4.80, 1.80, 0.021737, 0.749937, 0.228325, Iris-virginica
6.90, 3.10, 5.40, 2.10, 0.003491, 0.028961, 0.967548, Iris-virginica
6.70, 3.10, 5.60, 2.40, 0.005080, 0.037681, 0.957240, Iris-virginica
6.90, 3.10, 5.10, 2.30, 0.015408, 0.129488, 0.855105, Iris-virginica
5.80, 2.70, 5.10, 1.90, 0.029332, 0.615575, 0.355094, Iris-virginica
6.80, 3.20, 5.90, 2.30, 0.005252, 0.033739, 0.961009, Iris-virginica
6.70, 3.30, 5.70, 2.50, 0.009704, 0.063186, 0.927110, Iris-virginica
6.70, 3.00, 5.20, 2.30, 0.011268, 0.106384, 0.882348, Iris-virginica
6.30, 2.50, 5.00, 1.90, 0.025831, 0.507524, 0.466645, Iris-virginica
6.50, 3.00, 5.20, 2.00, 0.012120, 0.156429, 0.831451, Iris-virginica
6.20, 3.40, 5.40, 2.30, 0.021586, 0.189042, 0.789372, Iris-virginica
5.90, 3.00, 5.10, 1.80, 0.026941, 0.581800, 0.391259, Iris-virginica
