% Title: Title
%
% Centers:
% 	6.775206 3.052457 5.647028 2.053655 
% 	5.003562 3.403031 1.485009 0.251544 
% 	5.889288 2.761267 4.364379 1.397509 
%

@RELATION

@ATTRIBUTE Attribute0 	 REAL
@ATTRIBUTE Attribute1 	 REAL
@ATTRIBUTE Attribute2 	 REAL
@ATTRIBUTE Attribute3 	 REAL
@ATTRIBUTE MU 	 FUZZY {Zhluk0, Zhluk1, Zhluk2}
@ATTRIBUTE class 	 {Iris-setosa, Iris-versicolor, Iris-virginica}

@DATA
5.10, 3.50, 1.40, 0.20, 0.001164, 0.996336, 0.002501, Iris-setosa
4.90, 3.00, 1.40, 0.20, 0.007155, 0.976961, 0.015884, Iris-setosa
4.70, 3.20, 1.30, 0.20, 0.006260, 0.980314, 0.013425, Iris-setosa
4.60, 3.10, 1.50, 0.20, 0.009832, 0.968322, 0.021847, Iris-setosa
5.00, 3.60, 1.40, 0.20, 0.001942, 0.993927, 0.004131, Iris-setosa
5.40, 3.90, 1.70, 0.40, 0.021068, 0.933158, 0.045774, Iris-setosa
4.60, 3.40, 1.40, 0.30, 0.006505, 0.979493, 0.014002, Iris-setosa
5.00, 3.40, 1.50, 0.20, 0.000121, 0.999611, 0.000268, Iris-setosa
4.40, 2.90, 1.40, 0.20, 0.021530, 0.931575, 0.046895, Iris-setosa
4.90, 3.10, 1.50, 0.10, 0.005042, 0.983696, 0.011263, Iris-setosa
5.40, 3.70, 1.50, 0.20, 0.010464, 0.967221, 0.022314, Iris-setosa
4.80, 3.40, 1.60, 0.20, 0.002386, 0.992283, 0.005331, Iris-setosa
4.80, 3.00, 1.40, 0.10, 0.008830, 0.971755, 0.019415, Iris-setosa
4.30, 3.00, 1.10, 0.10, 0.024995, 0.923714, 0.051290, Iris-setosa
5.80, 4.00, 1.20, 0.20, 0.038093, 0.888415, 0.073491, Iris-setosa
5.70, 4.40, 1.50, 0.40, 0.055010, 0.839299, 0.105691, Iris-setosa
5.40, 3.90, 1.30, 0.40, 0.017958, 0.945527, 0.036515, Iris-setosa
5.10, 3.50, 1.40, 0.30, 0.001168, 0.996308, 0.002524, Iris-setosa
5.70, 3.80, 1.70, 0.30, 0.030643, 0.903085, 0.066272, Iris-setosa
5.10, 3.80, 1.50, 0.30, 0.007011, 0.978072, 0.014916, Iris-setosa
5.40, 3.40, 1.70, 0.20, 0.009493, 0.968765, 0.021742, Iris-setosa
5.10, 3.70, 1.50, 0.40, 0.005088, 0.983905, 0.011007, Iris-setosa
4.60, 3.60, 1.00, 0.20, 0.014009, 0.958136, 0.027855, Iris-setosa
5.10, 3.30, 1.70, 0.50, 0.006005, 0.979788, 0.014207, Iris-setosa
4.80, 3.40, 1.90, 0.20, 0.009732, 0.967280, 0.022987, Iris-setosa
5.00, 3.00, 1.60, 0.20, 0.007569, 0.974914, 0.017518, Iris-setosa
5.00, 3.40, 1.60, 0.40, 0.001568, 0.994864, 0.003569, Iris-setosa
5.20, 3.50, 1.50, 0.20, 0.002167, 0.993094, 0.004739, Iris-setosa
5.20, 3.40, 1.40, 0.20, 0.002001, 0.993661, 0.004338, Iris-setosa
4.70, 3.20, 1.60, 0.20, 0.006060, 0.980246, 0.013694, Iris-setosa
4.80, 3.10, 1.60, 0.20, 0.006161, 0.979759, 0.014080, Iris-setosa
5.40, 3.40, 1.50, 0.40, 0.007966, 0.974281, 0.017753, Iris-setosa
5.20, 4.10, 1.50, 0.10, 0.020860, 0.936938, 0.042203, Iris-setosa
5.50, 4.20, 1.40, 0.20, 0.032948, 0.902401, 0.064651, Iris-setosa
4.90, 3.10, 1.50, 0.10, 0.005042, 0.983696, 0.011263, Iris-setosa
5.00, 3.20, 1.20, 0.20, 0.004673, 0.985409, 0.009918, Iris-setosa
5.50, 3.50, 1.30, 0.20, 0.011679, 0.963834, 0.024488, Iris-setosa
4.90, 3.10, 1.50, 0.10, 0.005042, 0.983696, 0.011263, Iris-setosa
4.40, 3.00, 1.30, 0.20, 0.018948, 0.940586, 0.040467, Iris-setosa
5.10, 3.40, 1.50, 0.20, 0.000517, 0.998343, 0.001141, Iris-setosa
5.00, 3.50, 1.30, 0.30, 0.001806, 0.994361, 0.003833, Iris-setosa
4.50, 2.30, 1.30, 0.30, 0.046363, 0.852765, 0.100872, Iris-setosa
4.40, 3.20, 1.30, 0.20, 0.015060, 0.953083, 0.031856, Iris-setosa
5.00, 3.50, 1.60, 0.60, 0.006456, 0.978878, 0.014666, Iris-setosa
5.10, 3.80, 1.90, 0.40, 0.016930, 0.944192, 0.038878, Iris-setosa
4.80, 3.00, 1.40, 0.30, 0.008303, 0.973210, 0.018487, Iris-setosa
5.10, 3.80, 1.60, 0.20, 0.007693, 0.975761, 0.016546, Iris-setosa
4.60, 3.20, 1.40, 0.20, 0.007952, 0.974778, 0.017270, Iris-setosa
5.30, 3.70, 1.50, 0.20, 0.007522, 0.976401, 0.016078, Iris-setosa
5.00, 3.30, 1.40, 0.20, 0.000829, 0.997361, 0.001810, Iris-setosa
7.00, 3.20, 4.70, 1.40, 0.500821, 0.044600, 0.454579, Iris-versicolor
6.40, 3.20, 4.50, 1.50, 0.206457, 0.029154, 0.764388, Iris-versicolor
6.90, 3.10, 4.90, 1.50, 0.599573, 0.031293, 0.369134, Iris-versicolor
5.50, 2.30, 4.00, 1.30, 0.080534, 0.049596, 0.869870, Iris-versicolor
6.50, 2.80, 4.60, 1.50, 0.216739, 0.024112, 0.759149, Iris-versicolor
5.70, 2.80, 4.50, 1.30, 0.020469, 0.005755, 0.973776, Iris-versicolor
6.30, 3.30, 4.70, 1.60, 0.296743, 0.029788, 0.673469, Iris-versicolor
4.90, 2.40, 3.30, 1.00, 0.132139, 0.286493, 0.581368, Iris-versicolor
6.60, 2.90, 4.60, 1.30, 0.247374, 0.031246, 0.721379, Iris-versicolor
5.20, 2.70, 3.90, 1.40, 0.094773, 0.075054, 0.830173, Iris-versicolor
5.00, 2.00, 3.50, 1.00, 0.144938, 0.219521, 0.635541, Iris-versicolor
5.90, 3.00, 4.20, 1.50, 0.028728, 0.009201, 0.962071, Iris-versicolor
6.00, 2.20, 4.00, 1.00, 0.101166, 0.055877, 0.842957, Iris-versicolor
6.10, 2.90, 4.70, 1.40, 0.087933, 0.012096, 0.899971, Iris-versicolor
5.60, 2.90, 3.60, 1.30, 0.092244, 0.091973, 0.815783, Iris-versicolor
6.70, 3.10, 4.40, 1.40, 0.268088, 0.041734, 0.690178, Iris-versicolor
5.60, 3.00, 4.50, 1.50, 0.052638, 0.014171, 0.933191, Iris-versicolor
5.80, 2.70, 4.10, 1.00, 0.048453, 0.026020, 0.925527, Iris-versicolor
6.20, 2.20, 4.50, 1.50, 0.137304, 0.027201, 0.835495, Iris-versicolor
5.60, 2.50, 3.90, 1.10, 0.070867, 0.051827, 0.877305, Iris-versicolor
5.90, 3.20, 4.80, 1.80, 0.250346, 0.027612, 0.722042, Iris-versicolor
6.10, 2.80, 4.00, 1.30, 0.046263, 0.019558, 0.934179, Iris-versicolor
6.30, 2.50, 4.90, 1.50, 0.270155, 0.023991, 0.705853, Iris-versicolor
6.10, 2.80, 4.70, 1.20, 0.083116, 0.013930, 0.902954, Iris-versicolor
6.40, 2.90, 4.30, 1.30, 0.101023, 0.022917, 0.876060, Iris-versicolor
6.60, 3.00, 4.40, 1.40, 0.210973, 0.033951, 0.755075, Iris-versicolor
6.80, 2.80, 4.80, 1.40, 0.442287, 0.033638, 0.524075, Iris-versicolor
6.70, 3.00, 5.00, 1.70, 0.671989, 0.021212, 0.306798, Iris-versicolor
6.00, 2.90, 4.50, 1.50, 0.026032, 0.004917, 0.969051, Iris-versicolor
5.70, 2.60, 3.50, 1.00, 0.104683, 0.128911, 0.766406, Iris-versicolor
5.50, 2.40, 3.80, 1.10, 0.089965, 0.078204, 0.831831, Iris-versicolor
5.50, 2.40, 3.70, 1.00, 0.100793, 0.104309, 0.794898, Iris-versicolor
5.80, 2.70, 3.90, 1.20, 0.050399, 0.031139, 0.918462, Iris-versicolor
6.00, 2.70, 5.10, 1.60, 0.319229, 0.023988, 0.656783, Iris-versicolor
5.40, 3.00, 4.50, 1.50, 0.082442, 0.026430, 0.891128, Iris-versicolor
6.00, 3.40, 4.50, 1.60, 0.170457, 0.032131, 0.797412, Iris-versicolor
6.70, 3.10, 4.70, 1.50, 0.410658, 0.033468, 0.555874, Iris-versicolor
6.30, 2.30, 4.40, 1.30, 0.115386, 0.026924, 0.857689, Iris-versicolor
5.60, 3.00, 4.10, 1.30, 0.047056, 0.024182, 0.928762, Iris-versicolor
5.50, 2.50, 4.00, 1.30, 0.062482, 0.038377, 0.899141, Iris-versicolor
5.50, 2.60, 4.40, 1.20, 0.049298, 0.019718, 0.930984, Iris-versicolor
6.10, 3.00, 4.60, 1.40, 0.072467, 0.011598, 0.915935, Iris-versicolor
5.80, 2.60, 4.00, 1.20, 0.041886, 0.022645, 0.935469, Iris-versicolor
5.00, 2.30, 3.30, 1.00, 0.132579, 0.270246, 0.597175, Iris-versicolor
5.60, 2.70, 4.20, 1.30, 0.028535, 0.012759, 0.958706, Iris-versicolor
5.70, 3.00, 4.20, 1.20, 0.037731, 0.016846, 0.945423, Iris-versicolor
5.70, 2.90, 4.20, 1.30, 0.023079, 0.009628, 0.967293, Iris-versicolor
6.20, 2.90, 4.30, 1.30, 0.044636, 0.011408, 0.943955, Iris-versicolor
5.10, 2.50, 3.00, 1.10, 0.124273, 0.356918, 0.518809, Iris-versicolor
5.70, 2.80, 4.10, 1.30, 0.026829, 0.012768, 0.960403, Iris-versicolor
6.30, 3.30, 6.00, 2.50, 0.859867, 0.019360, 0.120774, Iris-virginica
5.80, 2.70, 5.10, 1.90, 0.354720, 0.029324, 0.615956, Iris-virginica
7.10, 3.00, 5.90, 2.10, 0.955835, 0.006067, 0.038098, Iris-virginica
6.30, 2.90, 5.60, 1.80, 0.845255, 0.012548, 0.142197, Iris-virginica
6.50, 3.00, 5.80, 2.20, 0.957575, 0.004758, 0.037668, Iris-virginica
7.60, 3.00, 6.60, 2.10, 0.811906, 0.035455, 0.152639, Iris-virginica
4.90, 2.50, 4.50, 1.70, 0.167035, 0.073166, 0.759799, Iris-virginica
7.30, 2.90, 6.30, 1.80, 0.862996, 0.021896, 0.115109, Iris-virginica
6.70, 2.50, 5.80, 1.80, 0.868552, 0.014011, 0.117437, Iris-virginica
7.20, 3.60, 6.10, 2.50, 0.861047, 0.024399, 0.114554, Iris-virginica
6.50, 3.20, 5.10, 2.00, 0.772952, 0.016785, 0.210263, Iris-virginica
6.40, 2.70, 5.30, 1.90, 0.760681, 0.015785, 0.223534, Iris-virginica
6.80, 3.00, 5.50, 2.10, 0.988774, 0.001171, 0.010055, Iris-virginica
5.70, 2.50, 5.00, 2.00, 0.305389, 0.034407, 0.660204, Iris-virginica
5.80, 2.80, 5.10, 2.40, 0.500316, 0.038405, 0.461279, Iris-virginica
6.40, 3.20, 5.30, 2.30, 0.849644, 0.014079, 0.136277, Iris-virginica
6.50, 3.00, 5.50, 1.80, 0.912992, 0.007179, 0.079829, Iris-virginica
7.70, 3.80, 6.70, 2.20, 0.763636, 0.050564, 0.185799, Iris-virginica
7.70, 2.60, 6.90, 2.30, 0.757576, 0.049191, 0.193232, Iris-virginica
6.00, 2.20, 5.00, 1.50, 0.256841, 0.032242, 0.710916, Iris-virginica
6.90, 3.20, 5.70, 2.30, 0.970514, 0.003822, 0.025665, Iris-virginica
5.60, 2.80, 4.90, 2.00, 0.259124, 0.033668, 0.707209, Iris-virginica
7.70, 2.80, 6.70, 2.00, 0.783223, 0.041974, 0.174803, Iris-virginica
6.30, 2.70, 4.90, 1.80, 0.380863, 0.022816, 0.596321, Iris-virginica
6.70, 3.30, 5.70, 2.10, 0.975346, 0.002912, 0.021742, Iris-virginica
7.20, 3.20, 6.00, 1.80, 0.911968, 0.012900, 0.075132, Iris-virginica
6.20, 2.80, 4.80, 1.80, 0.270713, 0.020979, 0.708308, Iris-virginica
6.10, 3.00, 4.90, 1.80, 0.329445, 0.023092, 0.647462, Iris-virginica
6.40, 2.80, 5.60, 2.10, 0.908470, 0.008374, 0.083156, Iris-virginica
7.20, 3.00, 5.80, 1.60, 0.890789, 0.014449, 0.094762, Iris-virginica
7.40, 2.80, 6.10, 1.90, 0.872797, 0.019785, 0.107418, Iris-virginica
7.90, 3.80, 6.40, 2.00, 0.760138, 0.050880, 0.188982, Iris-virginica
6.40, 2.80, 5.60, 2.20, 0.906050, 0.008971, 0.084979, Iris-virginica
6.30, 2.80, 5.10, 1.50, 0.435816, 0.023409, 0.540775, Iris-virginica
6.10, 2.60, 5.60, 1.40, 0.575736, 0.031228, 0.393035, Iris-virginica
7.70, 3.00, 6.10, 2.30, 0.839607, 0.028654, 0.131739, Iris-virginica
6.30, 3.40, 5.60, 2.40, 0.853965, 0.017233, 0.128802, Iris-virginica
6.40, 3.10, 5.50, 1.80, 0.879883, 0.009802, 0.110315, Iris-virginica
6.00, 3.00, 4.80, 1.80, 0.227924, 0.021718, 0.750359, Iris-virginica
6.90, 3.10, 5.40, 2.10, 0.967495, 0.003494, 0.029010, Iris-virginica
6.70, 3.10, 5.60, 2.40, 0.957230, 0.005078, 0.037692, Iris-virginica
6.90, 3.10, 5.10, 2.30, 0.854951, 0.015415, 0.129634, Iris-virginica
5.80, 2.70, 5.10, 1.90, 0.354720, 0.029324, 0.615956, Iris-virginica
6.80, 3.20, 5.90, 2.30, 0.961068, 0.005242, 0.033690, Iris-virginica
6.70, 3.30, 5.70, 2.50, 0.927122, 0.009698, 0.063180, Iris-virginica
6.70, 3.00, 5.20, 2.30, 0.882164, 0.011278, 0.106558, Iris-virginica
6.30, 2.50, 5.00, 1.90, 0.466179, 0.025829, 0.507992, Iris-virginica
6.50, 3.00, 5.20, 2.00, 0.831080, 0.012137, 0.156783, Iris-virginica
6.20, 3.40, 5.40, 2.30, 0.789169, 0.021594, 0.189236, Iris-virginica
5.90, 3.00, 5.10, 1.80, 0.390808, 0.026933, 0.582258, Iris-virginica
