% Title: Title
%
% Centers:
% 	5.003561 3.403035 1.485002 0.251541 
% 	5.889203 2.761237 4.364249 1.397440 
% 	6.775085 3.052423 5.646881 2.053601 
%

@RELATION

@ATTRIBUTE Attribute0 	 REAL
@ATTRIBUTE Attribute1 	 REAL
@ATTRIBUTE Attribute2 	 REAL
@ATTRIBUTE Attribute3 	 REAL
@ATTRIBUTE MU 	 FUZZY {Zhluk0, Zhluk1, Zhluk2}
@ATTRIBUTE class 	 {Iris-setosa, Iris-versicolor, Iris-virginica}

@DATA
5.10, 3.50, 1.40, 0.20, 0.996336, 0.002501, 0.001164, Iris-setosa
4.90, 3.00, 1.40, 0.20, 0.976957, 0.015887, 0.007156, Iris-setosa
4.70, 3.20, 1.30, 0.20, 0.980312, 0.013427, 0.006261, Iris-setosa
4.60, 3.10, 1.50, 0.20, 0.968317, 0.021850, 0.009833, Iris-setosa
5.00, 3.60, 1.40, 0.20, 0.993927, 0.004131, 0.001942, Iris-setosa
5.40, 3.90, 1.70, 0.40, 0.933150, 0.045779, 0.021071, Iris-setosa
4.60, 3.40, 1.40, 0.30, 0.979490, 0.014004, 0.006506, Iris-setosa
5.00, 3.40, 1.50, 0.20, 0.999611, 0.000268, 0.000121, Iris-setosa
4.40, 2.90, 1.40, 0.20, 0.931566, 0.046901, 0.021532, Iris-setosa
4.90, 3.10, 1.50, 0.10, 0.983693, 0.011265, 0.005042, Iris-setosa
5.40, 3.70, 1.50, 0.20, 0.967218, 0.022317, 0.010465, Iris-setosa
4.80, 3.40, 1.60, 0.20, 0.992282, 0.005331, 0.002387, Iris-setosa
4.80, 3.00, 1.40, 0.10, 0.971751, 0.019418, 0.008831, Iris-setosa
4.30, 3.00, 1.10, 0.10, 0.923706, 0.051296, 0.024998, Iris-setosa
5.80, 4.00, 1.20, 0.20, 0.888406, 0.073498, 0.038097, Iris-setosa
5.70, 4.40, 1.50, 0.40, 0.839286, 0.105700, 0.055015, Iris-setosa
5.40, 3.90, 1.30, 0.40, 0.945522, 0.036518, 0.017960, Iris-setosa
5.10, 3.50, 1.40, 0.30, 0.996307, 0.002524, 0.001168, Iris-setosa
5.70, 3.80, 1.70, 0.30, 0.903074, 0.066279, 0.030647, Iris-setosa
5.10, 3.80, 1.50, 0.30, 0.978070, 0.014918, 0.007012, Iris-setosa
5.40, 3.40, 1.70, 0.20, 0.968760, 0.021746, 0.009494, Iris-setosa
5.10, 3.70, 1.50, 0.40, 0.983903, 0.011009, 0.005088, Iris-setosa
4.60, 3.60, 1.00, 0.20, 0.958132, 0.027857, 0.014010, Iris-setosa
5.10, 3.30, 1.70, 0.50, 0.979784, 0.014210, 0.006007, Iris-setosa
4.80, 3.40, 1.90, 0.20, 0.967274, 0.022992, 0.009734, Iris-setosa
5.00, 3.00, 1.60, 0.20, 0.974909, 0.017521, 0.007570, Iris-setosa
5.00, 3.40, 1.60, 0.40, 0.994862, 0.003569, 0.001568, Iris-setosa
5.20, 3.50, 1.50, 0.20, 0.993093, 0.004740, 0.002167, Iris-setosa
5.20, 3.40, 1.40, 0.20, 0.993660, 0.004338, 0.002001, Iris-setosa
4.70, 3.20, 1.60, 0.20, 0.980243, 0.013696, 0.006061, Iris-setosa
4.80, 3.10, 1.60, 0.20, 0.979756, 0.014083, 0.006162, Iris-setosa
5.40, 3.40, 1.50, 0.40, 0.974277, 0.017755, 0.007967, Iris-setosa
5.20, 4.10, 1.50, 0.10, 0.936932, 0.042207, 0.020862, Iris-setosa
5.50, 4.20, 1.40, 0.20, 0.902392, 0.064657, 0.032951, Iris-setosa
4.90, 3.10, 1.50, 0.10, 0.983693, 0.011265, 0.005042, Iris-setosa
5.00, 3.20, 1.20, 0.20, 0.985407, 0.009919, 0.004673, Iris-setosa
5.50, 3.50, 1.30, 0.20, 0.963830, 0.024490, 0.011680, Iris-setosa
4.90, 3.10, 1.50, 0.10, 0.983693, 0.011265, 0.005042, Iris-setosa
4.40, 3.00, 1.30, 0.20, 0.940578, 0.040472, 0.018950, Iris-setosa
5.10, 3.40, 1.50, 0.20, 0.998343, 0.001141, 0.000517, Iris-setosa
5.00, 3.50, 1.30, 0.30, 0.994361, 0.003833, 0.001806, Iris-setosa
4.50, 2.30, 1.30, 0.30, 0.852748, 0.100884, 0.046368, Iris-setosa
4.40, 3.20, 1.30, 0.20, 0.953078, 0.031860, 0.015062, Iris-setosa
5.00, 3.50, 1.60, 0.60, 0.978875, 0.014669, 0.006457, Iris-setosa
5.10, 3.80, 1.90, 0.40, 0.944184, 0.038884, 0.016933, Iris-setosa
4.80, 3.00, 1.40, 0.30, 0.973206, 0.018490, 0.008304, Iris-setosa
5.10, 3.80, 1.60, 0.20, 0.975758, 0.016548, 0.007694, Iris-setosa
4.60, 3.20, 1.40, 0.20, 0.974774, 0.017272, 0.007953, Iris-setosa
5.30, 3.70, 1.50, 0.20, 0.976398, 0.016079, 0.007522, Iris-setosa
5.00, 3.30, 1.40, 0.20, 0.997361, 0.001810, 0.000829, Iris-setosa
7.00, 3.20, 4.70, 1.40, 0.044598, 0.454435, 0.500967, Iris-versicolor
6.40, 3.20, 4.50, 1.50, 0.029162, 0.764233, 0.206605, Iris-versicolor
6.90, 3.10, 4.90, 1.50, 0.031288, 0.368954, 0.599758, Iris-versicolor
5.50, 2.30, 4.00, 1.30, 0.049570, 0.869916, 0.080514, Iris-versicolor
6.50, 2.80, 4.60, 1.50, 0.024120, 0.758962, 0.216918, Iris-versicolor
5.70, 2.80, 4.50, 1.30, 0.005754, 0.973773, 0.020473, Iris-versicolor
6.30, 3.30, 4.70, 1.60, 0.029794, 0.673256, 0.296950, Iris-versicolor
4.90, 2.40, 3.30, 1.00, 0.286431, 0.581431, 0.132138, Iris-versicolor
6.60, 2.90, 4.60, 1.30, 0.031253, 0.721219, 0.247529, Iris-versicolor
5.20, 2.70, 3.90, 1.40, 0.075021, 0.830223, 0.094757, Iris-versicolor
5.00, 2.00, 3.50, 1.00, 0.219470, 0.635593, 0.144936, Iris-versicolor
5.90, 3.00, 4.20, 1.50, 0.009199, 0.962069, 0.028732, Iris-versicolor
6.00, 2.20, 4.00, 1.00, 0.055857, 0.842986, 0.101157, Iris-versicolor
6.10, 2.90, 4.70, 1.40, 0.012107, 0.899836, 0.088057, Iris-versicolor
5.60, 2.90, 3.60, 1.30, 0.091930, 0.815844, 0.092226, Iris-versicolor
6.70, 3.10, 4.40, 1.40, 0.041739, 0.690044, 0.268217, Iris-versicolor
5.60, 3.00, 4.50, 1.50, 0.014172, 0.933164, 0.052664, Iris-versicolor
5.80, 2.70, 4.10, 1.00, 0.025998, 0.925574, 0.048428, Iris-versicolor
6.20, 2.20, 4.50, 1.50, 0.027205, 0.835422, 0.137373, Iris-versicolor
5.60, 2.50, 3.90, 1.10, 0.051793, 0.877367, 0.070840, Iris-versicolor
5.90, 3.20, 4.80, 1.80, 0.027619, 0.721844, 0.250537, Iris-versicolor
6.10, 2.80, 4.00, 1.30, 0.019547, 0.934200, 0.046253, Iris-versicolor
6.30, 2.50, 4.90, 1.50, 0.023998, 0.705639, 0.270364, Iris-versicolor
6.10, 2.80, 4.70, 1.20, 0.013938, 0.902860, 0.083202, Iris-versicolor
6.40, 2.90, 4.30, 1.30, 0.022922, 0.875995, 0.101084, Iris-versicolor
6.60, 3.00, 4.40, 1.40, 0.033958, 0.754946, 0.211096, Iris-versicolor
6.80, 2.80, 4.80, 1.40, 0.033638, 0.523877, 0.442485, Iris-versicolor
6.70, 3.00, 5.00, 1.70, 0.021205, 0.306555, 0.672241, Iris-versicolor
6.00, 2.90, 4.50, 1.50, 0.004926, 0.968984, 0.026090, Iris-versicolor
5.70, 2.60, 3.50, 1.00, 0.128858, 0.766475, 0.104667, Iris-versicolor
5.50, 2.40, 3.80, 1.10, 0.078164, 0.831894, 0.089942, Iris-versicolor
5.50, 2.40, 3.70, 1.00, 0.104263, 0.794964, 0.100773, Iris-versicolor
5.80, 2.70, 3.90, 1.20, 0.031111, 0.918518, 0.050371, Iris-versicolor
6.00, 2.70, 5.10, 1.60, 0.023992, 0.656535, 0.319473, Iris-versicolor
5.40, 3.00, 4.50, 1.50, 0.026428, 0.891110, 0.082463, Iris-versicolor
6.00, 3.40, 4.50, 1.60, 0.032138, 0.797298, 0.170564, Iris-versicolor
6.70, 3.10, 4.70, 1.50, 0.033469, 0.555663, 0.410868, Iris-versicolor
6.30, 2.30, 4.40, 1.30, 0.026926, 0.857639, 0.115435, Iris-versicolor
5.60, 3.00, 4.10, 1.30, 0.024164, 0.928800, 0.047036, Iris-versicolor
5.50, 2.50, 4.00, 1.30, 0.038350, 0.899194, 0.062457, Iris-versicolor
5.50, 2.60, 4.40, 1.20, 0.019706, 0.931009, 0.049285, Iris-versicolor
6.10, 3.00, 4.60, 1.40, 0.011608, 0.915826, 0.072566, Iris-versicolor
5.80, 2.60, 4.00, 1.20, 0.022622, 0.935521, 0.041857, Iris-versicolor
5.00, 2.30, 3.30, 1.00, 0.270184, 0.597238, 0.132577, Iris-versicolor
5.60, 2.70, 4.20, 1.30, 0.012743, 0.958747, 0.028509, Iris-versicolor
5.70, 3.00, 4.20, 1.20, 0.016833, 0.945453, 0.037714, Iris-versicolor
5.70, 2.90, 4.20, 1.30, 0.009616, 0.967326, 0.023058, Iris-versicolor
6.20, 2.90, 4.30, 1.30, 0.011412, 0.943923, 0.044666, Iris-versicolor
5.10, 2.50, 3.00, 1.10, 0.356851, 0.518873, 0.124275, Iris-versicolor
5.70, 2.80, 4.10, 1.30, 0.012751, 0.960448, 0.026801, Iris-versicolor
6.30, 3.30, 6.00, 2.50, 0.019363, 0.120763, 0.859875, Iris-virginica
5.80, 2.70, 5.10, 1.90, 0.029326, 0.615737, 0.354937, Iris-virginica
7.10, 3.00, 5.90, 2.10, 0.006076, 0.038143, 0.955782, Iris-virginica
6.30, 2.90, 5.60, 1.80, 0.012539, 0.142049, 0.845412, Iris-virginica
6.50, 3.00, 5.80, 2.20, 0.004757, 0.037652, 0.957591, Iris-virginica
7.60, 3.00, 6.60, 2.10, 0.035470, 0.152679, 0.811851, Iris-virginica
4.90, 2.50, 4.50, 1.70, 0.073155, 0.759787, 0.167057, Iris-virginica
7.30, 2.90, 6.30, 1.80, 0.021908, 0.115147, 0.862945, Iris-virginica
6.70, 2.50, 5.80, 1.80, 0.014010, 0.117393, 0.868597, Iris-virginica
7.20, 3.60, 6.10, 2.50, 0.024412, 0.114594, 0.860995, Iris-virginica
6.50, 3.20, 5.10, 2.00, 0.016775, 0.210047, 0.773179, Iris-virginica
6.40, 2.70, 5.30, 1.90, 0.015775, 0.223302, 0.760924, Iris-virginica
6.80, 3.00, 5.50, 2.10, 0.001168, 0.010031, 0.988801, Iris-virginica
5.70, 2.50, 5.00, 2.00, 0.034410, 0.660039, 0.305551, Iris-virginica
5.80, 2.80, 5.10, 2.40, 0.038402, 0.461103, 0.500496, Iris-virginica
6.40, 3.20, 5.30, 2.30, 0.014071, 0.136150, 0.849779, Iris-virginica
6.50, 3.00, 5.50, 1.80, 0.007170, 0.079699, 0.913131, Iris-virginica
7.70, 3.80, 6.70, 2.20, 0.050581, 0.185832, 0.763588, Iris-virginica
7.70, 2.60, 6.90, 2.30, 0.049206, 0.193262, 0.757532, Iris-virginica
6.00, 2.20, 5.00, 1.50, 0.032246, 0.710776, 0.256977, Iris-virginica
6.90, 3.20, 5.70, 2.30, 0.003827, 0.025691, 0.970482, Iris-virginica
5.60, 2.80, 4.90, 2.00, 0.033672, 0.707055, 0.259273, Iris-virginica
7.70, 2.80, 6.70, 2.00, 0.041989, 0.174837, 0.783174, Iris-virginica
6.30, 2.70, 4.90, 1.80, 0.022818, 0.596025, 0.381157, Iris-virginica
6.70, 3.30, 5.70, 2.10, 0.002914, 0.021745, 0.975341, Iris-virginica
7.20, 3.20, 6.00, 1.80, 0.012910, 0.075172, 0.911918, Iris-virginica
6.20, 2.80, 4.80, 1.80, 0.020986, 0.708041, 0.270973, Iris-virginica
6.10, 3.00, 4.90, 1.80, 0.023097, 0.647179, 0.329724, Iris-virginica
6.40, 2.80, 5.60, 2.10, 0.008367, 0.083060, 0.908573, Iris-virginica
7.20, 3.00, 5.80, 1.60, 0.014454, 0.094775, 0.890770, Iris-virginica
7.40, 2.80, 6.10, 1.90, 0.019796, 0.107456, 0.872748, Iris-virginica
7.90, 3.80, 6.40, 2.00, 0.050896, 0.189012, 0.760092, Iris-virginica
6.40, 2.80, 5.60, 2.20, 0.008965, 0.084894, 0.906141, Iris-virginica
6.30, 2.80, 5.10, 1.50, 0.023409, 0.540484, 0.436107, Iris-virginica
6.10, 2.60, 5.60, 1.40, 0.031225, 0.392864, 0.575911, Iris-virginica
7.70, 3.00, 6.10, 2.30, 0.028668, 0.131780, 0.839551, Iris-virginica
6.30, 3.40, 5.60, 2.40, 0.017230, 0.128744, 0.854026, Iris-virginica
6.40, 3.10, 5.50, 1.80, 0.009793, 0.110168, 0.880039, Iris-virginica
6.00, 3.00, 4.80, 1.80, 0.021726, 0.750132, 0.228142, Iris-virginica
6.90, 3.10, 5.40, 2.10, 0.003492, 0.028983, 0.967525, Iris-virginica
6.70, 3.10, 5.60, 2.40, 0.005079, 0.037685, 0.957236, Iris-virginica
6.90, 3.10, 5.10, 2.30, 0.015410, 0.129552, 0.855038, Iris-virginica
5.80, 2.70, 5.10, 1.90, 0.029326, 0.615737, 0.354937, Iris-virginica
6.80, 3.20, 5.90, 2.30, 0.005248, 0.033724, 0.961028, Iris-virginica
6.70, 3.30, 5.70, 2.50, 0.009701, 0.063186, 0.927112, Iris-virginica
6.70, 3.00, 5.20, 2.30, 0.011271, 0.106454, 0.882275, Iris-virginica
6.30, 2.50, 5.00, 1.90, 0.025828, 0.507729, 0.466443, Iris-virginica
6.50, 3.00, 5.20, 2.00, 0.012125, 0.156570, 0.831305, Iris-virginica
6.20, 3.40, 5.40, 2.30, 0.021587, 0.189120, 0.789293, Iris-virginica
5.90, 3.00, 5.10, 1.80, 0.026935, 0.582000, 0.391065, Iris-virginica
