% Title: Title
%
% Centers:
% 	5.003561 3.403041 1.484992 0.251537 
% 	6.774975 3.052389 5.646735 2.053539 
% 	5.889081 2.761192 4.364081 1.397357 
%

@RELATION

@ATTRIBUTE Attribute0 	 REAL
@ATTRIBUTE Attribute1 	 REAL
@ATTRIBUTE Attribute2 	 REAL
@ATTRIBUTE Attribute3 	 REAL
@ATTRIBUTE MU 	 FUZZY {Zhluk0, Zhluk1, Zhluk2}
@ATTRIBUTE class 	 {Iris-setosa, Iris-versicolor, Iris-virginica}

@DATA
5.10, 3.50, 1.40, 0.20, 0.996336, 0.001163, 0.002501, Iris-setosa
4.90, 3.00, 1.40, 0.20, 0.976953, 0.007157, 0.015890, Iris-setosa
4.70, 3.20, 1.30, 0.20, 0.980309, 0.006261, 0.013429, Iris-setosa
4.60, 3.10, 1.50, 0.20, 0.968311, 0.009834, 0.021855, Iris-setosa
5.00, 3.60, 1.40, 0.20, 0.993927, 0.001942, 0.004131, Iris-setosa
5.40, 3.90, 1.70, 0.40, 0.933140, 0.021073, 0.045787, Iris-setosa
4.60, 3.40, 1.40, 0.30, 0.979487, 0.006506, 0.014007, Iris-setosa
5.00, 3.40, 1.50, 0.20, 0.999611, 0.000121, 0.000268, Iris-setosa
4.40, 2.90, 1.40, 0.20, 0.931554, 0.021534, 0.046911, Iris-setosa
4.90, 3.10, 1.50, 0.10, 0.983690, 0.005043, 0.011267, Iris-setosa
5.40, 3.70, 1.50, 0.20, 0.967214, 0.010466, 0.022320, Iris-setosa
4.80, 3.40, 1.60, 0.20, 0.992280, 0.002387, 0.005333, Iris-setosa
4.80, 3.00, 1.40, 0.10, 0.971746, 0.008832, 0.019422, Iris-setosa
4.30, 3.00, 1.10, 0.10, 0.923696, 0.025000, 0.051305, Iris-setosa
5.80, 4.00, 1.20, 0.20, 0.888395, 0.038099, 0.073506, Iris-setosa
5.70, 4.40, 1.50, 0.40, 0.839270, 0.055018, 0.105711, Iris-setosa
5.40, 3.90, 1.30, 0.40, 0.945516, 0.017961, 0.036523, Iris-setosa
5.10, 3.50, 1.40, 0.30, 0.996307, 0.001168, 0.002525, Iris-setosa
5.70, 3.80, 1.70, 0.30, 0.903060, 0.030649, 0.066290, Iris-setosa
5.10, 3.80, 1.50, 0.30, 0.978068, 0.007013, 0.014920, Iris-setosa
5.40, 3.40, 1.70, 0.20, 0.968754, 0.009496, 0.021751, Iris-setosa
5.10, 3.70, 1.50, 0.40, 0.983901, 0.005089, 0.011010, Iris-setosa
4.60, 3.60, 1.00, 0.20, 0.958129, 0.014011, 0.027861, Iris-setosa
5.10, 3.30, 1.70, 0.50, 0.979778, 0.006008, 0.014214, Iris-setosa
4.80, 3.40, 1.90, 0.20, 0.967266, 0.009736, 0.022998, Iris-setosa
5.00, 3.00, 1.60, 0.20, 0.974903, 0.007571, 0.017526, Iris-setosa
5.00, 3.40, 1.60, 0.40, 0.994860, 0.001569, 0.003571, Iris-setosa
5.20, 3.50, 1.50, 0.20, 0.993092, 0.002167, 0.004741, Iris-setosa
5.20, 3.40, 1.40, 0.20, 0.993660, 0.002001, 0.004339, Iris-setosa
4.70, 3.20, 1.60, 0.20, 0.980238, 0.006061, 0.013700, Iris-setosa
4.80, 3.10, 1.60, 0.20, 0.979750, 0.006163, 0.014087, Iris-setosa
5.40, 3.40, 1.50, 0.40, 0.974273, 0.007968, 0.017759, Iris-setosa
5.20, 4.10, 1.50, 0.10, 0.936925, 0.020863, 0.042212, Iris-setosa
5.50, 4.20, 1.40, 0.20, 0.902383, 0.032953, 0.064664, Iris-setosa
4.90, 3.10, 1.50, 0.10, 0.983690, 0.005043, 0.011267, Iris-setosa
5.00, 3.20, 1.20, 0.20, 0.985406, 0.004673, 0.009921, Iris-setosa
5.50, 3.50, 1.30, 0.20, 0.963826, 0.011681, 0.024494, Iris-setosa
4.90, 3.10, 1.50, 0.10, 0.983690, 0.005043, 0.011267, Iris-setosa
4.40, 3.00, 1.30, 0.20, 0.940569, 0.018952, 0.040480, Iris-setosa
5.10, 3.40, 1.50, 0.20, 0.998342, 0.000517, 0.001141, Iris-setosa
5.00, 3.50, 1.30, 0.30, 0.994361, 0.001806, 0.003833, Iris-setosa
4.50, 2.30, 1.30, 0.30, 0.852724, 0.046372, 0.100904, Iris-setosa
4.40, 3.20, 1.30, 0.20, 0.953071, 0.015063, 0.031866, Iris-setosa
5.00, 3.50, 1.60, 0.60, 0.978870, 0.006458, 0.014672, Iris-setosa
5.10, 3.80, 1.90, 0.40, 0.944173, 0.016935, 0.038892, Iris-setosa
4.80, 3.00, 1.40, 0.30, 0.973200, 0.008305, 0.018494, Iris-setosa
5.10, 3.80, 1.60, 0.20, 0.975755, 0.007695, 0.016550, Iris-setosa
4.60, 3.20, 1.40, 0.20, 0.974770, 0.007954, 0.017276, Iris-setosa
5.30, 3.70, 1.50, 0.20, 0.976396, 0.007523, 0.016082, Iris-setosa
5.00, 3.30, 1.40, 0.20, 0.997361, 0.000829, 0.001810, Iris-setosa
7.00, 3.20, 4.70, 1.40, 0.044600, 0.501153, 0.454246, Iris-versicolor
6.40, 3.20, 4.50, 1.50, 0.029178, 0.206795, 0.764028, Iris-versicolor
6.90, 3.10, 4.90, 1.50, 0.031287, 0.599984, 0.368729, Iris-versicolor
5.50, 2.30, 4.00, 1.30, 0.049528, 0.080465, 0.870007, Iris-versicolor
6.50, 2.80, 4.60, 1.50, 0.024136, 0.217147, 0.758717, Iris-versicolor
5.70, 2.80, 4.50, 1.30, 0.005752, 0.020471, 0.973777, Iris-versicolor
6.30, 3.30, 4.70, 1.60, 0.029807, 0.297201, 0.672992, Iris-versicolor
4.90, 2.40, 3.30, 1.00, 0.286338, 0.132120, 0.581542, Iris-versicolor
6.60, 2.90, 4.60, 1.30, 0.031266, 0.247728, 0.721006, Iris-versicolor
5.20, 2.70, 3.90, 1.40, 0.074967, 0.094711, 0.830322, Iris-versicolor
5.00, 2.00, 3.50, 1.00, 0.219395, 0.144913, 0.635693, Iris-versicolor
5.90, 3.00, 4.20, 1.50, 0.009197, 0.028734, 0.962069, Iris-versicolor
6.00, 2.20, 4.00, 1.00, 0.055828, 0.101128, 0.843044, Iris-versicolor
6.10, 2.90, 4.70, 1.40, 0.012125, 0.088224, 0.899651, Iris-versicolor
5.60, 2.90, 3.60, 1.30, 0.091866, 0.092184, 0.815950, Iris-versicolor
6.70, 3.10, 4.40, 1.40, 0.041751, 0.268382, 0.689867, Iris-versicolor
5.60, 3.00, 4.50, 1.50, 0.014173, 0.052684, 0.933143, Iris-versicolor
5.80, 2.70, 4.10, 1.00, 0.025967, 0.048382, 0.925651, Iris-versicolor
6.20, 2.20, 4.50, 1.50, 0.027211, 0.137447, 0.835341, Iris-versicolor
5.60, 2.50, 3.90, 1.10, 0.051741, 0.070786, 0.877474, Iris-versicolor
5.90, 3.20, 4.80, 1.80, 0.027632, 0.250753, 0.721616, Iris-versicolor
6.10, 2.80, 4.00, 1.30, 0.019533, 0.046234, 0.934232, Iris-versicolor
6.30, 2.50, 4.90, 1.50, 0.024009, 0.270612, 0.705378, Iris-versicolor
6.10, 2.80, 4.70, 1.20, 0.013952, 0.083318, 0.902730, Iris-versicolor
6.40, 2.90, 4.30, 1.30, 0.022933, 0.101166, 0.875900, Iris-versicolor
6.60, 3.00, 4.40, 1.40, 0.033972, 0.211256, 0.754773, Iris-versicolor
6.80, 2.80, 4.80, 1.40, 0.033643, 0.442729, 0.523628, Iris-versicolor
6.70, 3.00, 5.00, 1.70, 0.021200, 0.672522, 0.306279, Iris-versicolor
6.00, 2.90, 4.50, 1.50, 0.004939, 0.026172, 0.968889, Iris-versicolor
5.70, 2.60, 3.50, 1.00, 0.128782, 0.104627, 0.766591, Iris-versicolor
5.50, 2.40, 3.80, 1.10, 0.078102, 0.089892, 0.832006, Iris-versicolor
5.50, 2.40, 3.70, 1.00, 0.104193, 0.100727, 0.795080, Iris-versicolor
5.80, 2.70, 3.90, 1.20, 0.031072, 0.050319, 0.918609, Iris-versicolor
6.00, 2.70, 5.10, 1.60, 0.024002, 0.319748, 0.656250, Iris-versicolor
5.40, 3.00, 4.50, 1.50, 0.026422, 0.082468, 0.891111, Iris-versicolor
6.00, 3.40, 4.50, 1.60, 0.032151, 0.170689, 0.797160, Iris-versicolor
6.70, 3.10, 4.70, 1.50, 0.033476, 0.411126, 0.555398, Iris-versicolor
6.30, 2.30, 4.40, 1.30, 0.026931, 0.115489, 0.857580, Iris-versicolor
5.60, 3.00, 4.10, 1.30, 0.024137, 0.046995, 0.928868, Iris-versicolor
5.50, 2.50, 4.00, 1.30, 0.038307, 0.062402, 0.899292, Iris-versicolor
5.50, 2.60, 4.40, 1.20, 0.019687, 0.049249, 0.931064, Iris-versicolor
6.10, 3.00, 4.60, 1.40, 0.011625, 0.072702, 0.915673, Iris-versicolor
5.80, 2.60, 4.00, 1.20, 0.022588, 0.041806, 0.935606, Iris-versicolor
5.00, 2.30, 3.30, 1.00, 0.270093, 0.132557, 0.597351, Iris-versicolor
5.60, 2.70, 4.20, 1.30, 0.012718, 0.028461, 0.958821, Iris-versicolor
5.70, 3.00, 4.20, 1.20, 0.016813, 0.037681, 0.945506, Iris-versicolor
5.70, 2.90, 4.20, 1.30, 0.009598, 0.023021, 0.967381, Iris-versicolor
6.20, 2.90, 4.30, 1.30, 0.011419, 0.044710, 0.943871, Iris-versicolor
5.10, 2.50, 3.00, 1.10, 0.356752, 0.124264, 0.518984, Iris-versicolor
5.70, 2.80, 4.10, 1.30, 0.012724, 0.026753, 0.960523, Iris-versicolor
6.30, 3.30, 6.00, 2.50, 0.019366, 0.859887, 0.120747, Iris-virginica
5.80, 2.70, 5.10, 1.90, 0.029333, 0.355163, 0.615505, Iris-virginica
7.10, 3.00, 5.90, 2.10, 0.006082, 0.955748, 0.038170, Iris-virginica
6.30, 2.90, 5.60, 1.80, 0.012533, 0.845564, 0.141903, Iris-virginica
6.50, 3.00, 5.80, 2.20, 0.004757, 0.957604, 0.037639, Iris-virginica
7.60, 3.00, 6.60, 2.10, 0.035482, 0.811825, 0.152693, Iris-virginica
4.90, 2.50, 4.50, 1.70, 0.073137, 0.167052, 0.759811, Iris-virginica
7.30, 2.90, 6.30, 1.80, 0.021916, 0.862925, 0.115159, Iris-virginica
6.70, 2.50, 5.80, 1.80, 0.014009, 0.868657, 0.117334, Iris-virginica
7.20, 3.60, 6.10, 2.50, 0.024422, 0.860965, 0.114612, Iris-virginica
6.50, 3.20, 5.10, 2.00, 0.016767, 0.773407, 0.209826, Iris-virginica
6.40, 2.70, 5.30, 1.90, 0.015768, 0.761165, 0.223067, Iris-virginica
6.80, 3.00, 5.50, 2.10, 0.001166, 0.988826, 0.010008, Iris-virginica
5.70, 2.50, 5.00, 2.00, 0.034416, 0.305713, 0.659871, Iris-virginica
5.80, 2.80, 5.10, 2.40, 0.038403, 0.500670, 0.460927, Iris-virginica
6.40, 3.20, 5.30, 2.30, 0.014065, 0.849904, 0.136031, Iris-virginica
6.50, 3.00, 5.50, 1.80, 0.007163, 0.913262, 0.079576, Iris-virginica
7.70, 3.80, 6.70, 2.20, 0.050594, 0.763567, 0.185839, Iris-virginica
7.70, 2.60, 6.90, 2.30, 0.049218, 0.757514, 0.193267, Iris-virginica
6.00, 2.20, 5.00, 1.50, 0.032254, 0.257123, 0.710623, Iris-virginica
6.90, 3.20, 5.70, 2.30, 0.003831, 0.970459, 0.025710, Iris-virginica
5.60, 2.80, 4.90, 2.00, 0.033680, 0.259422, 0.706898, Iris-virginica
7.70, 2.80, 6.70, 2.00, 0.042001, 0.783155, 0.174845, Iris-virginica
6.30, 2.70, 4.90, 1.80, 0.022826, 0.381491, 0.595682, Iris-virginica
6.70, 3.30, 5.70, 2.10, 0.002915, 0.975339, 0.021746, Iris-virginica
7.20, 3.20, 6.00, 1.80, 0.012917, 0.911897, 0.075187, Iris-virginica
6.20, 2.80, 4.80, 1.80, 0.021000, 0.271279, 0.707721, Iris-virginica
6.10, 3.00, 4.90, 1.80, 0.023108, 0.330043, 0.646849, Iris-virginica
6.40, 2.80, 5.60, 2.10, 0.008362, 0.908664, 0.082974, Iris-virginica
7.20, 3.00, 5.80, 1.60, 0.014457, 0.890782, 0.094761, Iris-virginica
7.40, 2.80, 6.10, 1.90, 0.019804, 0.872729, 0.107466, Iris-virginica
7.90, 3.80, 6.40, 2.00, 0.050909, 0.760076, 0.189015, Iris-virginica
6.40, 2.80, 5.60, 2.20, 0.008961, 0.906221, 0.084818, Iris-virginica
6.30, 2.80, 5.10, 1.50, 0.023414, 0.436443, 0.540143, Iris-virginica
6.10, 2.60, 5.60, 1.40, 0.031224, 0.576102, 0.392674, Iris-virginica
7.70, 3.00, 6.10, 2.30, 0.028679, 0.839526, 0.131795, Iris-virginica
6.30, 3.40, 5.60, 2.40, 0.017229, 0.854084, 0.128687, Iris-virginica
6.40, 3.10, 5.50, 1.80, 0.009786, 0.880188, 0.110026, Iris-virginica
6.00, 3.00, 4.80, 1.80, 0.021741, 0.228398, 0.749862, Iris-virginica
6.90, 3.10, 5.40, 2.10, 0.003490, 0.967558, 0.028952, Iris-virginica
6.70, 3.10, 5.60, 2.40, 0.005080, 0.957242, 0.037679, Iris-virginica
6.90, 3.10, 5.10, 2.30, 0.015406, 0.855133, 0.129461, Iris-virginica
5.80, 2.70, 5.10, 1.90, 0.029333, 0.355163, 0.615505, Iris-virginica
6.80, 3.20, 5.90, 2.30, 0.005254, 0.960997, 0.033749, Iris-virginica
6.70, 3.30, 5.70, 2.50, 0.009705, 0.927107, 0.063188, Iris-virginica
6.70, 3.00, 5.20, 2.30, 0.011266, 0.882383, 0.106352, Iris-virginica
6.30, 2.50, 5.00, 1.90, 0.025831, 0.466730, 0.507439, Iris-virginica
6.50, 3.00, 5.20, 2.00, 0.012117, 0.831520, 0.156363, Iris-virginica
6.20, 3.40, 5.40, 2.30, 0.021584, 0.789411, 0.189006, Iris-virginica
5.90, 3.00, 5.10, 1.80, 0.026942, 0.391342, 0.581717, Iris-virginica
