% Title: Title
%
% Centers:
% 	5.889281 2.761265 4.364359 1.397495 
% 	5.003561 3.403031 1.485009 0.251544 
% 	6.775161 3.052446 5.646980 2.053642 
%

@RELATION

@ATTRIBUTE Attribute0 	 REAL
@ATTRIBUTE Attribute1 	 REAL
@ATTRIBUTE Attribute2 	 REAL
@ATTRIBUTE Attribute3 	 REAL
@ATTRIBUTE MU 	 FUZZY {Zhluk0, Zhluk1, Zhluk2}
@ATTRIBUTE class 	 {Iris-setosa, Iris-versicolor, Iris-virginica}

@DATA
5.10, 3.50, 1.40, 0.20, 0.002501, 0.996336, 0.001164, Iris-setosa
4.90, 3.00, 1.40, 0.20, 0.015884, 0.976960, 0.007155, Iris-setosa
4.70, 3.20, 1.30, 0.20, 0.013426, 0.980314, 0.006260, Iris-setosa
4.60, 3.10, 1.50, 0.20, 0.021847, 0.968321, 0.009832, Iris-setosa
5.00, 3.60, 1.40, 0.20, 0.004131, 0.993927, 0.001942, Iris-setosa
5.40, 3.90, 1.70, 0.40, 0.045774, 0.933157, 0.021069, Iris-setosa
4.60, 3.40, 1.40, 0.30, 0.014002, 0.979492, 0.006506, Iris-setosa
5.00, 3.40, 1.50, 0.20, 0.000268, 0.999611, 0.000121, Iris-setosa
4.40, 2.90, 1.40, 0.20, 0.046895, 0.931574, 0.021531, Iris-setosa
4.90, 3.10, 1.50, 0.10, 0.011263, 0.983695, 0.005042, Iris-setosa
5.40, 3.70, 1.50, 0.20, 0.022315, 0.967220, 0.010465, Iris-setosa
4.80, 3.40, 1.60, 0.20, 0.005331, 0.992283, 0.002386, Iris-setosa
4.80, 3.00, 1.40, 0.10, 0.019415, 0.971755, 0.008830, Iris-setosa
4.30, 3.00, 1.10, 0.10, 0.051290, 0.923713, 0.024997, Iris-setosa
5.80, 4.00, 1.20, 0.20, 0.073492, 0.888413, 0.038095, Iris-setosa
5.70, 4.40, 1.50, 0.40, 0.105692, 0.839296, 0.055012, Iris-setosa
5.40, 3.90, 1.30, 0.40, 0.036515, 0.945525, 0.017959, Iris-setosa
5.10, 3.50, 1.40, 0.30, 0.002524, 0.996307, 0.001168, Iris-setosa
5.70, 3.80, 1.70, 0.30, 0.066272, 0.903083, 0.030645, Iris-setosa
5.10, 3.80, 1.50, 0.30, 0.014916, 0.978072, 0.007012, Iris-setosa
5.40, 3.40, 1.70, 0.20, 0.021742, 0.968764, 0.009493, Iris-setosa
5.10, 3.70, 1.50, 0.40, 0.011008, 0.983904, 0.005088, Iris-setosa
4.60, 3.60, 1.00, 0.20, 0.027855, 0.958135, 0.014010, Iris-setosa
5.10, 3.30, 1.70, 0.50, 0.014207, 0.979788, 0.006006, Iris-setosa
4.80, 3.40, 1.90, 0.20, 0.022987, 0.967280, 0.009733, Iris-setosa
5.00, 3.00, 1.60, 0.20, 0.017518, 0.974913, 0.007569, Iris-setosa
5.00, 3.40, 1.60, 0.40, 0.003568, 0.994864, 0.001568, Iris-setosa
5.20, 3.50, 1.50, 0.20, 0.004739, 0.993094, 0.002167, Iris-setosa
5.20, 3.40, 1.40, 0.20, 0.004338, 0.993661, 0.002001, Iris-setosa
4.70, 3.20, 1.60, 0.20, 0.013694, 0.980246, 0.006060, Iris-setosa
4.80, 3.10, 1.60, 0.20, 0.014080, 0.979759, 0.006161, Iris-setosa
5.40, 3.40, 1.50, 0.40, 0.017753, 0.974281, 0.007967, Iris-setosa
5.20, 4.10, 1.50, 0.10, 0.042203, 0.936936, 0.020861, Iris-setosa
5.50, 4.20, 1.40, 0.20, 0.064652, 0.902399, 0.032950, Iris-setosa
4.90, 3.10, 1.50, 0.10, 0.011263, 0.983695, 0.005042, Iris-setosa
5.00, 3.20, 1.20, 0.20, 0.009918, 0.985408, 0.004673, Iris-setosa
5.50, 3.50, 1.30, 0.20, 0.024488, 0.963833, 0.011679, Iris-setosa
4.90, 3.10, 1.50, 0.10, 0.011263, 0.983695, 0.005042, Iris-setosa
4.40, 3.00, 1.30, 0.20, 0.040467, 0.940584, 0.018949, Iris-setosa
5.10, 3.40, 1.50, 0.20, 0.001141, 0.998343, 0.000517, Iris-setosa
5.00, 3.50, 1.30, 0.30, 0.003833, 0.994361, 0.001806, Iris-setosa
4.50, 2.30, 1.30, 0.30, 0.100872, 0.852763, 0.046365, Iris-setosa
4.40, 3.20, 1.30, 0.20, 0.031856, 0.953083, 0.015061, Iris-setosa
5.00, 3.50, 1.60, 0.60, 0.014666, 0.978878, 0.006456, Iris-setosa
5.10, 3.80, 1.90, 0.40, 0.038878, 0.944191, 0.016931, Iris-setosa
4.80, 3.00, 1.40, 0.30, 0.018487, 0.973209, 0.008304, Iris-setosa
5.10, 3.80, 1.60, 0.20, 0.016546, 0.975760, 0.007694, Iris-setosa
4.60, 3.20, 1.40, 0.20, 0.017270, 0.974777, 0.007953, Iris-setosa
5.30, 3.70, 1.50, 0.20, 0.016078, 0.976400, 0.007522, Iris-setosa
5.00, 3.30, 1.40, 0.20, 0.001810, 0.997361, 0.000829, Iris-setosa
7.00, 3.20, 4.70, 1.40, 0.454557, 0.044597, 0.500846, Iris-versicolor
6.40, 3.20, 4.50, 1.50, 0.764365, 0.029152, 0.206482, Iris-versicolor
6.90, 3.10, 4.90, 1.50, 0.369100, 0.031289, 0.599610, Iris-versicolor
5.50, 2.30, 4.00, 1.30, 0.869860, 0.049596, 0.080544, Iris-versicolor
6.50, 2.80, 4.60, 1.50, 0.759121, 0.024110, 0.216769, Iris-versicolor
5.70, 2.80, 4.50, 1.30, 0.973771, 0.005756, 0.020473, Iris-versicolor
6.30, 3.30, 4.70, 1.60, 0.673429, 0.029786, 0.296785, Iris-versicolor
4.90, 2.40, 3.30, 1.00, 0.581361, 0.286491, 0.132149, Iris-versicolor
6.60, 2.90, 4.60, 1.30, 0.721357, 0.031244, 0.247399, Iris-versicolor
5.20, 2.70, 3.90, 1.40, 0.830161, 0.075055, 0.094785, Iris-versicolor
5.00, 2.00, 3.50, 1.00, 0.635532, 0.219519, 0.144950, Iris-versicolor
5.90, 3.00, 4.20, 1.50, 0.962069, 0.009200, 0.028731, Iris-versicolor
6.00, 2.20, 4.00, 1.00, 0.842951, 0.055876, 0.101174, Iris-versicolor
6.10, 2.90, 4.70, 1.40, 0.899956, 0.012096, 0.087949, Iris-versicolor
5.60, 2.90, 3.60, 1.30, 0.815777, 0.091970, 0.092252, Iris-versicolor
6.70, 3.10, 4.40, 1.40, 0.690158, 0.041732, 0.268110, Iris-versicolor
5.60, 3.00, 4.50, 1.50, 0.933178, 0.014172, 0.052650, Iris-versicolor
5.80, 2.70, 4.10, 1.00, 0.925525, 0.026018, 0.048456, Iris-versicolor
6.20, 2.20, 4.50, 1.50, 0.835475, 0.027201, 0.137323, Iris-versicolor
5.60, 2.50, 3.90, 1.10, 0.877300, 0.051826, 0.070874, Iris-versicolor
5.90, 3.20, 4.80, 1.80, 0.721995, 0.027611, 0.250394, Iris-versicolor
6.10, 2.80, 4.00, 1.30, 0.934179, 0.019556, 0.046265, Iris-versicolor
6.30, 2.50, 4.90, 1.50, 0.705810, 0.023990, 0.270200, Iris-versicolor
6.10, 2.80, 4.70, 1.20, 0.902943, 0.013929, 0.083128, Iris-versicolor
6.40, 2.90, 4.30, 1.30, 0.876055, 0.022915, 0.101030, Iris-versicolor
6.60, 3.00, 4.40, 1.40, 0.755058, 0.033949, 0.210993, Iris-versicolor
6.80, 2.80, 4.80, 1.40, 0.524040, 0.033635, 0.442325, Iris-versicolor
6.70, 3.00, 5.00, 1.70, 0.306738, 0.021208, 0.672054, Iris-versicolor
6.00, 2.90, 4.50, 1.50, 0.969046, 0.004917, 0.026038, Iris-versicolor
5.70, 2.60, 3.50, 1.00, 0.766402, 0.128907, 0.104691, Iris-versicolor
5.50, 2.40, 3.80, 1.10, 0.831824, 0.078203, 0.089973, Iris-versicolor
5.50, 2.40, 3.70, 1.00, 0.794891, 0.104308, 0.100801, Iris-versicolor
5.80, 2.70, 3.90, 1.20, 0.918460, 0.031137, 0.050403, Iris-versicolor
6.00, 2.70, 5.10, 1.60, 0.656723, 0.023986, 0.319290, Iris-versicolor
5.40, 3.00, 4.50, 1.50, 0.891111, 0.026431, 0.082458, Iris-versicolor
6.00, 3.40, 4.50, 1.60, 0.797389, 0.032130, 0.170481, Iris-versicolor
6.70, 3.10, 4.70, 1.50, 0.555836, 0.033465, 0.410699, Iris-versicolor
6.30, 2.30, 4.40, 1.30, 0.857678, 0.026923, 0.115399, Iris-versicolor
5.60, 3.00, 4.10, 1.30, 0.928757, 0.024182, 0.047061, Iris-versicolor
5.50, 2.50, 4.00, 1.30, 0.899132, 0.038377, 0.062490, Iris-versicolor
5.50, 2.60, 4.40, 1.20, 0.930975, 0.019719, 0.049306, Iris-versicolor
6.10, 3.00, 4.60, 1.40, 0.915925, 0.011597, 0.072478, Iris-versicolor
5.80, 2.60, 4.00, 1.20, 0.935467, 0.022644, 0.041889, Iris-versicolor
5.00, 2.30, 3.30, 1.00, 0.597168, 0.270243, 0.132589, Iris-versicolor
5.60, 2.70, 4.20, 1.30, 0.958701, 0.012759, 0.028540, Iris-versicolor
5.70, 3.00, 4.20, 1.20, 0.945420, 0.016845, 0.037735, Iris-versicolor
5.70, 2.90, 4.20, 1.30, 0.967291, 0.009628, 0.023082, Iris-versicolor
6.20, 2.90, 4.30, 1.30, 0.943955, 0.011407, 0.044638, Iris-versicolor
5.10, 2.50, 3.00, 1.10, 0.518804, 0.356915, 0.124282, Iris-versicolor
5.70, 2.80, 4.10, 1.30, 0.960401, 0.012768, 0.026832, Iris-versicolor
6.30, 3.30, 6.00, 2.50, 0.120773, 0.019360, 0.859867, Iris-virginica
5.80, 2.70, 5.10, 1.90, 0.615893, 0.029322, 0.354785, Iris-virginica
7.10, 3.00, 5.90, 2.10, 0.038122, 0.006071, 0.955807, Iris-virginica
6.30, 2.90, 5.60, 1.80, 0.142148, 0.012543, 0.845309, Iris-virginica
6.50, 3.00, 5.80, 2.20, 0.037661, 0.004757, 0.957582, Iris-virginica
7.60, 3.00, 6.60, 2.10, 0.152667, 0.035461, 0.811871, Iris-virginica
4.90, 2.50, 4.50, 1.70, 0.759776, 0.073167, 0.167058, Iris-virginica
7.30, 2.90, 6.30, 1.80, 0.115136, 0.021901, 0.862962, Iris-virginica
6.70, 2.50, 5.80, 1.80, 0.117430, 0.014011, 0.868559, Iris-virginica
7.20, 3.60, 6.10, 2.50, 0.114579, 0.024404, 0.861017, Iris-virginica
6.50, 3.20, 5.10, 2.00, 0.210195, 0.016780, 0.773025, Iris-virginica
6.40, 2.70, 5.30, 1.90, 0.223460, 0.015780, 0.760760, Iris-virginica
6.80, 3.00, 5.50, 2.10, 0.010046, 0.001170, 0.988785, Iris-virginica
5.70, 2.50, 5.00, 2.00, 0.660152, 0.034406, 0.305442, Iris-virginica
5.80, 2.80, 5.10, 2.40, 0.461221, 0.038402, 0.500377, Iris-virginica
6.40, 3.20, 5.30, 2.30, 0.136231, 0.014075, 0.849694, Iris-virginica
6.50, 3.00, 5.50, 1.80, 0.079784, 0.007175, 0.913041, Iris-virginica
7.70, 3.80, 6.70, 2.20, 0.185824, 0.050571, 0.763605, Iris-virginica
7.70, 2.60, 6.90, 2.30, 0.193255, 0.049197, 0.757547, Iris-virginica
6.00, 2.20, 5.00, 1.50, 0.710879, 0.032242, 0.256880, Iris-virginica
6.90, 3.20, 5.70, 2.30, 0.025678, 0.003824, 0.970499, Iris-virginica
5.60, 2.80, 4.90, 2.00, 0.707160, 0.033667, 0.259172, Iris-virginica
7.70, 2.80, 6.70, 2.00, 0.174829, 0.041981, 0.783190, Iris-virginica
6.30, 2.70, 4.90, 1.80, 0.596252, 0.022814, 0.380935, Iris-virginica
6.70, 3.30, 5.70, 2.10, 0.021744, 0.002913, 0.975343, Iris-virginica
7.20, 3.20, 6.00, 1.80, 0.075159, 0.012905, 0.911936, Iris-virginica
6.20, 2.80, 4.80, 1.80, 0.708251, 0.020978, 0.270771, Iris-virginica
6.10, 3.00, 4.90, 1.80, 0.647396, 0.023091, 0.329513, Iris-virginica
6.40, 2.80, 5.60, 2.10, 0.083120, 0.008370, 0.908510, Iris-virginica
7.20, 3.00, 5.80, 1.60, 0.094782, 0.014452, 0.890766, Iris-virginica
7.40, 2.80, 6.10, 1.90, 0.107446, 0.019790, 0.872764, Iris-virginica
7.90, 3.80, 6.40, 2.00, 0.189007, 0.050887, 0.760106, Iris-virginica
6.40, 2.80, 5.60, 2.20, 0.084946, 0.008968, 0.906085, Iris-virginica
6.30, 2.80, 5.10, 1.50, 0.540708, 0.023406, 0.435885, Iris-virginica
6.10, 2.60, 5.60, 1.40, 0.392991, 0.031225, 0.575784, Iris-virginica
7.70, 3.00, 6.10, 2.30, 0.131768, 0.028660, 0.839572, Iris-virginica
6.30, 3.40, 5.60, 2.40, 0.128782, 0.017231, 0.853987, Iris-virginica
6.40, 3.10, 5.50, 1.80, 0.110265, 0.009798, 0.879937, Iris-virginica
6.00, 3.00, 4.80, 1.80, 0.750310, 0.021717, 0.227974, Iris-virginica
6.90, 3.10, 5.40, 2.10, 0.029003, 0.003493, 0.967503, Iris-virginica
6.70, 3.10, 5.60, 2.40, 0.037689, 0.005078, 0.957233, Iris-virginica
6.90, 3.10, 5.10, 2.30, 0.129612, 0.015413, 0.854975, Iris-virginica
5.80, 2.70, 5.10, 1.90, 0.615893, 0.029322, 0.354785, Iris-virginica
6.80, 3.20, 5.90, 2.30, 0.033706, 0.005244, 0.961050, Iris-virginica
6.70, 3.30, 5.70, 2.50, 0.063185, 0.009699, 0.927116, Iris-virginica
6.70, 3.00, 5.20, 2.30, 0.106523, 0.011275, 0.882202, Iris-virginica
6.30, 2.50, 5.00, 1.90, 0.507922, 0.025826, 0.466252, Iris-virginica
6.50, 3.00, 5.20, 2.00, 0.156711, 0.012131, 0.831158, Iris-virginica
6.20, 3.40, 5.40, 2.30, 0.189197, 0.021590, 0.789212, Iris-virginica
5.90, 3.00, 5.10, 1.80, 0.582189, 0.026931, 0.390880, Iris-virginica
