% Title: Title
%
% Centers:
% 	5.003562 3.403032 1.485008 0.251544 
% 	5.889280 2.761264 4.364371 1.397506 
% 	6.775209 3.052458 5.647028 2.053654 
%

@RELATION

@ATTRIBUTE Attribute0 	 REAL
@ATTRIBUTE Attribute1 	 REAL
@ATTRIBUTE Attribute2 	 REAL
@ATTRIBUTE Attribute3 	 REAL
@ATTRIBUTE MU 	 FUZZY {Zhluk0, Zhluk1, Zhluk2}
@ATTRIBUTE class 	 {Iris-setosa, Iris-versicolor, Iris-virginica}

@DATA
5.10, 3.50, 1.40, 0.20, 0.996336, 0.002501, 0.001163, Iris-setosa
4.90, 3.00, 1.40, 0.20, 0.976961, 0.015885, 0.007155, Iris-setosa
4.70, 3.20, 1.30, 0.20, 0.980314, 0.013426, 0.006260, Iris-setosa
4.60, 3.10, 1.50, 0.20, 0.968321, 0.021847, 0.009832, Iris-setosa
5.00, 3.60, 1.40, 0.20, 0.993927, 0.004131, 0.001942, Iris-setosa
5.40, 3.90, 1.70, 0.40, 0.933158, 0.045774, 0.021068, Iris-setosa
4.60, 3.40, 1.40, 0.30, 0.979492, 0.014003, 0.006505, Iris-setosa
5.00, 3.40, 1.50, 0.20, 0.999611, 0.000268, 0.000121, Iris-setosa
4.40, 2.90, 1.40, 0.20, 0.931574, 0.046896, 0.021530, Iris-setosa
4.90, 3.10, 1.50, 0.10, 0.983695, 0.011263, 0.005042, Iris-setosa
5.40, 3.70, 1.50, 0.20, 0.967221, 0.022315, 0.010464, Iris-setosa
4.80, 3.40, 1.60, 0.20, 0.992283, 0.005331, 0.002386, Iris-setosa
4.80, 3.00, 1.40, 0.10, 0.971755, 0.019415, 0.008830, Iris-setosa
4.30, 3.00, 1.10, 0.10, 0.923714, 0.051291, 0.024995, Iris-setosa
5.80, 4.00, 1.20, 0.20, 0.888415, 0.073492, 0.038093, Iris-setosa
5.70, 4.40, 1.50, 0.40, 0.839299, 0.105692, 0.055009, Iris-setosa
5.40, 3.90, 1.30, 0.40, 0.945527, 0.036515, 0.017958, Iris-setosa
5.10, 3.50, 1.40, 0.30, 0.996308, 0.002524, 0.001168, Iris-setosa
5.70, 3.80, 1.70, 0.30, 0.903085, 0.066272, 0.030643, Iris-setosa
5.10, 3.80, 1.50, 0.30, 0.978072, 0.014916, 0.007011, Iris-setosa
5.40, 3.40, 1.70, 0.20, 0.968765, 0.021743, 0.009493, Iris-setosa
5.10, 3.70, 1.50, 0.40, 0.983905, 0.011007, 0.005088, Iris-setosa
4.60, 3.60, 1.00, 0.20, 0.958136, 0.027855, 0.014009, Iris-setosa
5.10, 3.30, 1.70, 0.50, 0.979787, 0.014207, 0.006005, Iris-setosa
4.80, 3.40, 1.90, 0.20, 0.967280, 0.022988, 0.009732, Iris-setosa
5.00, 3.00, 1.60, 0.20, 0.974913, 0.017518, 0.007569, Iris-setosa
5.00, 3.40, 1.60, 0.40, 0.994863, 0.003569, 0.001568, Iris-setosa
5.20, 3.50, 1.50, 0.20, 0.993094, 0.004739, 0.002167, Iris-setosa
5.20, 3.40, 1.40, 0.20, 0.993661, 0.004338, 0.002001, Iris-setosa
4.70, 3.20, 1.60, 0.20, 0.980246, 0.013695, 0.006060, Iris-setosa
4.80, 3.10, 1.60, 0.20, 0.979759, 0.014081, 0.006161, Iris-setosa
5.40, 3.40, 1.50, 0.40, 0.974281, 0.017753, 0.007966, Iris-setosa
5.20, 4.10, 1.50, 0.10, 0.936938, 0.042203, 0.020860, Iris-setosa
5.50, 4.20, 1.40, 0.20, 0.902401, 0.064651, 0.032948, Iris-setosa
4.90, 3.10, 1.50, 0.10, 0.983695, 0.011263, 0.005042, Iris-setosa
5.00, 3.20, 1.20, 0.20, 0.985409, 0.009918, 0.004673, Iris-setosa
5.50, 3.50, 1.30, 0.20, 0.963833, 0.024488, 0.011679, Iris-setosa
4.90, 3.10, 1.50, 0.10, 0.983695, 0.011263, 0.005042, Iris-setosa
4.40, 3.00, 1.30, 0.20, 0.940585, 0.040467, 0.018948, Iris-setosa
5.10, 3.40, 1.50, 0.20, 0.998343, 0.001141, 0.000517, Iris-setosa
5.00, 3.50, 1.30, 0.30, 0.994361, 0.003833, 0.001806, Iris-setosa
4.50, 2.30, 1.30, 0.30, 0.852764, 0.100873, 0.046363, Iris-setosa
4.40, 3.20, 1.30, 0.20, 0.953083, 0.031857, 0.015060, Iris-setosa
5.00, 3.50, 1.60, 0.60, 0.978878, 0.014667, 0.006456, Iris-setosa
5.10, 3.80, 1.90, 0.40, 0.944191, 0.038879, 0.016930, Iris-setosa
4.80, 3.00, 1.40, 0.30, 0.973209, 0.018487, 0.008303, Iris-setosa
5.10, 3.80, 1.60, 0.20, 0.975761, 0.016546, 0.007693, Iris-setosa
4.60, 3.20, 1.40, 0.20, 0.974777, 0.017270, 0.007952, Iris-setosa
5.30, 3.70, 1.50, 0.20, 0.976401, 0.016078, 0.007522, Iris-setosa
5.00, 3.30, 1.40, 0.20, 0.997361, 0.001810, 0.000829, Iris-setosa
7.00, 3.20, 4.70, 1.40, 0.044601, 0.454569, 0.500830, Iris-versicolor
6.40, 3.20, 4.50, 1.50, 0.029156, 0.764378, 0.206466, Iris-versicolor
6.90, 3.10, 4.90, 1.50, 0.031293, 0.369124, 0.599582, Iris-versicolor
5.50, 2.30, 4.00, 1.30, 0.049593, 0.869880, 0.080527, Iris-versicolor
6.50, 2.80, 4.60, 1.50, 0.024113, 0.759136, 0.216750, Iris-versicolor
5.70, 2.80, 4.50, 1.30, 0.005755, 0.973778, 0.020467, Iris-versicolor
6.30, 3.30, 4.70, 1.60, 0.029790, 0.673458, 0.296752, Iris-versicolor
4.90, 2.40, 3.30, 1.00, 0.286487, 0.581379, 0.132135, Iris-versicolor
6.60, 2.90, 4.60, 1.30, 0.031248, 0.721368, 0.247384, Iris-versicolor
5.20, 2.70, 3.90, 1.40, 0.075050, 0.830184, 0.094767, Iris-versicolor
5.00, 2.00, 3.50, 1.00, 0.219515, 0.635551, 0.144934, Iris-versicolor
5.90, 3.00, 4.20, 1.50, 0.009201, 0.962072, 0.028727, Iris-versicolor
6.00, 2.20, 4.00, 1.00, 0.055875, 0.842963, 0.101161, Iris-versicolor
6.10, 2.90, 4.70, 1.40, 0.012097, 0.899960, 0.087942, Iris-versicolor
5.60, 2.90, 3.60, 1.30, 0.091968, 0.815793, 0.092239, Iris-versicolor
6.70, 3.10, 4.40, 1.40, 0.041736, 0.690168, 0.268096, Iris-versicolor
5.60, 3.00, 4.50, 1.50, 0.014171, 0.933192, 0.052637, Iris-versicolor
5.80, 2.70, 4.10, 1.00, 0.026018, 0.925533, 0.048449, Iris-versicolor
6.20, 2.20, 4.50, 1.50, 0.027202, 0.835493, 0.137305, Iris-versicolor
5.60, 2.50, 3.90, 1.10, 0.051823, 0.877316, 0.070861, Iris-versicolor
5.90, 3.20, 4.80, 1.80, 0.027613, 0.722035, 0.250351, Iris-versicolor
6.10, 2.80, 4.00, 1.30, 0.019557, 0.934182, 0.046261, Iris-versicolor
6.30, 2.50, 4.90, 1.50, 0.023993, 0.705843, 0.270164, Iris-versicolor
6.10, 2.80, 4.70, 1.20, 0.013931, 0.902946, 0.083123, Iris-versicolor
6.40, 2.90, 4.30, 1.30, 0.022918, 0.876054, 0.101028, Iris-versicolor
6.60, 3.00, 4.40, 1.40, 0.033953, 0.755066, 0.210981, Iris-versicolor
6.80, 2.80, 4.80, 1.40, 0.033639, 0.524064, 0.442297, Iris-versicolor
6.70, 3.00, 5.00, 1.70, 0.021213, 0.306791, 0.671996, Iris-versicolor
6.00, 2.90, 4.50, 1.50, 0.004918, 0.969044, 0.026038, Iris-versicolor
5.70, 2.60, 3.50, 1.00, 0.128906, 0.766416, 0.104678, Iris-versicolor
5.50, 2.40, 3.80, 1.10, 0.078200, 0.831842, 0.089958, Iris-versicolor
5.50, 2.40, 3.70, 1.00, 0.104304, 0.794909, 0.100787, Iris-versicolor
5.80, 2.70, 3.90, 1.20, 0.031136, 0.918470, 0.050394, Iris-versicolor
6.00, 2.70, 5.10, 1.60, 0.023989, 0.656776, 0.319236, Iris-versicolor
5.40, 3.00, 4.50, 1.50, 0.026430, 0.891132, 0.082438, Iris-versicolor
6.00, 3.40, 4.50, 1.60, 0.032132, 0.797407, 0.170461, Iris-versicolor
6.70, 3.10, 4.70, 1.50, 0.033469, 0.555862, 0.410668, Iris-versicolor
6.30, 2.30, 4.40, 1.30, 0.026925, 0.857688, 0.115388, Iris-versicolor
5.60, 3.00, 4.10, 1.30, 0.024180, 0.928769, 0.047051, Iris-versicolor
5.50, 2.50, 4.00, 1.30, 0.038374, 0.899151, 0.062476, Iris-versicolor
5.50, 2.60, 4.40, 1.20, 0.019716, 0.930991, 0.049293, Iris-versicolor
6.10, 3.00, 4.60, 1.40, 0.011599, 0.915926, 0.072475, Iris-versicolor
5.80, 2.60, 4.00, 1.20, 0.022642, 0.935477, 0.041881, Iris-versicolor
5.00, 2.30, 3.30, 1.00, 0.270239, 0.597186, 0.132575, Iris-versicolor
5.60, 2.70, 4.20, 1.30, 0.012757, 0.958713, 0.028530, Iris-versicolor
5.70, 3.00, 4.20, 1.20, 0.016845, 0.945428, 0.037728, Iris-versicolor
5.70, 2.90, 4.20, 1.30, 0.009627, 0.967298, 0.023076, Iris-versicolor
6.20, 2.90, 4.30, 1.30, 0.011409, 0.943951, 0.044639, Iris-versicolor
5.10, 2.50, 3.00, 1.10, 0.356911, 0.518819, 0.124270, Iris-versicolor
5.70, 2.80, 4.10, 1.30, 0.012766, 0.960410, 0.026824, Iris-versicolor
6.30, 3.30, 6.00, 2.50, 0.019360, 0.120772, 0.859867, Iris-virginica
5.80, 2.70, 5.10, 1.90, 0.029325, 0.615953, 0.354722, Iris-virginica
7.10, 3.00, 5.90, 2.10, 0.006067, 0.038094, 0.955839, Iris-virginica
6.30, 2.90, 5.60, 1.80, 0.012548, 0.142198, 0.845254, Iris-virginica
6.50, 3.00, 5.80, 2.20, 0.004758, 0.037668, 0.957574, Iris-virginica
7.60, 3.00, 6.60, 2.10, 0.035454, 0.152633, 0.811913, Iris-virginica
4.90, 2.50, 4.50, 1.70, 0.073164, 0.759807, 0.167029, Iris-virginica
7.30, 2.90, 6.30, 1.80, 0.021895, 0.115102, 0.863002, Iris-virginica
6.70, 2.50, 5.80, 1.80, 0.014011, 0.117434, 0.868555, Iris-virginica
7.20, 3.60, 6.10, 2.50, 0.024398, 0.114550, 0.861052, Iris-virginica
6.50, 3.20, 5.10, 2.00, 0.016786, 0.210262, 0.772952, Iris-virginica
6.40, 2.70, 5.30, 1.90, 0.015785, 0.223534, 0.760681, Iris-virginica
6.80, 3.00, 5.50, 2.10, 0.001171, 0.010056, 0.988774, Iris-virginica
5.70, 2.50, 5.00, 2.00, 0.034408, 0.660204, 0.305389, Iris-virginica
5.80, 2.80, 5.10, 2.40, 0.038406, 0.461280, 0.500314, Iris-virginica
6.40, 3.20, 5.30, 2.30, 0.014080, 0.136279, 0.849641, Iris-virginica
6.50, 3.00, 5.50, 1.80, 0.007179, 0.079830, 0.912991, Iris-virginica
7.70, 3.80, 6.70, 2.20, 0.050564, 0.185794, 0.763643, Iris-virginica
7.70, 2.60, 6.90, 2.30, 0.049191, 0.193227, 0.757582, Iris-virginica
6.00, 2.20, 5.00, 1.50, 0.032243, 0.710914, 0.256843, Iris-virginica
6.90, 3.20, 5.70, 2.30, 0.003821, 0.025663, 0.970516, Iris-virginica
5.60, 2.80, 4.90, 2.00, 0.033669, 0.707208, 0.259123, Iris-virginica
7.70, 2.80, 6.70, 2.00, 0.041974, 0.174797, 0.783229, Iris-virginica
6.30, 2.70, 4.90, 1.80, 0.022817, 0.596311, 0.380872, Iris-virginica
6.70, 3.30, 5.70, 2.10, 0.002912, 0.021741, 0.975346, Iris-virginica
7.20, 3.20, 6.00, 1.80, 0.012900, 0.075126, 0.911974, Iris-virginica
6.20, 2.80, 4.80, 1.80, 0.020980, 0.708296, 0.270723, Iris-virginica
6.10, 3.00, 4.90, 1.80, 0.023094, 0.647453, 0.329454, Iris-virginica
6.40, 2.80, 5.60, 2.10, 0.008374, 0.083158, 0.908467, Iris-virginica
7.20, 3.00, 5.80, 1.60, 0.014448, 0.094756, 0.890796, Iris-virginica
7.40, 2.80, 6.10, 1.90, 0.019784, 0.107412, 0.872804, Iris-virginica
7.90, 3.80, 6.40, 2.00, 0.050879, 0.188976, 0.760145, Iris-virginica
6.40, 2.80, 5.60, 2.20, 0.008972, 0.084981, 0.906047, Iris-virginica
6.30, 2.80, 5.10, 1.50, 0.023410, 0.540764, 0.435826, Iris-virginica
6.10, 2.60, 5.60, 1.40, 0.031229, 0.393031, 0.575740, Iris-virginica
7.70, 3.00, 6.10, 2.30, 0.028654, 0.131733, 0.839613, Iris-virginica
6.30, 3.40, 5.60, 2.40, 0.017234, 0.128802, 0.853964, Iris-virginica
6.40, 3.10, 5.50, 1.80, 0.009803, 0.110316, 0.879881, Iris-virginica
6.00, 3.00, 4.80, 1.80, 0.021719, 0.750350, 0.227931, Iris-virginica
6.90, 3.10, 5.40, 2.10, 0.003494, 0.029010, 0.967496, Iris-virginica
6.70, 3.10, 5.60, 2.40, 0.005078, 0.037692, 0.957230, Iris-virginica
6.90, 3.10, 5.10, 2.30, 0.015416, 0.129632, 0.854952, Iris-virginica
5.80, 2.70, 5.10, 1.90, 0.029325, 0.615953, 0.354722, Iris-virginica
6.80, 3.20, 5.90, 2.30, 0.005242, 0.033688, 0.961070, Iris-virginica
6.70, 3.30, 5.70, 2.50, 0.009698, 0.063179, 0.927123, Iris-virginica
6.70, 3.00, 5.20, 2.30, 0.011279, 0.106558, 0.882163, Iris-virginica
6.30, 2.50, 5.00, 1.90, 0.025830, 0.507986, 0.466184, Iris-virginica
6.50, 3.00, 5.20, 2.00, 0.012138, 0.156784, 0.831078, Iris-virginica
6.20, 3.40, 5.40, 2.30, 0.021595, 0.189237, 0.789168, Iris-virginica
5.90, 3.00, 5.10, 1.80, 0.026935, 0.582253, 0.390812, Iris-virginica
