% Title: Title
%
% Centers:
% 	6.775157 3.052445 5.646974 2.053639 
% 	5.889273 2.761262 4.364348 1.397490 
% 	5.003561 3.403032 1.485008 0.251544 
%

@RELATION

@ATTRIBUTE Attribute0 	 REAL
@ATTRIBUTE Attribute1 	 REAL
@ATTRIBUTE Attribute2 	 REAL
@ATTRIBUTE Attribute3 	 REAL
@ATTRIBUTE MU 	 FUZZY {Zhluk0, Zhluk1, Zhluk2}
@ATTRIBUTE class 	 {Iris-setosa, Iris-versicolor, Iris-virginica}

@DATA
5.10, 3.50, 1.40, 0.20, 0.001164, 0.002501, 0.996336, Iris-setosa
4.90, 3.00, 1.40, 0.20, 0.007155, 0.015885, 0.976960, Iris-setosa
4.70, 3.20, 1.30, 0.20, 0.006260, 0.013426, 0.980314, Iris-setosa
4.60, 3.10, 1.50, 0.20, 0.009832, 0.021847, 0.968321, Iris-setosa
5.00, 3.60, 1.40, 0.20, 0.001942, 0.004131, 0.993927, Iris-setosa
5.40, 3.90, 1.70, 0.40, 0.021069, 0.045775, 0.933156, Iris-setosa
4.60, 3.40, 1.40, 0.30, 0.006506, 0.014003, 0.979492, Iris-setosa
5.00, 3.40, 1.50, 0.20, 0.000121, 0.000268, 0.999611, Iris-setosa
4.40, 2.90, 1.40, 0.20, 0.021531, 0.046896, 0.931573, Iris-setosa
4.90, 3.10, 1.50, 0.10, 0.005042, 0.011263, 0.983695, Iris-setosa
5.40, 3.70, 1.50, 0.20, 0.010465, 0.022315, 0.967220, Iris-setosa
4.80, 3.40, 1.60, 0.20, 0.002386, 0.005331, 0.992283, Iris-setosa
4.80, 3.00, 1.40, 0.10, 0.008830, 0.019415, 0.971754, Iris-setosa
4.30, 3.00, 1.10, 0.10, 0.024997, 0.051291, 0.923712, Iris-setosa
5.80, 4.00, 1.20, 0.20, 0.038095, 0.073493, 0.888412, Iris-setosa
5.70, 4.40, 1.50, 0.40, 0.055012, 0.105693, 0.839295, Iris-setosa
5.40, 3.90, 1.30, 0.40, 0.017959, 0.036516, 0.945525, Iris-setosa
5.10, 3.50, 1.40, 0.30, 0.001168, 0.002524, 0.996307, Iris-setosa
5.70, 3.80, 1.70, 0.30, 0.030645, 0.066273, 0.903082, Iris-setosa
5.10, 3.80, 1.50, 0.30, 0.007012, 0.014916, 0.978072, Iris-setosa
5.40, 3.40, 1.70, 0.20, 0.009493, 0.021743, 0.968764, Iris-setosa
5.10, 3.70, 1.50, 0.40, 0.005088, 0.011008, 0.983904, Iris-setosa
4.60, 3.60, 1.00, 0.20, 0.014010, 0.027855, 0.958135, Iris-setosa
5.10, 3.30, 1.70, 0.50, 0.006006, 0.014207, 0.979787, Iris-setosa
4.80, 3.40, 1.90, 0.20, 0.009733, 0.022988, 0.967279, Iris-setosa
5.00, 3.00, 1.60, 0.20, 0.007569, 0.017518, 0.974913, Iris-setosa
5.00, 3.40, 1.60, 0.40, 0.001568, 0.003569, 0.994863, Iris-setosa
5.20, 3.50, 1.50, 0.20, 0.002167, 0.004739, 0.993094, Iris-setosa
5.20, 3.40, 1.40, 0.20, 0.002001, 0.004338, 0.993661, Iris-setosa
4.70, 3.20, 1.60, 0.20, 0.006060, 0.013694, 0.980246, Iris-setosa
4.80, 3.10, 1.60, 0.20, 0.006161, 0.014081, 0.979758, Iris-setosa
5.40, 3.40, 1.50, 0.40, 0.007967, 0.017753, 0.974280, Iris-setosa
5.20, 4.10, 1.50, 0.10, 0.020861, 0.042204, 0.936936, Iris-setosa
5.50, 4.20, 1.40, 0.20, 0.032950, 0.064652, 0.902398, Iris-setosa
4.90, 3.10, 1.50, 0.10, 0.005042, 0.011263, 0.983695, Iris-setosa
5.00, 3.20, 1.20, 0.20, 0.004673, 0.009919, 0.985408, Iris-setosa
5.50, 3.50, 1.30, 0.20, 0.011679, 0.024488, 0.963832, Iris-setosa
4.90, 3.10, 1.50, 0.10, 0.005042, 0.011263, 0.983695, Iris-setosa
4.40, 3.00, 1.30, 0.20, 0.018949, 0.040467, 0.940584, Iris-setosa
5.10, 3.40, 1.50, 0.20, 0.000517, 0.001141, 0.998343, Iris-setosa
5.00, 3.50, 1.30, 0.30, 0.001806, 0.003833, 0.994361, Iris-setosa
4.50, 2.30, 1.30, 0.30, 0.046365, 0.100873, 0.852762, Iris-setosa
4.40, 3.20, 1.30, 0.20, 0.015061, 0.031857, 0.953082, Iris-setosa
5.00, 3.50, 1.60, 0.60, 0.006456, 0.014667, 0.978878, Iris-setosa
5.10, 3.80, 1.90, 0.40, 0.016931, 0.038879, 0.944190, Iris-setosa
4.80, 3.00, 1.40, 0.30, 0.008304, 0.018487, 0.973209, Iris-setosa
5.10, 3.80, 1.60, 0.20, 0.007694, 0.016546, 0.975760, Iris-setosa
4.60, 3.20, 1.40, 0.20, 0.007953, 0.017270, 0.974777, Iris-setosa
5.30, 3.70, 1.50, 0.20, 0.007522, 0.016078, 0.976400, Iris-setosa
5.00, 3.30, 1.40, 0.20, 0.000829, 0.001810, 0.997361, Iris-setosa
7.00, 3.20, 4.70, 1.40, 0.500858, 0.454545, 0.044597, Iris-versicolor
6.40, 3.20, 4.50, 1.50, 0.206494, 0.764353, 0.029154, Iris-versicolor
6.90, 3.10, 4.90, 1.50, 0.599623, 0.369087, 0.031290, Iris-versicolor
5.50, 2.30, 4.00, 1.30, 0.080539, 0.869868, 0.049593, Iris-versicolor
6.50, 2.80, 4.60, 1.50, 0.216783, 0.759106, 0.024112, Iris-versicolor
5.70, 2.80, 4.50, 1.30, 0.020473, 0.973772, 0.005756, Iris-versicolor
6.30, 3.30, 4.70, 1.60, 0.296800, 0.673413, 0.029787, Iris-versicolor
4.90, 2.40, 3.30, 1.00, 0.132146, 0.581370, 0.286484, Iris-versicolor
6.60, 2.90, 4.60, 1.30, 0.247411, 0.721343, 0.031246, Iris-versicolor
5.20, 2.70, 3.90, 1.40, 0.094780, 0.830169, 0.075051, Iris-versicolor
5.00, 2.00, 3.50, 1.00, 0.144947, 0.635540, 0.219513, Iris-versicolor
5.90, 3.00, 4.20, 1.50, 0.028731, 0.962069, 0.009200, Iris-versicolor
6.00, 2.20, 4.00, 1.00, 0.101171, 0.842955, 0.055874, Iris-versicolor
6.10, 2.90, 4.70, 1.40, 0.087959, 0.899944, 0.012097, Iris-versicolor
5.60, 2.90, 3.60, 1.30, 0.092248, 0.815786, 0.091966, Iris-versicolor
6.70, 3.10, 4.40, 1.40, 0.268120, 0.690147, 0.041733, Iris-versicolor
5.60, 3.00, 4.50, 1.50, 0.052650, 0.933178, 0.014172, Iris-versicolor
5.80, 2.70, 4.10, 1.00, 0.048453, 0.925531, 0.026016, Iris-versicolor
6.20, 2.20, 4.50, 1.50, 0.137327, 0.835471, 0.027202, Iris-versicolor
5.60, 2.50, 3.90, 1.10, 0.070869, 0.877308, 0.051822, Iris-versicolor
5.90, 3.20, 4.80, 1.80, 0.250405, 0.721983, 0.027612, Iris-versicolor
6.10, 2.80, 4.00, 1.30, 0.046264, 0.934181, 0.019555, Iris-versicolor
6.30, 2.50, 4.90, 1.50, 0.270214, 0.705795, 0.023991, Iris-versicolor
6.10, 2.80, 4.70, 1.20, 0.083135, 0.902935, 0.013930, Iris-versicolor
6.40, 2.90, 4.30, 1.30, 0.101036, 0.876048, 0.022916, Iris-versicolor
6.60, 3.00, 4.40, 1.40, 0.211003, 0.755047, 0.033950, Iris-versicolor
6.80, 2.80, 4.80, 1.40, 0.442339, 0.524025, 0.033636, Iris-versicolor
6.70, 3.00, 5.00, 1.70, 0.672068, 0.306724, 0.021208, Iris-versicolor
6.00, 2.90, 4.50, 1.50, 0.026043, 0.969039, 0.004918, Iris-versicolor
5.70, 2.60, 3.50, 1.00, 0.104687, 0.766411, 0.128902, Iris-versicolor
5.50, 2.40, 3.80, 1.10, 0.089969, 0.831833, 0.078199, Iris-versicolor
5.50, 2.40, 3.70, 1.00, 0.100797, 0.794901, 0.104303, Iris-versicolor
5.80, 2.70, 3.90, 1.20, 0.050399, 0.918467, 0.031134, Iris-versicolor
6.00, 2.70, 5.10, 1.60, 0.319304, 0.656708, 0.023987, Iris-versicolor
5.40, 3.00, 4.50, 1.50, 0.082456, 0.891113, 0.026431, Iris-versicolor
6.00, 3.40, 4.50, 1.60, 0.170488, 0.797381, 0.032131, Iris-versicolor
6.70, 3.10, 4.70, 1.50, 0.410713, 0.555821, 0.033466, Iris-versicolor
6.30, 2.30, 4.40, 1.30, 0.115402, 0.857674, 0.026924, Iris-versicolor
5.60, 3.00, 4.10, 1.30, 0.047057, 0.928763, 0.024180, Iris-versicolor
5.50, 2.50, 4.00, 1.30, 0.062485, 0.899141, 0.038374, Iris-versicolor
5.50, 2.60, 4.40, 1.20, 0.049303, 0.930980, 0.019717, Iris-versicolor
6.10, 3.00, 4.60, 1.40, 0.072487, 0.915914, 0.011599, Iris-versicolor
5.80, 2.60, 4.00, 1.20, 0.041885, 0.935473, 0.022641, Iris-versicolor
5.00, 2.30, 3.30, 1.00, 0.132586, 0.597177, 0.270237, Iris-versicolor
5.60, 2.70, 4.20, 1.30, 0.028536, 0.958707, 0.012757, Iris-versicolor
5.70, 3.00, 4.20, 1.20, 0.037732, 0.945425, 0.016844, Iris-versicolor
5.70, 2.90, 4.20, 1.30, 0.023079, 0.967295, 0.009626, Iris-versicolor
6.20, 2.90, 4.30, 1.30, 0.044641, 0.943951, 0.011408, Iris-versicolor
5.10, 2.50, 3.00, 1.10, 0.124280, 0.518813, 0.356908, Iris-versicolor
5.70, 2.80, 4.10, 1.30, 0.026828, 0.960407, 0.012766, Iris-versicolor
6.30, 3.30, 6.00, 2.50, 0.859868, 0.120772, 0.019360, Iris-virginica
5.80, 2.70, 5.10, 1.90, 0.354795, 0.615882, 0.029323, Iris-virginica
7.10, 3.00, 5.90, 2.10, 0.955807, 0.038122, 0.006071, Iris-virginica
6.30, 2.90, 5.60, 1.80, 0.845315, 0.142142, 0.012543, Iris-virginica
6.50, 3.00, 5.80, 2.20, 0.957583, 0.037660, 0.004757, Iris-virginica
7.60, 3.00, 6.60, 2.10, 0.811873, 0.152665, 0.035462, Iris-virginica
4.90, 2.50, 4.50, 1.70, 0.167055, 0.759780, 0.073165, Iris-virginica
7.30, 2.90, 6.30, 1.80, 0.862964, 0.115134, 0.021901, Iris-virginica
6.70, 2.50, 5.80, 1.80, 0.868562, 0.117427, 0.014011, Iris-virginica
7.20, 3.60, 6.10, 2.50, 0.861018, 0.114578, 0.024404, Iris-virginica
6.50, 3.20, 5.10, 2.00, 0.773034, 0.210186, 0.016780, Iris-virginica
6.40, 2.70, 5.30, 1.90, 0.760770, 0.223450, 0.015780, Iris-virginica
6.80, 3.00, 5.50, 2.10, 0.988785, 0.010045, 0.001170, Iris-virginica
5.70, 2.50, 5.00, 2.00, 0.305449, 0.660145, 0.034406, Iris-virginica
5.80, 2.80, 5.10, 2.40, 0.500384, 0.461214, 0.038402, Iris-virginica
6.40, 3.20, 5.30, 2.30, 0.849698, 0.136227, 0.014075, Iris-virginica
6.50, 3.00, 5.50, 1.80, 0.913046, 0.079779, 0.007175, Iris-virginica
7.70, 3.80, 6.70, 2.20, 0.763607, 0.185822, 0.050571, Iris-virginica
7.70, 2.60, 6.90, 2.30, 0.757549, 0.193253, 0.049198, Iris-virginica
6.00, 2.20, 5.00, 1.50, 0.256887, 0.710871, 0.032242, Iris-virginica
6.90, 3.20, 5.70, 2.30, 0.970498, 0.025678, 0.003824, Iris-virginica
5.60, 2.80, 4.90, 2.00, 0.259178, 0.707154, 0.033668, Iris-virginica
7.70, 2.80, 6.70, 2.00, 0.783192, 0.174827, 0.041981, Iris-virginica
6.30, 2.70, 4.90, 1.80, 0.380952, 0.596233, 0.022815, Iris-virginica
6.70, 3.30, 5.70, 2.10, 0.975343, 0.021744, 0.002913, Iris-virginica
7.20, 3.20, 6.00, 1.80, 0.911938, 0.075157, 0.012905, Iris-virginica
6.20, 2.80, 4.80, 1.80, 0.270788, 0.708233, 0.020979, Iris-virginica
6.10, 3.00, 4.90, 1.80, 0.329530, 0.647379, 0.023092, Iris-virginica
6.40, 2.80, 5.60, 2.10, 0.908512, 0.083117, 0.008370, Iris-virginica
7.20, 3.00, 5.80, 1.60, 0.890769, 0.094779, 0.014452, Iris-virginica
7.40, 2.80, 6.10, 1.90, 0.872766, 0.107444, 0.019790, Iris-virginica
7.90, 3.80, 6.40, 2.00, 0.760108, 0.189005, 0.050887, Iris-virginica
6.40, 2.80, 5.60, 2.20, 0.906088, 0.084944, 0.008968, Iris-virginica
6.30, 2.80, 5.10, 1.50, 0.435903, 0.540690, 0.023407, Iris-virginica
6.10, 2.60, 5.60, 1.40, 0.575793, 0.392981, 0.031226, Iris-virginica
7.70, 3.00, 6.10, 2.30, 0.839574, 0.131766, 0.028661, Iris-virginica
6.30, 3.40, 5.60, 2.40, 0.853989, 0.128780, 0.017231, Iris-virginica
6.40, 3.10, 5.50, 1.80, 0.879943, 0.110259, 0.009798, Iris-virginica
6.00, 3.00, 4.80, 1.80, 0.227987, 0.750295, 0.021718, Iris-virginica
6.90, 3.10, 5.40, 2.10, 0.967505, 0.029002, 0.003493, Iris-virginica
6.70, 3.10, 5.60, 2.40, 0.957233, 0.037689, 0.005078, Iris-virginica
6.90, 3.10, 5.10, 2.30, 0.854979, 0.129608, 0.015413, Iris-virginica
5.80, 2.70, 5.10, 1.90, 0.354795, 0.615882, 0.029323, Iris-virginica
6.80, 3.20, 5.90, 2.30, 0.961049, 0.033706, 0.005244, Iris-virginica
6.70, 3.30, 5.70, 2.50, 0.927117, 0.063184, 0.009699, Iris-virginica
6.70, 3.00, 5.20, 2.30, 0.882206, 0.106519, 0.011275, Iris-virginica
6.30, 2.50, 5.00, 1.90, 0.466266, 0.507908, 0.025826, Iris-virginica
6.50, 3.00, 5.20, 2.00, 0.831166, 0.156703, 0.012131, Iris-virginica
6.20, 3.40, 5.40, 2.30, 0.789217, 0.189193, 0.021590, Iris-virginica
5.90, 3.00, 5.10, 1.80, 0.390893, 0.582175, 0.026932, Iris-virginica
