% Title: Title
%
% Centers:
% 	6.774974 3.052389 5.646734 2.053539 
% 	5.889080 2.761192 4.364080 1.397356 
% 	5.003561 3.403041 1.484992 0.251537 
%

@RELATION

@ATTRIBUTE Attribute0 	 REAL
@ATTRIBUTE Attribute1 	 REAL
@ATTRIBUTE Attribute2 	 REAL
@ATTRIBUTE Attribute3 	 REAL
@ATTRIBUTE MU 	 FUZZY {Zhluk0, Zhluk1, Zhluk2}
@ATTRIBUTE class 	 {Iris-setosa, Iris-versicolor, Iris-virginica}

@DATA
5.10, 3.50, 1.40, 0.20, 0.001163, 0.002501, 0.996336, Iris-setosa
4.90, 3.00, 1.40, 0.20, 0.007157, 0.015890, 0.976953, Iris-setosa
4.70, 3.20, 1.30, 0.20, 0.006261, 0.013429, 0.980309, Iris-setosa
4.60, 3.10, 1.50, 0.20, 0.009834, 0.021855, 0.968311, Iris-setosa
5.00, 3.60, 1.40, 0.20, 0.001942, 0.004131, 0.993927, Iris-setosa
5.40, 3.90, 1.70, 0.40, 0.021073, 0.045787, 0.933140, Iris-setosa
4.60, 3.40, 1.40, 0.30, 0.006506, 0.014007, 0.979487, Iris-setosa
5.00, 3.40, 1.50, 0.20, 0.000121, 0.000268, 0.999611, Iris-setosa
4.40, 2.90, 1.40, 0.20, 0.021534, 0.046911, 0.931554, Iris-setosa
4.90, 3.10, 1.50, 0.10, 0.005043, 0.011267, 0.983690, Iris-setosa
5.40, 3.70, 1.50, 0.20, 0.010466, 0.022320, 0.967214, Iris-setosa
4.80, 3.40, 1.60, 0.20, 0.002387, 0.005333, 0.992280, Iris-setosa
4.80, 3.00, 1.40, 0.10, 0.008832, 0.019422, 0.971746, Iris-setosa
4.30, 3.00, 1.10, 0.10, 0.025000, 0.051305, 0.923696, Iris-setosa
5.80, 4.00, 1.20, 0.20, 0.038099, 0.073506, 0.888395, Iris-setosa
5.70, 4.40, 1.50, 0.40, 0.055018, 0.105712, 0.839270, Iris-setosa
5.40, 3.90, 1.30, 0.40, 0.017961, 0.036523, 0.945516, Iris-setosa
5.10, 3.50, 1.40, 0.30, 0.001168, 0.002525, 0.996307, Iris-setosa
5.70, 3.80, 1.70, 0.30, 0.030649, 0.066291, 0.903060, Iris-setosa
5.10, 3.80, 1.50, 0.30, 0.007013, 0.014920, 0.978068, Iris-setosa
5.40, 3.40, 1.70, 0.20, 0.009496, 0.021751, 0.968754, Iris-setosa
5.10, 3.70, 1.50, 0.40, 0.005089, 0.011010, 0.983901, Iris-setosa
4.60, 3.60, 1.00, 0.20, 0.014011, 0.027861, 0.958129, Iris-setosa
5.10, 3.30, 1.70, 0.50, 0.006008, 0.014214, 0.979778, Iris-setosa
4.80, 3.40, 1.90, 0.20, 0.009736, 0.022998, 0.967266, Iris-setosa
5.00, 3.00, 1.60, 0.20, 0.007571, 0.017526, 0.974903, Iris-setosa
5.00, 3.40, 1.60, 0.40, 0.001569, 0.003571, 0.994860, Iris-setosa
5.20, 3.50, 1.50, 0.20, 0.002167, 0.004741, 0.993092, Iris-setosa
5.20, 3.40, 1.40, 0.20, 0.002001, 0.004339, 0.993660, Iris-setosa
4.70, 3.20, 1.60, 0.20, 0.006061, 0.013700, 0.980238, Iris-setosa
4.80, 3.10, 1.60, 0.20, 0.006163, 0.014087, 0.979750, Iris-setosa
5.40, 3.40, 1.50, 0.40, 0.007968, 0.017759, 0.974273, Iris-setosa
5.20, 4.10, 1.50, 0.10, 0.020863, 0.042212, 0.936925, Iris-setosa
5.50, 4.20, 1.40, 0.20, 0.032953, 0.064664, 0.902382, Iris-setosa
4.90, 3.10, 1.50, 0.10, 0.005043, 0.011267, 0.983690, Iris-setosa
5.00, 3.20, 1.20, 0.20, 0.004673, 0.009921, 0.985406, Iris-setosa
5.50, 3.50, 1.30, 0.20, 0.011681, 0.024494, 0.963826, Iris-setosa
4.90, 3.10, 1.50, 0.10, 0.005043, 0.011267, 0.983690, Iris-setosa
4.40, 3.00, 1.30, 0.20, 0.018952, 0.040480, 0.940569, Iris-setosa
5.10, 3.40, 1.50, 0.20, 0.000517, 0.001141, 0.998342, Iris-setosa
5.00, 3.50, 1.30, 0.30, 0.001806, 0.003833, 0.994361, Iris-setosa
4.50, 2.30, 1.30, 0.30, 0.046372, 0.100904, 0.852724, Iris-setosa
4.40, 3.20, 1.30, 0.20, 0.015063, 0.031866, 0.953071, Iris-setosa
5.00, 3.50, 1.60, 0.60, 0.006458, 0.014673, 0.978870, Iris-setosa
5.10, 3.80, 1.90, 0.40, 0.016935, 0.038892, 0.944173, Iris-setosa
4.80, 3.00, 1.40, 0.30, 0.008305, 0.018494, 0.973200, Iris-setosa
5.10, 3.80, 1.60, 0.20, 0.007695, 0.016550, 0.975755, Iris-setosa
4.60, 3.20, 1.40, 0.20, 0.007954, 0.017276, 0.974770, Iris-setosa
5.30, 3.70, 1.50, 0.20, 0.007523, 0.016082, 0.976395, Iris-setosa
5.00, 3.30, 1.40, 0.20, 0.000829, 0.001810, 0.997361, Iris-setosa
7.00, 3.20, 4.70, 1.40, 0.501154, 0.454245, 0.044600, Iris-versicolor
6.40, 3.20, 4.50, 1.50, 0.206796, 0.764026, 0.029178, Iris-versicolor
6.90, 3.10, 4.90, 1.50, 0.599985, 0.368728, 0.031287, Iris-versicolor
5.50, 2.30, 4.00, 1.30, 0.080465, 0.870007, 0.049528, Iris-versicolor
6.50, 2.80, 4.60, 1.50, 0.217149, 0.758716, 0.024136, Iris-versicolor
5.70, 2.80, 4.50, 1.30, 0.020471, 0.973777, 0.005752, Iris-versicolor
6.30, 3.30, 4.70, 1.60, 0.297203, 0.672990, 0.029807, Iris-versicolor
4.90, 2.40, 3.30, 1.00, 0.132120, 0.581543, 0.286337, Iris-versicolor
6.60, 2.90, 4.60, 1.30, 0.247729, 0.721004, 0.031266, Iris-versicolor
5.20, 2.70, 3.90, 1.40, 0.094711, 0.830323, 0.074967, Iris-versicolor
5.00, 2.00, 3.50, 1.00, 0.144913, 0.635693, 0.219394, Iris-versicolor
5.90, 3.00, 4.20, 1.50, 0.028734, 0.962069, 0.009197, Iris-versicolor
6.00, 2.20, 4.00, 1.00, 0.101128, 0.843044, 0.055828, Iris-versicolor
6.10, 2.90, 4.70, 1.40, 0.088225, 0.899650, 0.012125, Iris-versicolor
5.60, 2.90, 3.60, 1.30, 0.092183, 0.815951, 0.091866, Iris-versicolor
6.70, 3.10, 4.40, 1.40, 0.268383, 0.689866, 0.041751, Iris-versicolor
5.60, 3.00, 4.50, 1.50, 0.052684, 0.933143, 0.014173, Iris-versicolor
5.80, 2.70, 4.10, 1.00, 0.048382, 0.925651, 0.025967, Iris-versicolor
6.20, 2.20, 4.50, 1.50, 0.137448, 0.835341, 0.027211, Iris-versicolor
5.60, 2.50, 3.90, 1.10, 0.070785, 0.877474, 0.051740, Iris-versicolor
5.90, 3.20, 4.80, 1.80, 0.250754, 0.721614, 0.027632, Iris-versicolor
6.10, 2.80, 4.00, 1.30, 0.046234, 0.934232, 0.019533, Iris-versicolor
6.30, 2.50, 4.90, 1.50, 0.270614, 0.705377, 0.024009, Iris-versicolor
6.10, 2.80, 4.70, 1.20, 0.083318, 0.902730, 0.013952, Iris-versicolor
6.40, 2.90, 4.30, 1.30, 0.101167, 0.875900, 0.022933, Iris-versicolor
6.60, 3.00, 4.40, 1.40, 0.211257, 0.754772, 0.033972, Iris-versicolor
6.80, 2.80, 4.80, 1.40, 0.442730, 0.523627, 0.033643, Iris-versicolor
6.70, 3.00, 5.00, 1.70, 0.672523, 0.306277, 0.021200, Iris-versicolor
6.00, 2.90, 4.50, 1.50, 0.026172, 0.968889, 0.004939, Iris-versicolor
5.70, 2.60, 3.50, 1.00, 0.104627, 0.766591, 0.128782, Iris-versicolor
5.50, 2.40, 3.80, 1.10, 0.089892, 0.832006, 0.078102, Iris-versicolor
5.50, 2.40, 3.70, 1.00, 0.100727, 0.795081, 0.104192, Iris-versicolor
5.80, 2.70, 3.90, 1.20, 0.050319, 0.918610, 0.031072, Iris-versicolor
6.00, 2.70, 5.10, 1.60, 0.319750, 0.656248, 0.024002, Iris-versicolor
5.40, 3.00, 4.50, 1.50, 0.082468, 0.891111, 0.026422, Iris-versicolor
6.00, 3.40, 4.50, 1.60, 0.170690, 0.797159, 0.032151, Iris-versicolor
6.70, 3.10, 4.70, 1.50, 0.411127, 0.555397, 0.033476, Iris-versicolor
6.30, 2.30, 4.40, 1.30, 0.115490, 0.857580, 0.026931, Iris-versicolor
5.60, 3.00, 4.10, 1.30, 0.046995, 0.928868, 0.024137, Iris-versicolor
5.50, 2.50, 4.00, 1.30, 0.062401, 0.899292, 0.038307, Iris-versicolor
5.50, 2.60, 4.40, 1.20, 0.049249, 0.931065, 0.019686, Iris-versicolor
6.10, 3.00, 4.60, 1.40, 0.072703, 0.915672, 0.011626, Iris-versicolor
5.80, 2.60, 4.00, 1.20, 0.041805, 0.935606, 0.022588, Iris-versicolor
5.00, 2.30, 3.30, 1.00, 0.132557, 0.597351, 0.270092, Iris-versicolor
5.60, 2.70, 4.20, 1.30, 0.028460, 0.958822, 0.012718, Iris-versicolor
5.70, 3.00, 4.20, 1.20, 0.037681, 0.945506, 0.016813, Iris-versicolor
5.70, 2.90, 4.20, 1.30, 0.023021, 0.967382, 0.009598, Iris-versicolor
6.20, 2.90, 4.30, 1.30, 0.044710, 0.943871, 0.011419, Iris-versicolor
5.10, 2.50, 3.00, 1.10, 0.124264, 0.518984, 0.356752, Iris-versicolor
5.70, 2.80, 4.10, 1.30, 0.026752, 0.960524, 0.012724, Iris-versicolor
6.30, 3.30, 6.00, 2.50, 0.859887, 0.120747, 0.019366, Iris-virginica
5.80, 2.70, 5.10, 1.90, 0.355164, 0.615503, 0.029333, Iris-virginica
7.10, 3.00, 5.90, 2.10, 0.955748, 0.038170, 0.006082, Iris-virginica
6.30, 2.90, 5.60, 1.80, 0.845565, 0.141902, 0.012533, Iris-virginica
6.50, 3.00, 5.80, 2.20, 0.957604, 0.037639, 0.004757, Iris-virginica
7.60, 3.00, 6.60, 2.10, 0.811824, 0.152693, 0.035482, Iris-virginica
4.90, 2.50, 4.50, 1.70, 0.167052, 0.759811, 0.073137, Iris-virginica
7.30, 2.90, 6.30, 1.80, 0.862924, 0.115159, 0.021917, Iris-virginica
6.70, 2.50, 5.80, 1.80, 0.868657, 0.117334, 0.014009, Iris-virginica
7.20, 3.60, 6.10, 2.50, 0.860965, 0.114612, 0.024423, Iris-virginica
6.50, 3.20, 5.10, 2.00, 0.773408, 0.209824, 0.016767, Iris-virginica
6.40, 2.70, 5.30, 1.90, 0.761167, 0.223065, 0.015768, Iris-virginica
6.80, 3.00, 5.50, 2.10, 0.988826, 0.010008, 0.001166, Iris-virginica
5.70, 2.50, 5.00, 2.00, 0.305714, 0.659870, 0.034417, Iris-virginica
5.80, 2.80, 5.10, 2.40, 0.500671, 0.460926, 0.038403, Iris-virginica
6.40, 3.20, 5.30, 2.30, 0.849905, 0.136030, 0.014065, Iris-virginica
6.50, 3.00, 5.50, 1.80, 0.913263, 0.079575, 0.007163, Iris-virginica
7.70, 3.80, 6.70, 2.20, 0.763567, 0.185839, 0.050594, Iris-virginica
7.70, 2.60, 6.90, 2.30, 0.757514, 0.193267, 0.049219, Iris-virginica
6.00, 2.20, 5.00, 1.50, 0.257124, 0.710622, 0.032254, Iris-virginica
6.90, 3.20, 5.70, 2.30, 0.970459, 0.025710, 0.003831, Iris-virginica
5.60, 2.80, 4.90, 2.00, 0.259423, 0.706897, 0.033680, Iris-virginica
7.70, 2.80, 6.70, 2.00, 0.783154, 0.174845, 0.042001, Iris-virginica
6.30, 2.70, 4.90, 1.80, 0.381494, 0.595680, 0.022826, Iris-virginica
6.70, 3.30, 5.70, 2.10, 0.975339, 0.021746, 0.002915, Iris-virginica
7.20, 3.20, 6.00, 1.80, 0.911896, 0.075187, 0.012917, Iris-virginica
6.20, 2.80, 4.80, 1.80, 0.271281, 0.707719, 0.021000, Iris-virginica
6.10, 3.00, 4.90, 1.80, 0.330045, 0.646847, 0.023108, Iris-virginica
6.40, 2.80, 5.60, 2.10, 0.908664, 0.082973, 0.008362, Iris-virginica
7.20, 3.00, 5.80, 1.60, 0.890782, 0.094761, 0.014457, Iris-virginica
7.40, 2.80, 6.10, 1.90, 0.872729, 0.107467, 0.019804, Iris-virginica
7.90, 3.80, 6.40, 2.00, 0.760076, 0.189015, 0.050909, Iris-virginica
6.40, 2.80, 5.60, 2.20, 0.906221, 0.084817, 0.008961, Iris-virginica
6.30, 2.80, 5.10, 1.50, 0.436445, 0.540141, 0.023414, Iris-virginica
6.10, 2.60, 5.60, 1.40, 0.576104, 0.392672, 0.031224, Iris-virginica
7.70, 3.00, 6.10, 2.30, 0.839526, 0.131795, 0.028679, Iris-virginica
6.30, 3.40, 5.60, 2.40, 0.854084, 0.128686, 0.017229, Iris-virginica
6.40, 3.10, 5.50, 1.80, 0.880189, 0.110025, 0.009786, Iris-virginica
6.00, 3.00, 4.80, 1.80, 0.228399, 0.749860, 0.021741, Iris-virginica
6.90, 3.10, 5.40, 2.10, 0.967558, 0.028952, 0.003490, Iris-virginica
6.70, 3.10, 5.60, 2.40, 0.957242, 0.037679, 0.005080, Iris-virginica
6.90, 3.10, 5.10, 2.30, 0.855133, 0.129460, 0.015406, Iris-virginica
5.80, 2.70, 5.10, 1.90, 0.355164, 0.615503, 0.029333, Iris-virginica
6.80, 3.20, 5.90, 2.30, 0.960997, 0.033749, 0.005254, Iris-virginica
6.70, 3.30, 5.70, 2.50, 0.927107, 0.063188, 0.009705, Iris-virginica
6.70, 3.00, 5.20, 2.30, 0.882383, 0.106351, 0.011266, Iris-virginica
6.30, 2.50, 5.00, 1.90, 0.466732, 0.507437, 0.025831, Iris-virginica
6.50, 3.00, 5.20, 2.00, 0.831522, 0.156361, 0.012117, Iris-virginica
6.20, 3.40, 5.40, 2.30, 0.789411, 0.189005, 0.021584, Iris-virginica
5.90, 3.00, 5.10, 1.80, 0.391344, 0.581715, 0.026942, Iris-virginica
