% Title: Title
%
% Centers:
% 	5.003561 3.403037 1.484999 0.251540 
% 	6.775058 3.052414 5.646844 2.053584 
% 	5.889167 2.761224 4.364202 1.397417 
%

@RELATION

@ATTRIBUTE Attribute0 	 REAL
@ATTRIBUTE Attribute1 	 REAL
@ATTRIBUTE Attribute2 	 REAL
@ATTRIBUTE Attribute3 	 REAL
@ATTRIBUTE MU 	 FUZZY {Zhluk0, Zhluk1, Zhluk2}
@ATTRIBUTE class 	 {Iris-setosa, Iris-versicolor, Iris-virginica}

@DATA
5.10, 3.50, 1.40, 0.20, 0.996336, 0.001163, 0.002501, Iris-setosa
4.90, 3.00, 1.40, 0.20, 0.976956, 0.007156, 0.015888, Iris-setosa
4.70, 3.20, 1.30, 0.20, 0.980311, 0.006261, 0.013428, Iris-setosa
4.60, 3.10, 1.50, 0.20, 0.968315, 0.009833, 0.021851, Iris-setosa
5.00, 3.60, 1.40, 0.20, 0.993927, 0.001942, 0.004131, Iris-setosa
5.40, 3.90, 1.70, 0.40, 0.933147, 0.021071, 0.045782, Iris-setosa
4.60, 3.40, 1.40, 0.30, 0.979489, 0.006506, 0.014005, Iris-setosa
5.00, 3.40, 1.50, 0.20, 0.999611, 0.000121, 0.000268, Iris-setosa
4.40, 2.90, 1.40, 0.20, 0.931563, 0.021533, 0.046904, Iris-setosa
4.90, 3.10, 1.50, 0.10, 0.983692, 0.005043, 0.011265, Iris-setosa
5.40, 3.70, 1.50, 0.20, 0.967217, 0.010465, 0.022318, Iris-setosa
4.80, 3.40, 1.60, 0.20, 0.992281, 0.002387, 0.005332, Iris-setosa
4.80, 3.00, 1.40, 0.10, 0.971750, 0.008831, 0.019419, Iris-setosa
4.30, 3.00, 1.10, 0.10, 0.923703, 0.024998, 0.051298, Iris-setosa
5.80, 4.00, 1.20, 0.20, 0.888403, 0.038097, 0.073500, Iris-setosa
5.70, 4.40, 1.50, 0.40, 0.839281, 0.055015, 0.105703, Iris-setosa
5.40, 3.90, 1.30, 0.40, 0.945520, 0.017960, 0.036520, Iris-setosa
5.10, 3.50, 1.40, 0.30, 0.996307, 0.001168, 0.002524, Iris-setosa
5.70, 3.80, 1.70, 0.30, 0.903070, 0.030647, 0.066283, Iris-setosa
5.10, 3.80, 1.50, 0.30, 0.978069, 0.007012, 0.014918, Iris-setosa
5.40, 3.40, 1.70, 0.20, 0.968758, 0.009495, 0.021747, Iris-setosa
5.10, 3.70, 1.50, 0.40, 0.983902, 0.005089, 0.011009, Iris-setosa
4.60, 3.60, 1.00, 0.20, 0.958131, 0.014010, 0.027858, Iris-setosa
5.10, 3.30, 1.70, 0.50, 0.979782, 0.006007, 0.014211, Iris-setosa
4.80, 3.40, 1.90, 0.20, 0.967272, 0.009734, 0.022994, Iris-setosa
5.00, 3.00, 1.60, 0.20, 0.974907, 0.007570, 0.017522, Iris-setosa
5.00, 3.40, 1.60, 0.40, 0.994862, 0.001568, 0.003570, Iris-setosa
5.20, 3.50, 1.50, 0.20, 0.993093, 0.002167, 0.004740, Iris-setosa
5.20, 3.40, 1.40, 0.20, 0.993660, 0.002001, 0.004339, Iris-setosa
4.70, 3.20, 1.60, 0.20, 0.980242, 0.006061, 0.013698, Iris-setosa
4.80, 3.10, 1.60, 0.20, 0.979754, 0.006162, 0.014084, Iris-setosa
5.40, 3.40, 1.50, 0.40, 0.974276, 0.007968, 0.017756, Iris-setosa
5.20, 4.10, 1.50, 0.10, 0.936930, 0.020862, 0.042208, Iris-setosa
5.50, 4.20, 1.40, 0.20, 0.902390, 0.032952, 0.064659, Iris-setosa
4.90, 3.10, 1.50, 0.10, 0.983692, 0.005043, 0.011265, Iris-setosa
5.00, 3.20, 1.20, 0.20, 0.985407, 0.004673, 0.009920, Iris-setosa
5.50, 3.50, 1.30, 0.20, 0.963829, 0.011680, 0.024491, Iris-setosa
4.90, 3.10, 1.50, 0.10, 0.983692, 0.005043, 0.011265, Iris-setosa
4.40, 3.00, 1.30, 0.20, 0.940576, 0.018950, 0.040474, Iris-setosa
5.10, 3.40, 1.50, 0.20, 0.998343, 0.000517, 0.001141, Iris-setosa
5.00, 3.50, 1.30, 0.30, 0.994361, 0.001806, 0.003833, Iris-setosa
4.50, 2.30, 1.30, 0.30, 0.852741, 0.046369, 0.100890, Iris-setosa
4.40, 3.20, 1.30, 0.20, 0.953076, 0.015062, 0.031862, Iris-setosa
5.00, 3.50, 1.60, 0.60, 0.978873, 0.006457, 0.014670, Iris-setosa
5.10, 3.80, 1.90, 0.40, 0.944181, 0.016933, 0.038886, Iris-setosa
4.80, 3.00, 1.40, 0.30, 0.973204, 0.008305, 0.018491, Iris-setosa
5.10, 3.80, 1.60, 0.20, 0.975757, 0.007694, 0.016548, Iris-setosa
4.60, 3.20, 1.40, 0.20, 0.974773, 0.007954, 0.017273, Iris-setosa
5.30, 3.70, 1.50, 0.20, 0.976398, 0.007522, 0.016080, Iris-setosa
5.00, 3.30, 1.40, 0.20, 0.997361, 0.000829, 0.001810, Iris-setosa
7.00, 3.20, 4.70, 1.40, 0.044599, 0.501020, 0.454381, Iris-versicolor
6.40, 3.20, 4.50, 1.50, 0.029167, 0.206659, 0.764174, Iris-versicolor
6.90, 3.10, 4.90, 1.50, 0.031288, 0.599821, 0.368891, Iris-versicolor
5.50, 2.30, 4.00, 1.30, 0.049557, 0.080498, 0.869945, Iris-versicolor
6.50, 2.80, 4.60, 1.50, 0.024125, 0.216983, 0.758892, Iris-versicolor
5.70, 2.80, 4.50, 1.30, 0.005754, 0.020472, 0.973775, Iris-versicolor
6.30, 3.30, 4.70, 1.60, 0.029798, 0.297020, 0.673182, Iris-versicolor
4.90, 2.40, 3.30, 1.00, 0.286403, 0.132131, 0.581465, Iris-versicolor
6.60, 2.90, 4.60, 1.30, 0.031257, 0.247585, 0.721158, Iris-versicolor
5.20, 2.70, 3.90, 1.40, 0.075004, 0.094741, 0.830254, Iris-versicolor
5.00, 2.00, 3.50, 1.00, 0.219448, 0.144928, 0.635625, Iris-versicolor
5.90, 3.00, 4.20, 1.50, 0.009198, 0.028732, 0.962069, Iris-versicolor
6.00, 2.20, 4.00, 1.00, 0.055849, 0.101147, 0.843004, Iris-versicolor
6.10, 2.90, 4.70, 1.40, 0.012113, 0.088105, 0.899782, Iris-versicolor
5.60, 2.90, 3.60, 1.30, 0.091911, 0.092212, 0.815877, Iris-versicolor
6.70, 3.10, 4.40, 1.40, 0.041743, 0.268264, 0.689993, Iris-versicolor
5.60, 3.00, 4.50, 1.50, 0.014173, 0.052668, 0.933159, Iris-versicolor
5.80, 2.70, 4.10, 1.00, 0.025989, 0.048414, 0.925597, Iris-versicolor
6.20, 2.20, 4.50, 1.50, 0.027207, 0.137393, 0.835400, Iris-versicolor
5.60, 2.50, 3.90, 1.10, 0.051777, 0.070823, 0.877400, Iris-versicolor
5.90, 3.20, 4.80, 1.80, 0.027623, 0.250595, 0.721782, Iris-versicolor
6.10, 2.80, 4.00, 1.30, 0.019543, 0.046247, 0.934210, Iris-versicolor
6.30, 2.50, 4.90, 1.50, 0.024001, 0.270432, 0.705566, Iris-versicolor
6.10, 2.80, 4.70, 1.20, 0.013942, 0.083235, 0.902822, Iris-versicolor
6.40, 2.90, 4.30, 1.30, 0.022926, 0.101107, 0.875967, Iris-versicolor
6.60, 3.00, 4.40, 1.40, 0.033962, 0.211141, 0.754896, Iris-versicolor
6.80, 2.80, 4.80, 1.40, 0.033640, 0.442553, 0.523807, Iris-versicolor
6.70, 3.00, 5.00, 1.70, 0.021204, 0.672316, 0.306480, Iris-versicolor
6.00, 2.90, 4.50, 1.50, 0.004930, 0.026114, 0.968956, Iris-versicolor
5.70, 2.60, 3.50, 1.00, 0.128836, 0.104654, 0.766510, Iris-versicolor
5.50, 2.40, 3.80, 1.10, 0.078146, 0.089926, 0.831929, Iris-versicolor
5.50, 2.40, 3.70, 1.00, 0.104242, 0.100758, 0.795000, Iris-versicolor
5.80, 2.70, 3.90, 1.20, 0.031100, 0.050355, 0.918546, Iris-versicolor
6.00, 2.70, 5.10, 1.60, 0.023995, 0.319547, 0.656457, Iris-versicolor
5.40, 3.00, 4.50, 1.50, 0.026426, 0.082462, 0.891112, Iris-versicolor
6.00, 3.40, 4.50, 1.60, 0.032142, 0.170598, 0.797260, Iris-versicolor
6.70, 3.10, 4.70, 1.50, 0.033472, 0.410940, 0.555589, Iris-versicolor
6.30, 2.30, 4.40, 1.30, 0.026928, 0.115450, 0.857623, Iris-versicolor
5.60, 3.00, 4.10, 1.30, 0.024156, 0.047023, 0.928821, Iris-versicolor
5.50, 2.50, 4.00, 1.30, 0.038337, 0.062439, 0.899224, Iris-versicolor
5.50, 2.60, 4.40, 1.20, 0.019700, 0.049273, 0.931027, Iris-versicolor
6.10, 3.00, 4.60, 1.40, 0.011613, 0.072605, 0.915781, Iris-versicolor
5.80, 2.60, 4.00, 1.20, 0.022612, 0.041841, 0.935547, Iris-versicolor
5.00, 2.30, 3.30, 1.00, 0.270157, 0.132570, 0.597273, Iris-versicolor
5.60, 2.70, 4.20, 1.30, 0.012736, 0.028494, 0.958770, Iris-versicolor
5.70, 3.00, 4.20, 1.20, 0.016827, 0.037704, 0.945469, Iris-versicolor
5.70, 2.90, 4.20, 1.30, 0.009610, 0.023047, 0.967343, Iris-versicolor
6.20, 2.90, 4.30, 1.30, 0.011414, 0.044679, 0.943907, Iris-versicolor
5.10, 2.50, 3.00, 1.10, 0.356822, 0.124271, 0.518907, Iris-versicolor
5.70, 2.80, 4.10, 1.30, 0.012743, 0.026786, 0.960471, Iris-versicolor
6.30, 3.30, 6.00, 2.50, 0.019364, 0.859878, 0.120758, Iris-virginica
5.80, 2.70, 5.10, 1.90, 0.029328, 0.354996, 0.615676, Iris-virginica
7.10, 3.00, 5.90, 2.10, 0.006077, 0.955775, 0.038148, Iris-virginica
6.30, 2.90, 5.60, 1.80, 0.012538, 0.845451, 0.142012, Iris-virginica
6.50, 3.00, 5.80, 2.20, 0.004757, 0.957594, 0.037649, Iris-virginica
7.60, 3.00, 6.60, 2.10, 0.035473, 0.811848, 0.152680, Iris-virginica
4.90, 2.50, 4.50, 1.70, 0.073150, 0.167053, 0.759798, Iris-virginica
7.30, 2.90, 6.30, 1.80, 0.021910, 0.862944, 0.115147, Iris-virginica
6.70, 2.50, 5.80, 1.80, 0.014010, 0.868614, 0.117376, Iris-virginica
7.20, 3.60, 6.10, 2.50, 0.024414, 0.860990, 0.114596, Iris-virginica
6.50, 3.20, 5.10, 2.00, 0.016773, 0.773238, 0.209989, Iris-virginica
6.40, 2.70, 5.30, 1.90, 0.015773, 0.760986, 0.223241, Iris-virginica
6.80, 3.00, 5.50, 2.10, 0.001168, 0.988807, 0.010025, Iris-virginica
5.70, 2.50, 5.00, 2.00, 0.034412, 0.305593, 0.659995, Iris-virginica
5.80, 2.80, 5.10, 2.40, 0.038403, 0.500540, 0.461057, Iris-virginica
6.40, 3.20, 5.30, 2.30, 0.014070, 0.849810, 0.136120, Iris-virginica
6.50, 3.00, 5.50, 1.80, 0.007168, 0.913163, 0.079668, Iris-virginica
7.70, 3.80, 6.70, 2.20, 0.050584, 0.763586, 0.185830, Iris-virginica
7.70, 2.60, 6.90, 2.30, 0.049209, 0.757531, 0.193260, Iris-virginica
6.00, 2.20, 5.00, 1.50, 0.032249, 0.257016, 0.710735, Iris-virginica
6.90, 3.20, 5.70, 2.30, 0.003828, 0.970477, 0.025695, Iris-virginica
5.60, 2.80, 4.90, 2.00, 0.033675, 0.259311, 0.707014, Iris-virginica
7.70, 2.80, 6.70, 2.00, 0.041992, 0.783172, 0.174836, Iris-virginica
6.30, 2.70, 4.90, 1.80, 0.022821, 0.381248, 0.595931, Iris-virginica
6.70, 3.30, 5.70, 2.10, 0.002914, 0.975341, 0.021745, Iris-virginica
7.20, 3.20, 6.00, 1.80, 0.012911, 0.911916, 0.075173, Iris-virginica
6.20, 2.80, 4.80, 1.80, 0.020990, 0.271057, 0.707952, Iris-virginica
6.10, 3.00, 4.90, 1.80, 0.023101, 0.329811, 0.647089, Iris-virginica
6.40, 2.80, 5.60, 2.10, 0.008366, 0.908595, 0.083039, Iris-virginica
7.20, 3.00, 5.80, 1.60, 0.014455, 0.890777, 0.094768, Iris-virginica
7.40, 2.80, 6.10, 1.90, 0.019798, 0.872747, 0.107455, Iris-virginica
7.90, 3.80, 6.40, 2.00, 0.050899, 0.760092, 0.189010, Iris-virginica
6.40, 2.80, 5.60, 2.20, 0.008965, 0.906160, 0.084875, Iris-virginica
6.30, 2.80, 5.10, 1.50, 0.023411, 0.436199, 0.540390, Iris-virginica
6.10, 2.60, 5.60, 1.40, 0.031225, 0.575962, 0.392813, Iris-virginica
7.70, 3.00, 6.10, 2.30, 0.028671, 0.839548, 0.131781, Iris-virginica
6.30, 3.40, 5.60, 2.40, 0.017230, 0.854041, 0.128729, Iris-virginica
6.40, 3.10, 5.50, 1.80, 0.009791, 0.880076, 0.110132, Iris-virginica
6.00, 3.00, 4.80, 1.80, 0.021731, 0.228212, 0.750057, Iris-virginica
6.90, 3.10, 5.40, 2.10, 0.003491, 0.967534, 0.028975, Iris-virginica
6.70, 3.10, 5.60, 2.40, 0.005079, 0.957238, 0.037683, Iris-virginica
6.90, 3.10, 5.10, 2.30, 0.015409, 0.855063, 0.129527, Iris-virginica
5.80, 2.70, 5.10, 1.90, 0.029328, 0.354996, 0.615676, Iris-virginica
6.80, 3.20, 5.90, 2.30, 0.005250, 0.961021, 0.033729, Iris-virginica
6.70, 3.30, 5.70, 2.50, 0.009702, 0.927112, 0.063186, Iris-virginica
6.70, 3.00, 5.20, 2.30, 0.011270, 0.882303, 0.106428, Iris-virginica
6.30, 2.50, 5.00, 1.90, 0.025829, 0.466520, 0.507651, Iris-virginica
6.50, 3.00, 5.20, 2.00, 0.012123, 0.831359, 0.156517, Iris-virginica
6.20, 3.40, 5.40, 2.30, 0.021587, 0.789322, 0.189091, Iris-virginica
5.90, 3.00, 5.10, 1.80, 0.026937, 0.391139, 0.581924, Iris-virginica
