% Title: Title
%
% Centers:
% 	5.889105 2.761201 4.364116 1.397375 
% 	6.775004 3.052397 5.646771 2.053553 
% 	5.003561 3.403040 1.484994 0.251538 
%

@RELATION

@ATTRIBUTE Attribute0 	 REAL
@ATTRIBUTE Attribute1 	 REAL
@ATTRIBUTE Attribute2 	 REAL
@ATTRIBUTE Attribute3 	 REAL
@ATTRIBUTE MU 	 FUZZY {Zhluk0, Zhluk1, Zhluk2}
@ATTRIBUTE class 	 {Iris-setosa, Iris-versicolor, Iris-virginica}

@DATA
5.10, 3.50, 1.40, 0.20, 0.002501, 0.001163, 0.996336, Iris-setosa
4.90, 3.00, 1.40, 0.20, 0.015890, 0.007157, 0.976954, Iris-setosa
4.70, 3.20, 1.30, 0.20, 0.013429, 0.006261, 0.980310, Iris-setosa
4.60, 3.10, 1.50, 0.20, 0.021854, 0.009834, 0.968312, Iris-setosa
5.00, 3.60, 1.40, 0.20, 0.004131, 0.001942, 0.993927, Iris-setosa
5.40, 3.90, 1.70, 0.40, 0.045786, 0.021072, 0.933142, Iris-setosa
4.60, 3.40, 1.40, 0.30, 0.014006, 0.006506, 0.979488, Iris-setosa
5.00, 3.40, 1.50, 0.20, 0.000268, 0.000121, 0.999611, Iris-setosa
4.40, 2.90, 1.40, 0.20, 0.046909, 0.021534, 0.931557, Iris-setosa
4.90, 3.10, 1.50, 0.10, 0.011267, 0.005043, 0.983690, Iris-setosa
5.40, 3.70, 1.50, 0.20, 0.022320, 0.010466, 0.967215, Iris-setosa
4.80, 3.40, 1.60, 0.20, 0.005333, 0.002387, 0.992280, Iris-setosa
4.80, 3.00, 1.40, 0.10, 0.019421, 0.008832, 0.971747, Iris-setosa
4.30, 3.00, 1.10, 0.10, 0.051303, 0.024999, 0.923698, Iris-setosa
5.80, 4.00, 1.20, 0.20, 0.073504, 0.038098, 0.888398, Iris-setosa
5.70, 4.40, 1.50, 0.40, 0.105709, 0.055017, 0.839274, Iris-setosa
5.40, 3.90, 1.30, 0.40, 0.036522, 0.017961, 0.945517, Iris-setosa
5.10, 3.50, 1.40, 0.30, 0.002525, 0.001168, 0.996307, Iris-setosa
5.70, 3.80, 1.70, 0.30, 0.066288, 0.030649, 0.903063, Iris-setosa
5.10, 3.80, 1.50, 0.30, 0.014919, 0.007012, 0.978068, Iris-setosa
5.40, 3.40, 1.70, 0.20, 0.021750, 0.009495, 0.968755, Iris-setosa
5.10, 3.70, 1.50, 0.40, 0.011010, 0.005089, 0.983901, Iris-setosa
4.60, 3.60, 1.00, 0.20, 0.027860, 0.014010, 0.958130, Iris-setosa
5.10, 3.30, 1.70, 0.50, 0.014214, 0.006008, 0.979779, Iris-setosa
4.80, 3.40, 1.90, 0.20, 0.022997, 0.009735, 0.967268, Iris-setosa
5.00, 3.00, 1.60, 0.20, 0.017525, 0.007571, 0.974904, Iris-setosa
5.00, 3.40, 1.60, 0.40, 0.003571, 0.001569, 0.994861, Iris-setosa
5.20, 3.50, 1.50, 0.20, 0.004740, 0.002167, 0.993092, Iris-setosa
5.20, 3.40, 1.40, 0.20, 0.004339, 0.002001, 0.993660, Iris-setosa
4.70, 3.20, 1.60, 0.20, 0.013699, 0.006061, 0.980239, Iris-setosa
4.80, 3.10, 1.60, 0.20, 0.014086, 0.006162, 0.979751, Iris-setosa
5.40, 3.40, 1.50, 0.40, 0.017758, 0.007968, 0.974274, Iris-setosa
5.20, 4.10, 1.50, 0.10, 0.042211, 0.020862, 0.936927, Iris-setosa
5.50, 4.20, 1.40, 0.20, 0.064663, 0.032952, 0.902385, Iris-setosa
4.90, 3.10, 1.50, 0.10, 0.011267, 0.005043, 0.983690, Iris-setosa
5.00, 3.20, 1.20, 0.20, 0.009920, 0.004673, 0.985406, Iris-setosa
5.50, 3.50, 1.30, 0.20, 0.024493, 0.011680, 0.963827, Iris-setosa
4.90, 3.10, 1.50, 0.10, 0.011267, 0.005043, 0.983690, Iris-setosa
4.40, 3.00, 1.30, 0.20, 0.040478, 0.018951, 0.940571, Iris-setosa
5.10, 3.40, 1.50, 0.20, 0.001141, 0.000517, 0.998342, Iris-setosa
5.00, 3.50, 1.30, 0.30, 0.003833, 0.001806, 0.994361, Iris-setosa
4.50, 2.30, 1.30, 0.30, 0.100901, 0.046371, 0.852729, Iris-setosa
4.40, 3.20, 1.30, 0.20, 0.031865, 0.015063, 0.953072, Iris-setosa
5.00, 3.50, 1.60, 0.60, 0.014672, 0.006457, 0.978871, Iris-setosa
5.10, 3.80, 1.90, 0.40, 0.038891, 0.016934, 0.944175, Iris-setosa
4.80, 3.00, 1.40, 0.30, 0.018493, 0.008305, 0.973201, Iris-setosa
5.10, 3.80, 1.60, 0.20, 0.016550, 0.007695, 0.975756, Iris-setosa
4.60, 3.20, 1.40, 0.20, 0.017275, 0.007954, 0.974771, Iris-setosa
5.30, 3.70, 1.50, 0.20, 0.016081, 0.007523, 0.976396, Iris-setosa
5.00, 3.30, 1.40, 0.20, 0.001810, 0.000829, 0.997361, Iris-setosa
7.00, 3.20, 4.70, 1.40, 0.454285, 0.501114, 0.044600, Iris-versicolor
6.40, 3.20, 4.50, 1.50, 0.764070, 0.206755, 0.029175, Iris-versicolor
6.90, 3.10, 4.90, 1.50, 0.368777, 0.599935, 0.031288, Iris-versicolor
5.50, 2.30, 4.00, 1.30, 0.869992, 0.080472, 0.049536, Iris-versicolor
6.50, 2.80, 4.60, 1.50, 0.758768, 0.217099, 0.024133, Iris-versicolor
5.70, 2.80, 4.50, 1.30, 0.973777, 0.020470, 0.005752, Iris-versicolor
6.30, 3.30, 4.70, 1.60, 0.673048, 0.297147, 0.029805, Iris-versicolor
4.90, 2.40, 3.30, 1.00, 0.581523, 0.132121, 0.286356, Iris-versicolor
6.60, 2.90, 4.60, 1.30, 0.721049, 0.247687, 0.031264, Iris-versicolor
5.20, 2.70, 3.90, 1.40, 0.830306, 0.094717, 0.074977, Iris-versicolor
5.00, 2.00, 3.50, 1.00, 0.635676, 0.144915, 0.219409, Iris-versicolor
5.90, 3.00, 4.20, 1.50, 0.962070, 0.028733, 0.009197, Iris-versicolor
6.00, 2.20, 4.00, 1.00, 0.843034, 0.101132, 0.055834, Iris-versicolor
6.10, 2.90, 4.70, 1.40, 0.899688, 0.088190, 0.012122, Iris-versicolor
5.60, 2.90, 3.60, 1.30, 0.815932, 0.092190, 0.091878, Iris-versicolor
6.70, 3.10, 4.40, 1.40, 0.689904, 0.268347, 0.041749, Iris-versicolor
5.60, 3.00, 4.50, 1.50, 0.933149, 0.052678, 0.014173, Iris-versicolor
5.80, 2.70, 4.10, 1.00, 0.925637, 0.048390, 0.025973, Iris-versicolor
6.20, 2.20, 4.50, 1.50, 0.835360, 0.137430, 0.027210, Iris-versicolor
5.60, 2.50, 3.90, 1.10, 0.877455, 0.070795, 0.051750, Iris-versicolor
5.90, 3.20, 4.80, 1.80, 0.721667, 0.250704, 0.027630, Iris-versicolor
6.10, 2.80, 4.00, 1.30, 0.934226, 0.046237, 0.019536, Iris-versicolor
6.30, 2.50, 4.90, 1.50, 0.705435, 0.270558, 0.024007, Iris-versicolor
6.10, 2.80, 4.70, 1.20, 0.902756, 0.083294, 0.013950, Iris-versicolor
6.40, 2.90, 4.30, 1.30, 0.875919, 0.101150, 0.022931, Iris-versicolor
6.60, 3.00, 4.40, 1.40, 0.754808, 0.211222, 0.033969, Iris-versicolor
6.80, 2.80, 4.80, 1.40, 0.523681, 0.442677, 0.033643, Iris-versicolor
6.70, 3.00, 5.00, 1.70, 0.306341, 0.672457, 0.021202, Iris-versicolor
6.00, 2.90, 4.50, 1.50, 0.968908, 0.026156, 0.004937, Iris-versicolor
5.70, 2.60, 3.50, 1.00, 0.766570, 0.104633, 0.128797, Iris-versicolor
5.50, 2.40, 3.80, 1.10, 0.831987, 0.089899, 0.078114, Iris-versicolor
5.50, 2.40, 3.70, 1.00, 0.795060, 0.100734, 0.104206, Iris-versicolor
5.80, 2.70, 3.90, 1.20, 0.918593, 0.050328, 0.031079, Iris-versicolor
6.00, 2.70, 5.10, 1.60, 0.656314, 0.319685, 0.024000, Iris-versicolor
5.40, 3.00, 4.50, 1.50, 0.891114, 0.082464, 0.026423, Iris-versicolor
6.00, 3.40, 4.50, 1.60, 0.797190, 0.170661, 0.032148, Iris-versicolor
6.70, 3.10, 4.70, 1.50, 0.555454, 0.411070, 0.033475, Iris-versicolor
6.30, 2.30, 4.40, 1.30, 0.857593, 0.115477, 0.026930, Iris-versicolor
5.60, 3.00, 4.10, 1.30, 0.928856, 0.047002, 0.024142, Iris-versicolor
5.50, 2.50, 4.00, 1.30, 0.899275, 0.062410, 0.038315, Iris-versicolor
5.50, 2.60, 4.40, 1.20, 0.931056, 0.049254, 0.019690, Iris-versicolor
6.10, 3.00, 4.60, 1.40, 0.915703, 0.072675, 0.011622, Iris-versicolor
5.80, 2.60, 4.00, 1.20, 0.935591, 0.041814, 0.022595, Iris-versicolor
5.00, 2.30, 3.30, 1.00, 0.597331, 0.132559, 0.270110, Iris-versicolor
5.60, 2.70, 4.20, 1.30, 0.958808, 0.028469, 0.012723, Iris-versicolor
5.70, 3.00, 4.20, 1.20, 0.945496, 0.037687, 0.016817, Iris-versicolor
5.70, 2.90, 4.20, 1.30, 0.967371, 0.023027, 0.009601, Iris-versicolor
6.20, 2.90, 4.30, 1.30, 0.943881, 0.044701, 0.011418, Iris-versicolor
5.10, 2.50, 3.00, 1.10, 0.518964, 0.124264, 0.356771, Iris-versicolor
5.70, 2.80, 4.10, 1.30, 0.960510, 0.026761, 0.012729, Iris-versicolor
6.30, 3.30, 6.00, 2.50, 0.120750, 0.859885, 0.019366, Iris-virginica
5.80, 2.70, 5.10, 1.90, 0.615560, 0.355109, 0.029332, Iris-virginica
7.10, 3.00, 5.90, 2.10, 0.038160, 0.955760, 0.006080, Iris-virginica
6.30, 2.90, 5.60, 1.80, 0.141939, 0.845526, 0.012535, Iris-virginica
6.50, 3.00, 5.80, 2.20, 0.037642, 0.957600, 0.004757, Iris-virginica
7.60, 3.00, 6.60, 2.10, 0.152685, 0.811836, 0.035479, Iris-virginica
4.90, 2.50, 4.50, 1.70, 0.759811, 0.167049, 0.073140, Iris-virginica
7.30, 2.90, 6.30, 1.80, 0.115151, 0.862935, 0.021914, Iris-virginica
6.70, 2.50, 5.80, 1.80, 0.117346, 0.868645, 0.014009, Iris-virginica
7.20, 3.60, 6.10, 2.50, 0.114604, 0.860977, 0.024419, Iris-virginica
6.50, 3.20, 5.10, 2.00, 0.209879, 0.773351, 0.016770, Iris-virginica
6.40, 2.70, 5.30, 1.90, 0.223124, 0.761106, 0.015770, Iris-virginica
6.80, 3.00, 5.50, 2.10, 0.010014, 0.988819, 0.001167, Iris-virginica
5.70, 2.50, 5.00, 2.00, 0.659912, 0.305673, 0.034415, Iris-virginica
5.80, 2.80, 5.10, 2.40, 0.460970, 0.500626, 0.038403, Iris-virginica
6.40, 3.20, 5.30, 2.30, 0.136061, 0.849872, 0.014067, Iris-virginica
6.50, 3.00, 5.50, 1.80, 0.079607, 0.913228, 0.007165, Iris-virginica
7.70, 3.80, 6.70, 2.20, 0.185833, 0.763577, 0.050591, Iris-virginica
7.70, 2.60, 6.90, 2.30, 0.193262, 0.757523, 0.049215, Iris-virginica
6.00, 2.20, 5.00, 1.50, 0.710658, 0.257089, 0.032253, Iris-virginica
6.90, 3.20, 5.70, 2.30, 0.025704, 0.970466, 0.003830, Iris-virginica
5.60, 2.80, 4.90, 2.00, 0.706936, 0.259385, 0.033679, Iris-virginica
7.70, 2.80, 6.70, 2.00, 0.174838, 0.783164, 0.041997, Iris-virginica
6.30, 2.70, 4.90, 1.80, 0.595759, 0.381416, 0.022825, Iris-virginica
6.70, 3.30, 5.70, 2.10, 0.021745, 0.975340, 0.002915, Iris-virginica
7.20, 3.20, 6.00, 1.80, 0.075179, 0.911907, 0.012915, Iris-virginica
6.20, 2.80, 4.80, 1.80, 0.707791, 0.271211, 0.020997, Iris-virginica
6.10, 3.00, 4.90, 1.80, 0.646923, 0.329971, 0.023106, Iris-virginica
6.40, 2.80, 5.60, 2.10, 0.082997, 0.908639, 0.008364, Iris-virginica
7.20, 3.00, 5.80, 1.60, 0.094760, 0.890784, 0.014456, Iris-virginica
7.40, 2.80, 6.10, 1.90, 0.107459, 0.872739, 0.019802, Iris-virginica
7.90, 3.80, 6.40, 2.00, 0.189010, 0.760085, 0.050905, Iris-virginica
6.40, 2.80, 5.60, 2.20, 0.084838, 0.906199, 0.008963, Iris-virginica
6.30, 2.80, 5.10, 1.50, 0.540219, 0.436368, 0.023414, Iris-virginica
6.10, 2.60, 5.60, 1.40, 0.392717, 0.576058, 0.031225, Iris-virginica
7.70, 3.00, 6.10, 2.30, 0.131787, 0.839537, 0.028676, Iris-virginica
6.30, 3.40, 5.60, 2.40, 0.128701, 0.854069, 0.017230, Iris-virginica
6.40, 3.10, 5.50, 1.80, 0.110062, 0.880150, 0.009788, Iris-virginica
6.00, 3.00, 4.80, 1.80, 0.749921, 0.228341, 0.021738, Iris-virginica
6.90, 3.10, 5.40, 2.10, 0.028959, 0.967550, 0.003490, Iris-virginica
6.70, 3.10, 5.60, 2.40, 0.037680, 0.957240, 0.005080, Iris-virginica
6.90, 3.10, 5.10, 2.30, 0.129482, 0.855111, 0.015408, Iris-virginica
5.80, 2.70, 5.10, 1.90, 0.615560, 0.355109, 0.029332, Iris-virginica
6.80, 3.20, 5.90, 2.30, 0.033741, 0.961006, 0.005252, Iris-virginica
6.70, 3.30, 5.70, 2.50, 0.063187, 0.927109, 0.009704, Iris-virginica
6.70, 3.00, 5.20, 2.30, 0.106377, 0.882356, 0.011267, Iris-virginica
6.30, 2.50, 5.00, 1.90, 0.507506, 0.466664, 0.025831, Iris-virginica
6.50, 3.00, 5.20, 2.00, 0.156415, 0.831466, 0.012119, Iris-virginica
6.20, 3.40, 5.40, 2.30, 0.189034, 0.789381, 0.021585, Iris-virginica
5.90, 3.00, 5.10, 1.80, 0.581782, 0.391277, 0.026941, Iris-virginica
