% Title: Title
%
% Centers:
% 	5.889097 2.761198 4.364104 1.397369 
% 	5.003561 3.403041 1.484993 0.251537 
% 	6.774994 3.052395 5.646759 2.053549 
%

@RELATION

@ATTRIBUTE Attribute0 	 REAL
@ATTRIBUTE Attribute1 	 REAL
@ATTRIBUTE Attribute2 	 REAL
@ATTRIBUTE Attribute3 	 REAL
@ATTRIBUTE MU 	 FUZZY {Zhluk0, Zhluk1, Zhluk2}
@ATTRIBUTE class 	 {Iris-setosa, Iris-versicolor, Iris-virginica}

@DATA
5.10, 3.50, 1.40, 0.20, 0.002501, 0.996336, 0.001163, Iris-setosa
4.90, 3.00, 1.40, 0.20, 0.015890, 0.976953, 0.007157, Iris-setosa
4.70, 3.20, 1.30, 0.20, 0.013429, 0.980310, 0.006261, Iris-setosa
4.60, 3.10, 1.50, 0.20, 0.021854, 0.968312, 0.009834, Iris-setosa
5.00, 3.60, 1.40, 0.20, 0.004131, 0.993927, 0.001942, Iris-setosa
5.40, 3.90, 1.70, 0.40, 0.045786, 0.933141, 0.021072, Iris-setosa
4.60, 3.40, 1.40, 0.30, 0.014006, 0.979487, 0.006506, Iris-setosa
5.00, 3.40, 1.50, 0.20, 0.000268, 0.999611, 0.000121, Iris-setosa
4.40, 2.90, 1.40, 0.20, 0.046910, 0.931556, 0.021534, Iris-setosa
4.90, 3.10, 1.50, 0.10, 0.011267, 0.983690, 0.005043, Iris-setosa
5.40, 3.70, 1.50, 0.20, 0.022320, 0.967214, 0.010466, Iris-setosa
4.80, 3.40, 1.60, 0.20, 0.005333, 0.992280, 0.002387, Iris-setosa
4.80, 3.00, 1.40, 0.10, 0.019421, 0.971747, 0.008832, Iris-setosa
4.30, 3.00, 1.10, 0.10, 0.051303, 0.923697, 0.024999, Iris-setosa
5.80, 4.00, 1.20, 0.20, 0.073505, 0.888397, 0.038098, Iris-setosa
5.70, 4.40, 1.50, 0.40, 0.105710, 0.839273, 0.055017, Iris-setosa
5.40, 3.90, 1.30, 0.40, 0.036522, 0.945517, 0.017961, Iris-setosa
5.10, 3.50, 1.40, 0.30, 0.002525, 0.996307, 0.001168, Iris-setosa
5.70, 3.80, 1.70, 0.30, 0.066289, 0.903062, 0.030649, Iris-setosa
5.10, 3.80, 1.50, 0.30, 0.014919, 0.978068, 0.007012, Iris-setosa
5.40, 3.40, 1.70, 0.20, 0.021750, 0.968754, 0.009495, Iris-setosa
5.10, 3.70, 1.50, 0.40, 0.011010, 0.983901, 0.005089, Iris-setosa
4.60, 3.60, 1.00, 0.20, 0.027860, 0.958129, 0.014011, Iris-setosa
5.10, 3.30, 1.70, 0.50, 0.014214, 0.979778, 0.006008, Iris-setosa
4.80, 3.40, 1.90, 0.20, 0.022997, 0.967267, 0.009735, Iris-setosa
5.00, 3.00, 1.60, 0.20, 0.017525, 0.974904, 0.007571, Iris-setosa
5.00, 3.40, 1.60, 0.40, 0.003571, 0.994861, 0.001569, Iris-setosa
5.20, 3.50, 1.50, 0.20, 0.004740, 0.993092, 0.002167, Iris-setosa
5.20, 3.40, 1.40, 0.20, 0.004339, 0.993660, 0.002001, Iris-setosa
4.70, 3.20, 1.60, 0.20, 0.013700, 0.980239, 0.006061, Iris-setosa
4.80, 3.10, 1.60, 0.20, 0.014086, 0.979751, 0.006162, Iris-setosa
5.40, 3.40, 1.50, 0.40, 0.017758, 0.974273, 0.007968, Iris-setosa
5.20, 4.10, 1.50, 0.10, 0.042211, 0.936926, 0.020863, Iris-setosa
5.50, 4.20, 1.40, 0.20, 0.064663, 0.902384, 0.032953, Iris-setosa
4.90, 3.10, 1.50, 0.10, 0.011267, 0.983690, 0.005043, Iris-setosa
5.00, 3.20, 1.20, 0.20, 0.009920, 0.985406, 0.004673, Iris-setosa
5.50, 3.50, 1.30, 0.20, 0.024493, 0.963826, 0.011680, Iris-setosa
4.90, 3.10, 1.50, 0.10, 0.011267, 0.983690, 0.005043, Iris-setosa
4.40, 3.00, 1.30, 0.20, 0.040479, 0.940570, 0.018951, Iris-setosa
5.10, 3.40, 1.50, 0.20, 0.001141, 0.998342, 0.000517, Iris-setosa
5.00, 3.50, 1.30, 0.30, 0.003833, 0.994361, 0.001806, Iris-setosa
4.50, 2.30, 1.30, 0.30, 0.100902, 0.852727, 0.046371, Iris-setosa
4.40, 3.20, 1.30, 0.20, 0.031865, 0.953072, 0.015063, Iris-setosa
5.00, 3.50, 1.60, 0.60, 0.014672, 0.978871, 0.006457, Iris-setosa
5.10, 3.80, 1.90, 0.40, 0.038891, 0.944174, 0.016934, Iris-setosa
4.80, 3.00, 1.40, 0.30, 0.018494, 0.973201, 0.008305, Iris-setosa
5.10, 3.80, 1.60, 0.20, 0.016550, 0.975755, 0.007695, Iris-setosa
4.60, 3.20, 1.40, 0.20, 0.017275, 0.974771, 0.007954, Iris-setosa
5.30, 3.70, 1.50, 0.20, 0.016081, 0.976396, 0.007523, Iris-setosa
5.00, 3.30, 1.40, 0.20, 0.001810, 0.997361, 0.000829, Iris-setosa
7.00, 3.20, 4.70, 1.40, 0.454272, 0.044600, 0.501128, Iris-versicolor
6.40, 3.20, 4.50, 1.50, 0.764056, 0.029176, 0.206768, Iris-versicolor
6.90, 3.10, 4.90, 1.50, 0.368761, 0.031287, 0.599952, Iris-versicolor
5.50, 2.30, 4.00, 1.30, 0.869997, 0.049533, 0.080470, Iris-versicolor
6.50, 2.80, 4.60, 1.50, 0.758751, 0.024134, 0.217116, Iris-versicolor
5.70, 2.80, 4.50, 1.30, 0.973777, 0.005752, 0.020471, Iris-versicolor
6.30, 3.30, 4.70, 1.60, 0.673029, 0.029805, 0.297165, Iris-versicolor
4.90, 2.40, 3.30, 1.00, 0.581530, 0.286350, 0.132121, Iris-versicolor
6.60, 2.90, 4.60, 1.30, 0.721034, 0.031265, 0.247701, Iris-versicolor
5.20, 2.70, 3.90, 1.40, 0.830311, 0.074974, 0.094715, Iris-versicolor
5.00, 2.00, 3.50, 1.00, 0.635682, 0.219404, 0.144914, Iris-versicolor
5.90, 3.00, 4.20, 1.50, 0.962069, 0.009197, 0.028734, Iris-versicolor
6.00, 2.20, 4.00, 1.00, 0.843037, 0.055832, 0.101131, Iris-versicolor
6.10, 2.90, 4.70, 1.40, 0.899675, 0.012123, 0.088202, Iris-versicolor
5.60, 2.90, 3.60, 1.30, 0.815938, 0.091874, 0.092188, Iris-versicolor
6.70, 3.10, 4.40, 1.40, 0.689891, 0.041750, 0.268359, Iris-versicolor
5.60, 3.00, 4.50, 1.50, 0.933147, 0.014173, 0.052680, Iris-versicolor
5.80, 2.70, 4.10, 1.00, 0.925642, 0.025971, 0.048387, Iris-versicolor
6.20, 2.20, 4.50, 1.50, 0.835354, 0.027211, 0.137436, Iris-versicolor
5.60, 2.50, 3.90, 1.10, 0.877461, 0.051747, 0.070792, Iris-versicolor
5.90, 3.20, 4.80, 1.80, 0.721649, 0.027630, 0.250720, Iris-versicolor
6.10, 2.80, 4.00, 1.30, 0.934228, 0.019535, 0.046236, Iris-versicolor
6.30, 2.50, 4.90, 1.50, 0.705416, 0.024008, 0.270576, Iris-versicolor
6.10, 2.80, 4.70, 1.20, 0.902747, 0.013951, 0.083302, Iris-versicolor
6.40, 2.90, 4.30, 1.30, 0.875913, 0.022932, 0.101155, Iris-versicolor
6.60, 3.00, 4.40, 1.40, 0.754796, 0.033970, 0.211234, Iris-versicolor
6.80, 2.80, 4.80, 1.40, 0.523663, 0.033643, 0.442694, Iris-versicolor
6.70, 3.00, 5.00, 1.70, 0.306320, 0.021201, 0.672479, Iris-versicolor
6.00, 2.90, 4.50, 1.50, 0.968901, 0.004937, 0.026161, Iris-versicolor
5.70, 2.60, 3.50, 1.00, 0.766577, 0.128792, 0.104631, Iris-versicolor
5.50, 2.40, 3.80, 1.10, 0.831993, 0.078110, 0.089897, Iris-versicolor
5.50, 2.40, 3.70, 1.00, 0.795067, 0.104201, 0.100732, Iris-versicolor
5.80, 2.70, 3.90, 1.20, 0.918598, 0.031077, 0.050325, Iris-versicolor
6.00, 2.70, 5.10, 1.60, 0.656293, 0.024001, 0.319707, Iris-versicolor
5.40, 3.00, 4.50, 1.50, 0.891113, 0.026422, 0.082465, Iris-versicolor
6.00, 3.40, 4.50, 1.60, 0.797180, 0.032149, 0.170671, Iris-versicolor
6.70, 3.10, 4.70, 1.50, 0.555435, 0.033476, 0.411089, Iris-versicolor
6.30, 2.30, 4.40, 1.30, 0.857589, 0.026930, 0.115481, Iris-versicolor
5.60, 3.00, 4.10, 1.30, 0.928860, 0.024141, 0.046999, Iris-versicolor
5.50, 2.50, 4.00, 1.30, 0.899281, 0.038312, 0.062407, Iris-versicolor
5.50, 2.60, 4.40, 1.20, 0.931059, 0.019689, 0.049252, Iris-versicolor
6.10, 3.00, 4.60, 1.40, 0.915693, 0.011623, 0.072684, Iris-versicolor
5.80, 2.60, 4.00, 1.20, 0.935596, 0.022593, 0.041811, Iris-versicolor
5.00, 2.30, 3.30, 1.00, 0.597338, 0.270104, 0.132558, Iris-versicolor
5.60, 2.70, 4.20, 1.30, 0.958813, 0.012721, 0.028466, Iris-versicolor
5.70, 3.00, 4.20, 1.20, 0.945500, 0.016816, 0.037685, Iris-versicolor
5.70, 2.90, 4.20, 1.30, 0.967375, 0.009600, 0.023025, Iris-versicolor
6.20, 2.90, 4.30, 1.30, 0.943878, 0.011418, 0.044704, Iris-versicolor
5.10, 2.50, 3.00, 1.10, 0.518971, 0.356765, 0.124264, Iris-versicolor
5.70, 2.80, 4.10, 1.30, 0.960515, 0.012727, 0.026758, Iris-versicolor
6.30, 3.30, 6.00, 2.50, 0.120749, 0.019366, 0.859885, Iris-virginica
5.80, 2.70, 5.10, 1.90, 0.615541, 0.029332, 0.355127, Iris-virginica
7.10, 3.00, 5.90, 2.10, 0.038163, 0.006081, 0.955756, Iris-virginica
6.30, 2.90, 5.60, 1.80, 0.141927, 0.012534, 0.845539, Iris-virginica
6.50, 3.00, 5.80, 2.20, 0.037641, 0.004757, 0.957601, Iris-virginica
7.60, 3.00, 6.60, 2.10, 0.152688, 0.035480, 0.811832, Iris-virginica
4.90, 2.50, 4.50, 1.70, 0.759811, 0.073139, 0.167050, Iris-virginica
7.30, 2.90, 6.30, 1.80, 0.115154, 0.021915, 0.862931, Iris-virginica
6.70, 2.50, 5.80, 1.80, 0.117342, 0.014009, 0.868649, Iris-virginica
7.20, 3.60, 6.10, 2.50, 0.114607, 0.024420, 0.860973, Iris-virginica
6.50, 3.20, 5.10, 2.00, 0.209861, 0.016769, 0.773370, Iris-virginica
6.40, 2.70, 5.30, 1.90, 0.223105, 0.015769, 0.761126, Iris-virginica
6.80, 3.00, 5.50, 2.10, 0.010012, 0.001166, 0.988821, Iris-virginica
5.70, 2.50, 5.00, 2.00, 0.659898, 0.034416, 0.305686, Iris-virginica
5.80, 2.80, 5.10, 2.40, 0.460956, 0.038403, 0.500641, Iris-virginica
6.40, 3.20, 5.30, 2.30, 0.136051, 0.014066, 0.849882, Iris-virginica
6.50, 3.00, 5.50, 1.80, 0.079596, 0.007164, 0.913240, Iris-virginica
7.70, 3.80, 6.70, 2.20, 0.185835, 0.050592, 0.763573, Iris-virginica
7.70, 2.60, 6.90, 2.30, 0.193264, 0.049216, 0.757520, Iris-virginica
6.00, 2.20, 5.00, 1.50, 0.710646, 0.032253, 0.257101, Iris-virginica
6.90, 3.20, 5.70, 2.30, 0.025706, 0.003830, 0.970464, Iris-virginica
5.60, 2.80, 4.90, 2.00, 0.706923, 0.033679, 0.259398, Iris-virginica
7.70, 2.80, 6.70, 2.00, 0.174840, 0.041999, 0.783161, Iris-virginica
6.30, 2.70, 4.90, 1.80, 0.595733, 0.022826, 0.381442, Iris-virginica
6.70, 3.30, 5.70, 2.10, 0.021745, 0.002915, 0.975340, Iris-virginica
7.20, 3.20, 6.00, 1.80, 0.075181, 0.012915, 0.911903, Iris-virginica
6.20, 2.80, 4.80, 1.80, 0.707768, 0.020998, 0.271234, Iris-virginica
6.10, 3.00, 4.90, 1.80, 0.646898, 0.023107, 0.329995, Iris-virginica
6.40, 2.80, 5.60, 2.10, 0.082989, 0.008363, 0.908648, Iris-virginica
7.20, 3.00, 5.80, 1.60, 0.094760, 0.014457, 0.890783, Iris-virginica
7.40, 2.80, 6.10, 1.90, 0.107462, 0.019803, 0.872736, Iris-virginica
7.90, 3.80, 6.40, 2.00, 0.189012, 0.050906, 0.760082, Iris-virginica
6.40, 2.80, 5.60, 2.20, 0.084831, 0.008962, 0.906206, Iris-virginica
6.30, 2.80, 5.10, 1.50, 0.540193, 0.023414, 0.436393, Iris-virginica
6.10, 2.60, 5.60, 1.40, 0.392702, 0.031224, 0.576073, Iris-virginica
7.70, 3.00, 6.10, 2.30, 0.131789, 0.028677, 0.839533, Iris-virginica
6.30, 3.40, 5.60, 2.40, 0.128696, 0.017230, 0.854074, Iris-virginica
6.40, 3.10, 5.50, 1.80, 0.110050, 0.009787, 0.880163, Iris-virginica
6.00, 3.00, 4.80, 1.80, 0.749901, 0.021739, 0.228360, Iris-virginica
6.90, 3.10, 5.40, 2.10, 0.028957, 0.003490, 0.967553, Iris-virginica
6.70, 3.10, 5.60, 2.40, 0.037680, 0.005080, 0.957241, Iris-virginica
6.90, 3.10, 5.10, 2.30, 0.129475, 0.015407, 0.855118, Iris-virginica
5.80, 2.70, 5.10, 1.90, 0.615541, 0.029332, 0.355127, Iris-virginica
6.80, 3.20, 5.90, 2.30, 0.033744, 0.005253, 0.961003, Iris-virginica
6.70, 3.30, 5.70, 2.50, 0.063187, 0.009705, 0.927108, Iris-virginica
6.70, 3.00, 5.20, 2.30, 0.106368, 0.011267, 0.882365, Iris-virginica
6.30, 2.50, 5.00, 1.90, 0.507483, 0.025831, 0.466686, Iris-virginica
6.50, 3.00, 5.20, 2.00, 0.156397, 0.012118, 0.831484, Iris-virginica
6.20, 3.40, 5.40, 2.30, 0.189024, 0.021585, 0.789391, Iris-virginica
5.90, 3.00, 5.10, 1.80, 0.581760, 0.026941, 0.391299, Iris-virginica
