% Title: Title
%
% Centers:
% 	5.003561 3.403040 1.484995 0.251538 
% 	5.889116 2.761205 4.364132 1.397383 
% 	6.775017 3.052401 5.646788 2.053560 
%

@RELATION

@ATTRIBUTE Attribute0 	 REAL
@ATTRIBUTE Attribute1 	 REAL
@ATTRIBUTE Attribute2 	 REAL
@ATTRIBUTE Attribute3 	 REAL
@ATTRIBUTE MU 	 FUZZY {Zhluk0, Zhluk1, Zhluk2}
@ATTRIBUTE class 	 {Iris-setosa, Iris-versicolor, Iris-virginica}

@DATA
5.10, 3.50, 1.40, 0.20, 0.996336, 0.002501, 0.001163, Iris-setosa
4.90, 3.00, 1.40, 0.20, 0.976954, 0.015889, 0.007156, Iris-setosa
4.70, 3.20, 1.30, 0.20, 0.980310, 0.013429, 0.006261, Iris-setosa
4.60, 3.10, 1.50, 0.20, 0.968313, 0.021854, 0.009834, Iris-setosa
5.00, 3.60, 1.40, 0.20, 0.993927, 0.004131, 0.001942, Iris-setosa
5.40, 3.90, 1.70, 0.40, 0.933143, 0.045785, 0.021072, Iris-setosa
4.60, 3.40, 1.40, 0.30, 0.979488, 0.014006, 0.006506, Iris-setosa
5.00, 3.40, 1.50, 0.20, 0.999611, 0.000268, 0.000121, Iris-setosa
4.40, 2.90, 1.40, 0.20, 0.931558, 0.046909, 0.021534, Iris-setosa
4.90, 3.10, 1.50, 0.10, 0.983691, 0.011267, 0.005043, Iris-setosa
5.40, 3.70, 1.50, 0.20, 0.967215, 0.022319, 0.010466, Iris-setosa
4.80, 3.40, 1.60, 0.20, 0.992281, 0.005333, 0.002387, Iris-setosa
4.80, 3.00, 1.40, 0.10, 0.971748, 0.019421, 0.008832, Iris-setosa
4.30, 3.00, 1.10, 0.10, 0.923699, 0.051302, 0.024999, Iris-setosa
5.80, 4.00, 1.20, 0.20, 0.888399, 0.073503, 0.038098, Iris-setosa
5.70, 4.40, 1.50, 0.40, 0.839275, 0.105708, 0.055017, Iris-setosa
5.40, 3.90, 1.30, 0.40, 0.945518, 0.036522, 0.017961, Iris-setosa
5.10, 3.50, 1.40, 0.30, 0.996307, 0.002524, 0.001168, Iris-setosa
5.70, 3.80, 1.70, 0.30, 0.903064, 0.066287, 0.030648, Iris-setosa
5.10, 3.80, 1.50, 0.30, 0.978068, 0.014919, 0.007012, Iris-setosa
5.40, 3.40, 1.70, 0.20, 0.968755, 0.021749, 0.009495, Iris-setosa
5.10, 3.70, 1.50, 0.40, 0.983901, 0.011010, 0.005089, Iris-setosa
4.60, 3.60, 1.00, 0.20, 0.958130, 0.027860, 0.014010, Iris-setosa
5.10, 3.30, 1.70, 0.50, 0.979779, 0.014213, 0.006007, Iris-setosa
4.80, 3.40, 1.90, 0.20, 0.967268, 0.022996, 0.009735, Iris-setosa
5.00, 3.00, 1.60, 0.20, 0.974905, 0.017524, 0.007571, Iris-setosa
5.00, 3.40, 1.60, 0.40, 0.994861, 0.003570, 0.001569, Iris-setosa
5.20, 3.50, 1.50, 0.20, 0.993093, 0.004740, 0.002167, Iris-setosa
5.20, 3.40, 1.40, 0.20, 0.993660, 0.004339, 0.002001, Iris-setosa
4.70, 3.20, 1.60, 0.20, 0.980240, 0.013699, 0.006061, Iris-setosa
4.80, 3.10, 1.60, 0.20, 0.979752, 0.014086, 0.006162, Iris-setosa
5.40, 3.40, 1.50, 0.40, 0.974274, 0.017758, 0.007968, Iris-setosa
5.20, 4.10, 1.50, 0.10, 0.936927, 0.042211, 0.020862, Iris-setosa
5.50, 4.20, 1.40, 0.20, 0.902386, 0.064662, 0.032952, Iris-setosa
4.90, 3.10, 1.50, 0.10, 0.983691, 0.011267, 0.005043, Iris-setosa
5.00, 3.20, 1.20, 0.20, 0.985406, 0.009920, 0.004673, Iris-setosa
5.50, 3.50, 1.30, 0.20, 0.963827, 0.024493, 0.011680, Iris-setosa
4.90, 3.10, 1.50, 0.10, 0.983691, 0.011267, 0.005043, Iris-setosa
4.40, 3.00, 1.30, 0.20, 0.940572, 0.040477, 0.018951, Iris-setosa
5.10, 3.40, 1.50, 0.20, 0.998342, 0.001141, 0.000517, Iris-setosa
5.00, 3.50, 1.30, 0.30, 0.994361, 0.003833, 0.001806, Iris-setosa
4.50, 2.30, 1.30, 0.30, 0.852731, 0.100899, 0.046370, Iris-setosa
4.40, 3.20, 1.30, 0.20, 0.953073, 0.031864, 0.015063, Iris-setosa
5.00, 3.50, 1.60, 0.60, 0.978871, 0.014671, 0.006457, Iris-setosa
5.10, 3.80, 1.90, 0.40, 0.944176, 0.038890, 0.016934, Iris-setosa
4.80, 3.00, 1.40, 0.30, 0.973202, 0.018493, 0.008305, Iris-setosa
5.10, 3.80, 1.60, 0.20, 0.975756, 0.016550, 0.007695, Iris-setosa
4.60, 3.20, 1.40, 0.20, 0.974771, 0.017275, 0.007954, Iris-setosa
5.30, 3.70, 1.50, 0.20, 0.976396, 0.016081, 0.007523, Iris-setosa
5.00, 3.30, 1.40, 0.20, 0.997361, 0.001810, 0.000829, Iris-setosa
7.00, 3.20, 4.70, 1.40, 0.044601, 0.454303, 0.501097, Iris-versicolor
6.40, 3.20, 4.50, 1.50, 0.029174, 0.764089, 0.206737, Iris-versicolor
6.90, 3.10, 4.90, 1.50, 0.031288, 0.368799, 0.599913, Iris-versicolor
5.50, 2.30, 4.00, 1.30, 0.049539, 0.869985, 0.080476, Iris-versicolor
6.50, 2.80, 4.60, 1.50, 0.024132, 0.758791, 0.217078, Iris-versicolor
5.70, 2.80, 4.50, 1.30, 0.005753, 0.973777, 0.020470, Iris-versicolor
6.30, 3.30, 4.70, 1.60, 0.029804, 0.673074, 0.297122, Iris-versicolor
4.90, 2.40, 3.30, 1.00, 0.286364, 0.581514, 0.132122, Iris-versicolor
6.60, 2.90, 4.60, 1.30, 0.031263, 0.721069, 0.247668, Iris-versicolor
5.20, 2.70, 3.90, 1.40, 0.074981, 0.830299, 0.094720, Iris-versicolor
5.00, 2.00, 3.50, 1.00, 0.219416, 0.635669, 0.144916, Iris-versicolor
5.90, 3.00, 4.20, 1.50, 0.009197, 0.962070, 0.028733, Iris-versicolor
6.00, 2.20, 4.00, 1.00, 0.055836, 0.843030, 0.101134, Iris-versicolor
6.10, 2.90, 4.70, 1.40, 0.012121, 0.899705, 0.088175, Iris-versicolor
5.60, 2.90, 3.60, 1.30, 0.091884, 0.815923, 0.092193, Iris-versicolor
6.70, 3.10, 4.40, 1.40, 0.041748, 0.689920, 0.268332, Iris-versicolor
5.60, 3.00, 4.50, 1.50, 0.014173, 0.933152, 0.052675, Iris-versicolor
5.80, 2.70, 4.10, 1.00, 0.025976, 0.925631, 0.048394, Iris-versicolor
6.20, 2.20, 4.50, 1.50, 0.027210, 0.835368, 0.137422, Iris-versicolor
5.60, 2.50, 3.90, 1.10, 0.051755, 0.877447, 0.070799, Iris-versicolor
5.90, 3.20, 4.80, 1.80, 0.027629, 0.721690, 0.250682, Iris-versicolor
6.10, 2.80, 4.00, 1.30, 0.019538, 0.934224, 0.046239, Iris-versicolor
6.30, 2.50, 4.90, 1.50, 0.024006, 0.705460, 0.270533, Iris-versicolor
6.10, 2.80, 4.70, 1.20, 0.013949, 0.902768, 0.083283, Iris-versicolor
6.40, 2.90, 4.30, 1.30, 0.022931, 0.875927, 0.101142, Iris-versicolor
6.60, 3.00, 4.40, 1.40, 0.033968, 0.754824, 0.211208, Iris-versicolor
6.80, 2.80, 4.80, 1.40, 0.033642, 0.523705, 0.442653, Iris-versicolor
6.70, 3.00, 5.00, 1.70, 0.021202, 0.306369, 0.672428, Iris-versicolor
6.00, 2.90, 4.50, 1.50, 0.004935, 0.968916, 0.026148, Iris-versicolor
5.70, 2.60, 3.50, 1.00, 0.128804, 0.766561, 0.104636, Iris-versicolor
5.50, 2.40, 3.80, 1.10, 0.078119, 0.831978, 0.089903, Iris-versicolor
5.50, 2.40, 3.70, 1.00, 0.104212, 0.795051, 0.100737, Iris-versicolor
5.80, 2.70, 3.90, 1.20, 0.031083, 0.918585, 0.050332, Iris-versicolor
6.00, 2.70, 5.10, 1.60, 0.024000, 0.656343, 0.319657, Iris-versicolor
5.40, 3.00, 4.50, 1.50, 0.026423, 0.891115, 0.082462, Iris-versicolor
6.00, 3.40, 4.50, 1.60, 0.032147, 0.797204, 0.170649, Iris-versicolor
6.70, 3.10, 4.70, 1.50, 0.033475, 0.555480, 0.411045, Iris-versicolor
6.30, 2.30, 4.40, 1.30, 0.026930, 0.857599, 0.115471, Iris-versicolor
5.60, 3.00, 4.10, 1.30, 0.024145, 0.928851, 0.047004, Iris-versicolor
5.50, 2.50, 4.00, 1.30, 0.038318, 0.899267, 0.062414, Iris-versicolor
5.50, 2.60, 4.40, 1.20, 0.019692, 0.931052, 0.049256, Iris-versicolor
6.10, 3.00, 4.60, 1.40, 0.011621, 0.915717, 0.072662, Iris-versicolor
5.80, 2.60, 4.00, 1.20, 0.022598, 0.935584, 0.041819, Iris-versicolor
5.00, 2.30, 3.30, 1.00, 0.270118, 0.597323, 0.132559, Iris-versicolor
5.60, 2.70, 4.20, 1.30, 0.012725, 0.958803, 0.028473, Iris-versicolor
5.70, 3.00, 4.20, 1.20, 0.016819, 0.945492, 0.037689, Iris-versicolor
5.70, 2.90, 4.20, 1.30, 0.009603, 0.967367, 0.023030, Iris-versicolor
6.20, 2.90, 4.30, 1.30, 0.011417, 0.943885, 0.044697, Iris-versicolor
5.10, 2.50, 3.00, 1.10, 0.356780, 0.518956, 0.124264, Iris-versicolor
5.70, 2.80, 4.10, 1.30, 0.012731, 0.960504, 0.026765, Iris-versicolor
6.30, 3.30, 6.00, 2.50, 0.019365, 0.120751, 0.859884, Iris-virginica
5.80, 2.70, 5.10, 1.90, 0.029332, 0.615584, 0.355084, Iris-virginica
7.10, 3.00, 5.90, 2.10, 0.006079, 0.038156, 0.955765, Iris-virginica
6.30, 2.90, 5.60, 1.80, 0.012535, 0.141956, 0.845509, Iris-virginica
6.50, 3.00, 5.80, 2.20, 0.004757, 0.037644, 0.957598, Iris-virginica
7.60, 3.00, 6.60, 2.10, 0.035477, 0.152682, 0.811841, Iris-virginica
4.90, 2.50, 4.50, 1.70, 0.073142, 0.759811, 0.167047, Iris-virginica
7.30, 2.90, 6.30, 1.80, 0.021913, 0.115148, 0.862939, Iris-virginica
6.70, 2.50, 5.80, 1.80, 0.014009, 0.117352, 0.868639, Iris-virginica
7.20, 3.60, 6.10, 2.50, 0.024418, 0.114600, 0.860982, Iris-virginica
6.50, 3.20, 5.10, 2.00, 0.016771, 0.209904, 0.773326, Iris-virginica
6.40, 2.70, 5.30, 1.90, 0.015771, 0.223150, 0.761079, Iris-virginica
6.80, 3.00, 5.50, 2.10, 0.001167, 0.010017, 0.988816, Iris-virginica
5.70, 2.50, 5.00, 2.00, 0.034415, 0.659930, 0.305655, Iris-virginica
5.80, 2.80, 5.10, 2.40, 0.038404, 0.460990, 0.500606, Iris-virginica
6.40, 3.20, 5.30, 2.30, 0.014068, 0.136075, 0.849857, Iris-virginica
6.50, 3.00, 5.50, 1.80, 0.007166, 0.079621, 0.913213, Iris-virginica
7.70, 3.80, 6.70, 2.20, 0.050589, 0.185830, 0.763581, Iris-virginica
7.70, 2.60, 6.90, 2.30, 0.049213, 0.193260, 0.757527, Iris-virginica
6.00, 2.20, 5.00, 1.50, 0.032252, 0.710675, 0.257073, Iris-virginica
6.90, 3.20, 5.70, 2.30, 0.003829, 0.025702, 0.970469, Iris-virginica
5.60, 2.80, 4.90, 2.00, 0.033678, 0.706953, 0.259369, Iris-virginica
7.70, 2.80, 6.70, 2.00, 0.041996, 0.174835, 0.783169, Iris-virginica
6.30, 2.70, 4.90, 1.80, 0.022825, 0.595793, 0.381382, Iris-virginica
6.70, 3.30, 5.70, 2.10, 0.002915, 0.021745, 0.975341, Iris-virginica
7.20, 3.20, 6.00, 1.80, 0.012914, 0.075175, 0.911911, Iris-virginica
6.20, 2.80, 4.80, 1.80, 0.020996, 0.707823, 0.271181, Iris-virginica
6.10, 3.00, 4.90, 1.80, 0.023105, 0.646956, 0.329939, Iris-virginica
6.40, 2.80, 5.60, 2.10, 0.008365, 0.083007, 0.908628, Iris-virginica
7.20, 3.00, 5.80, 1.60, 0.014456, 0.094759, 0.890785, Iris-virginica
7.40, 2.80, 6.10, 1.90, 0.019801, 0.107456, 0.872743, Iris-virginica
7.90, 3.80, 6.40, 2.00, 0.050903, 0.189008, 0.760089, Iris-virginica
6.40, 2.80, 5.60, 2.20, 0.008963, 0.084847, 0.906189, Iris-virginica
6.30, 2.80, 5.10, 1.50, 0.023414, 0.540253, 0.436334, Iris-virginica
6.10, 2.60, 5.60, 1.40, 0.031225, 0.392737, 0.576038, Iris-virginica
7.70, 3.00, 6.10, 2.30, 0.028675, 0.131783, 0.839542, Iris-virginica
6.30, 3.40, 5.60, 2.40, 0.017230, 0.128707, 0.854063, Iris-virginica
6.40, 3.10, 5.50, 1.80, 0.009789, 0.110078, 0.880133, Iris-virginica
6.00, 3.00, 4.80, 1.80, 0.021737, 0.749948, 0.228315, Iris-virginica
6.90, 3.10, 5.40, 2.10, 0.003491, 0.028962, 0.967547, Iris-virginica
6.70, 3.10, 5.60, 2.40, 0.005080, 0.037681, 0.957239, Iris-virginica
6.90, 3.10, 5.10, 2.30, 0.015408, 0.129491, 0.855101, Iris-virginica
5.80, 2.70, 5.10, 1.90, 0.029332, 0.615584, 0.355084, Iris-virginica
6.80, 3.20, 5.90, 2.30, 0.005252, 0.033738, 0.961010, Iris-virginica
6.70, 3.30, 5.70, 2.50, 0.009704, 0.063186, 0.927110, Iris-virginica
6.70, 3.00, 5.20, 2.30, 0.011268, 0.106389, 0.882343, Iris-virginica
6.30, 2.50, 5.00, 1.90, 0.025831, 0.507536, 0.466633, Iris-virginica
6.50, 3.00, 5.20, 2.00, 0.012121, 0.156438, 0.831441, Iris-virginica
6.20, 3.40, 5.40, 2.30, 0.021586, 0.189047, 0.789367, Iris-virginica
5.90, 3.00, 5.10, 1.80, 0.026941, 0.581812, 0.391248, Iris-virginica
