% Title: Title
%
% Centers:
% 	5.003561 3.403040 1.484995 0.251538 
% 	6.775015 3.052401 5.646785 2.053559 
% 	5.889114 2.761204 4.364130 1.397382 
%

@RELATION

@ATTRIBUTE Attribute0 	 REAL
@ATTRIBUTE Attribute1 	 REAL
@ATTRIBUTE Attribute2 	 REAL
@ATTRIBUTE Attribute3 	 REAL
@ATTRIBUTE MU 	 FUZZY {Zhluk0, Zhluk1, Zhluk2}
@ATTRIBUTE class 	 {Iris-setosa, Iris-versicolor, Iris-virginica}

@DATA
5.10, 3.50, 1.40, 0.20, 0.996336, 0.001163, 0.002501, Iris-setosa
4.90, 3.00, 1.40, 0.20, 0.976954, 0.007156, 0.015889, Iris-setosa
4.70, 3.20, 1.30, 0.20, 0.980310, 0.006261, 0.013429, Iris-setosa
4.60, 3.10, 1.50, 0.20, 0.968313, 0.009834, 0.021854, Iris-setosa
5.00, 3.60, 1.40, 0.20, 0.993927, 0.001942, 0.004131, Iris-setosa
5.40, 3.90, 1.70, 0.40, 0.933143, 0.021072, 0.045785, Iris-setosa
4.60, 3.40, 1.40, 0.30, 0.979488, 0.006506, 0.014006, Iris-setosa
5.00, 3.40, 1.50, 0.20, 0.999611, 0.000121, 0.000268, Iris-setosa
4.40, 2.90, 1.40, 0.20, 0.931558, 0.021534, 0.046909, Iris-setosa
4.90, 3.10, 1.50, 0.10, 0.983690, 0.005043, 0.011267, Iris-setosa
5.40, 3.70, 1.50, 0.20, 0.967215, 0.010466, 0.022319, Iris-setosa
4.80, 3.40, 1.60, 0.20, 0.992281, 0.002387, 0.005333, Iris-setosa
4.80, 3.00, 1.40, 0.10, 0.971747, 0.008832, 0.019421, Iris-setosa
4.30, 3.00, 1.10, 0.10, 0.923699, 0.024999, 0.051302, Iris-setosa
5.80, 4.00, 1.20, 0.20, 0.888399, 0.038098, 0.073504, Iris-setosa
5.70, 4.40, 1.50, 0.40, 0.839275, 0.055017, 0.105708, Iris-setosa
5.40, 3.90, 1.30, 0.40, 0.945518, 0.017961, 0.036522, Iris-setosa
5.10, 3.50, 1.40, 0.30, 0.996307, 0.001168, 0.002524, Iris-setosa
5.70, 3.80, 1.70, 0.30, 0.903064, 0.030648, 0.066287, Iris-setosa
5.10, 3.80, 1.50, 0.30, 0.978068, 0.007012, 0.014919, Iris-setosa
5.40, 3.40, 1.70, 0.20, 0.968755, 0.009495, 0.021750, Iris-setosa
5.10, 3.70, 1.50, 0.40, 0.983901, 0.005089, 0.011010, Iris-setosa
4.60, 3.60, 1.00, 0.20, 0.958130, 0.014010, 0.027860, Iris-setosa
5.10, 3.30, 1.70, 0.50, 0.979779, 0.006007, 0.014213, Iris-setosa
4.80, 3.40, 1.90, 0.20, 0.967268, 0.009735, 0.022997, Iris-setosa
5.00, 3.00, 1.60, 0.20, 0.974905, 0.007571, 0.017525, Iris-setosa
5.00, 3.40, 1.60, 0.40, 0.994861, 0.001569, 0.003570, Iris-setosa
5.20, 3.50, 1.50, 0.20, 0.993092, 0.002167, 0.004740, Iris-setosa
5.20, 3.40, 1.40, 0.20, 0.993660, 0.002001, 0.004339, Iris-setosa
4.70, 3.20, 1.60, 0.20, 0.980240, 0.006061, 0.013699, Iris-setosa
4.80, 3.10, 1.60, 0.20, 0.979752, 0.006162, 0.014086, Iris-setosa
5.40, 3.40, 1.50, 0.40, 0.974274, 0.007968, 0.017758, Iris-setosa
5.20, 4.10, 1.50, 0.10, 0.936927, 0.020862, 0.042211, Iris-setosa
5.50, 4.20, 1.40, 0.20, 0.902386, 0.032952, 0.064662, Iris-setosa
4.90, 3.10, 1.50, 0.10, 0.983690, 0.005043, 0.011267, Iris-setosa
5.00, 3.20, 1.20, 0.20, 0.985406, 0.004673, 0.009920, Iris-setosa
5.50, 3.50, 1.30, 0.20, 0.963827, 0.011680, 0.024493, Iris-setosa
4.90, 3.10, 1.50, 0.10, 0.983690, 0.005043, 0.011267, Iris-setosa
4.40, 3.00, 1.30, 0.20, 0.940571, 0.018951, 0.040478, Iris-setosa
5.10, 3.40, 1.50, 0.20, 0.998342, 0.000517, 0.001141, Iris-setosa
5.00, 3.50, 1.30, 0.30, 0.994361, 0.001806, 0.003833, Iris-setosa
4.50, 2.30, 1.30, 0.30, 0.852731, 0.046370, 0.100899, Iris-setosa
4.40, 3.20, 1.30, 0.20, 0.953073, 0.015063, 0.031864, Iris-setosa
5.00, 3.50, 1.60, 0.60, 0.978871, 0.006457, 0.014672, Iris-setosa
5.10, 3.80, 1.90, 0.40, 0.944176, 0.016934, 0.038890, Iris-setosa
4.80, 3.00, 1.40, 0.30, 0.973202, 0.008305, 0.018493, Iris-setosa
5.10, 3.80, 1.60, 0.20, 0.975756, 0.007695, 0.016550, Iris-setosa
4.60, 3.20, 1.40, 0.20, 0.974771, 0.007954, 0.017275, Iris-setosa
5.30, 3.70, 1.50, 0.20, 0.976396, 0.007523, 0.016081, Iris-setosa
5.00, 3.30, 1.40, 0.20, 0.997361, 0.000829, 0.001810, Iris-setosa
7.00, 3.20, 4.70, 1.40, 0.044601, 0.501099, 0.454300, Iris-versicolor
6.40, 3.20, 4.50, 1.50, 0.029174, 0.206739, 0.764086, Iris-versicolor
6.90, 3.10, 4.90, 1.50, 0.031288, 0.599916, 0.368796, Iris-versicolor
5.50, 2.30, 4.00, 1.30, 0.049539, 0.080475, 0.869986, Iris-versicolor
6.50, 2.80, 4.60, 1.50, 0.024132, 0.217081, 0.758787, Iris-versicolor
5.70, 2.80, 4.50, 1.30, 0.005753, 0.020470, 0.973777, Iris-versicolor
6.30, 3.30, 4.70, 1.60, 0.029804, 0.297126, 0.673070, Iris-versicolor
4.90, 2.40, 3.30, 1.00, 0.286363, 0.132122, 0.581516, Iris-versicolor
6.60, 2.90, 4.60, 1.30, 0.031263, 0.247671, 0.721066, Iris-versicolor
5.20, 2.70, 3.90, 1.40, 0.074981, 0.094720, 0.830300, Iris-versicolor
5.00, 2.00, 3.50, 1.00, 0.219415, 0.144916, 0.635670, Iris-versicolor
5.90, 3.00, 4.20, 1.50, 0.009197, 0.028733, 0.962070, Iris-versicolor
6.00, 2.20, 4.00, 1.00, 0.055836, 0.101134, 0.843031, Iris-versicolor
6.10, 2.90, 4.70, 1.40, 0.012121, 0.088177, 0.899702, Iris-versicolor
5.60, 2.90, 3.60, 1.30, 0.091883, 0.092192, 0.815924, Iris-versicolor
6.70, 3.10, 4.40, 1.40, 0.041748, 0.268334, 0.689918, Iris-versicolor
5.60, 3.00, 4.50, 1.50, 0.014173, 0.052676, 0.933151, Iris-versicolor
5.80, 2.70, 4.10, 1.00, 0.025975, 0.048393, 0.925632, Iris-versicolor
6.20, 2.20, 4.50, 1.50, 0.027210, 0.137423, 0.835367, Iris-versicolor
5.60, 2.50, 3.90, 1.10, 0.051754, 0.070798, 0.877448, Iris-versicolor
5.90, 3.20, 4.80, 1.80, 0.027629, 0.250685, 0.721686, Iris-versicolor
6.10, 2.80, 4.00, 1.30, 0.019537, 0.046239, 0.934224, Iris-versicolor
6.30, 2.50, 4.90, 1.50, 0.024007, 0.270537, 0.705457, Iris-versicolor
6.10, 2.80, 4.70, 1.20, 0.013949, 0.083285, 0.902766, Iris-versicolor
6.40, 2.90, 4.30, 1.30, 0.022931, 0.101143, 0.875926, Iris-versicolor
6.60, 3.00, 4.40, 1.40, 0.033969, 0.211210, 0.754822, Iris-versicolor
6.80, 2.80, 4.80, 1.40, 0.033642, 0.442656, 0.523701, Iris-versicolor
6.70, 3.00, 5.00, 1.70, 0.021202, 0.672433, 0.306365, Iris-versicolor
6.00, 2.90, 4.50, 1.50, 0.004936, 0.026149, 0.968915, Iris-versicolor
5.70, 2.60, 3.50, 1.00, 0.128803, 0.104636, 0.766562, Iris-versicolor
5.50, 2.40, 3.80, 1.10, 0.078118, 0.089902, 0.831979, Iris-versicolor
5.50, 2.40, 3.70, 1.00, 0.104211, 0.100737, 0.795052, Iris-versicolor
5.80, 2.70, 3.90, 1.20, 0.031082, 0.050331, 0.918586, Iris-versicolor
6.00, 2.70, 5.10, 1.60, 0.024000, 0.319661, 0.656339, Iris-versicolor
5.40, 3.00, 4.50, 1.50, 0.026423, 0.082462, 0.891115, Iris-versicolor
6.00, 3.40, 4.50, 1.60, 0.032148, 0.170651, 0.797202, Iris-versicolor
6.70, 3.10, 4.70, 1.50, 0.033475, 0.411049, 0.555476, Iris-versicolor
6.30, 2.30, 4.40, 1.30, 0.026930, 0.115472, 0.857598, Iris-versicolor
5.60, 3.00, 4.10, 1.30, 0.024144, 0.047004, 0.928852, Iris-versicolor
5.50, 2.50, 4.00, 1.30, 0.038318, 0.062414, 0.899269, Iris-versicolor
5.50, 2.60, 4.40, 1.20, 0.019691, 0.049256, 0.931053, Iris-versicolor
6.10, 3.00, 4.60, 1.40, 0.011621, 0.072664, 0.915715, Iris-versicolor
5.80, 2.60, 4.00, 1.20, 0.022597, 0.041818, 0.935585, Iris-versicolor
5.00, 2.30, 3.30, 1.00, 0.270117, 0.132559, 0.597324, Iris-versicolor
5.60, 2.70, 4.20, 1.30, 0.012725, 0.028472, 0.958803, Iris-versicolor
5.70, 3.00, 4.20, 1.20, 0.016818, 0.037689, 0.945493, Iris-versicolor
5.70, 2.90, 4.20, 1.30, 0.009602, 0.023030, 0.967368, Iris-versicolor
6.20, 2.90, 4.30, 1.30, 0.011418, 0.044698, 0.943884, Iris-versicolor
5.10, 2.50, 3.00, 1.10, 0.356779, 0.124264, 0.518957, Iris-versicolor
5.70, 2.80, 4.10, 1.30, 0.012731, 0.026764, 0.960505, Iris-versicolor
6.30, 3.30, 6.00, 2.50, 0.019365, 0.859884, 0.120751, Iris-virginica
5.80, 2.70, 5.10, 1.90, 0.029332, 0.355088, 0.615581, Iris-virginica
7.10, 3.00, 5.90, 2.10, 0.006079, 0.955764, 0.038156, Iris-virginica
6.30, 2.90, 5.60, 1.80, 0.012535, 0.845511, 0.141953, Iris-virginica
6.50, 3.00, 5.80, 2.20, 0.004757, 0.957599, 0.037644, Iris-virginica
7.60, 3.00, 6.60, 2.10, 0.035477, 0.811840, 0.152682, Iris-virginica
4.90, 2.50, 4.50, 1.70, 0.073141, 0.167048, 0.759811, Iris-virginica
7.30, 2.90, 6.30, 1.80, 0.021913, 0.862939, 0.115149, Iris-virginica
6.70, 2.50, 5.80, 1.80, 0.014009, 0.868640, 0.117351, Iris-virginica
7.20, 3.60, 6.10, 2.50, 0.024418, 0.860981, 0.114601, Iris-virginica
6.50, 3.20, 5.10, 2.00, 0.016771, 0.773329, 0.209900, Iris-virginica
6.40, 2.70, 5.30, 1.90, 0.015771, 0.761083, 0.223146, Iris-virginica
6.80, 3.00, 5.50, 2.10, 0.001167, 0.988817, 0.010016, Iris-virginica
5.70, 2.50, 5.00, 2.00, 0.034415, 0.305657, 0.659928, Iris-virginica
5.80, 2.80, 5.10, 2.40, 0.038404, 0.500609, 0.460987, Iris-virginica
6.40, 3.20, 5.30, 2.30, 0.014068, 0.849859, 0.136073, Iris-virginica
6.50, 3.00, 5.50, 1.80, 0.007166, 0.913215, 0.079619, Iris-virginica
7.70, 3.80, 6.70, 2.20, 0.050589, 0.763580, 0.185831, Iris-virginica
7.70, 2.60, 6.90, 2.30, 0.049214, 0.757526, 0.193260, Iris-virginica
6.00, 2.20, 5.00, 1.50, 0.032252, 0.257076, 0.710672, Iris-virginica
6.90, 3.20, 5.70, 2.30, 0.003829, 0.970469, 0.025702, Iris-virginica
5.60, 2.80, 4.90, 2.00, 0.033678, 0.259371, 0.706951, Iris-virginica
7.70, 2.80, 6.70, 2.00, 0.041996, 0.783168, 0.174836, Iris-virginica
6.30, 2.70, 4.90, 1.80, 0.022825, 0.381387, 0.595789, Iris-virginica
6.70, 3.30, 5.70, 2.10, 0.002915, 0.975341, 0.021745, Iris-virginica
7.20, 3.20, 6.00, 1.80, 0.012914, 0.911910, 0.075176, Iris-virginica
6.20, 2.80, 4.80, 1.80, 0.020997, 0.271185, 0.707818, Iris-virginica
6.10, 3.00, 4.90, 1.80, 0.023106, 0.329943, 0.646951, Iris-virginica
6.40, 2.80, 5.60, 2.10, 0.008364, 0.908630, 0.083006, Iris-virginica
7.20, 3.00, 5.80, 1.60, 0.014456, 0.890785, 0.094759, Iris-virginica
7.40, 2.80, 6.10, 1.90, 0.019801, 0.872743, 0.107457, Iris-virginica
7.90, 3.80, 6.40, 2.00, 0.050903, 0.760089, 0.189008, Iris-virginica
6.40, 2.80, 5.60, 2.20, 0.008963, 0.906191, 0.084846, Iris-virginica
6.30, 2.80, 5.10, 1.50, 0.023414, 0.436338, 0.540248, Iris-virginica
6.10, 2.60, 5.60, 1.40, 0.031225, 0.576041, 0.392734, Iris-virginica
7.70, 3.00, 6.10, 2.30, 0.028675, 0.839542, 0.131784, Iris-virginica
6.30, 3.40, 5.60, 2.40, 0.017230, 0.854063, 0.128707, Iris-virginica
6.40, 3.10, 5.50, 1.80, 0.009789, 0.880135, 0.110076, Iris-virginica
6.00, 3.00, 4.80, 1.80, 0.021737, 0.228319, 0.749944, Iris-virginica
6.90, 3.10, 5.40, 2.10, 0.003491, 0.967547, 0.028962, Iris-virginica
6.70, 3.10, 5.60, 2.40, 0.005080, 0.957240, 0.037681, Iris-virginica
6.90, 3.10, 5.10, 2.30, 0.015408, 0.855102, 0.129490, Iris-virginica
5.80, 2.70, 5.10, 1.90, 0.029332, 0.355088, 0.615581, Iris-virginica
6.80, 3.20, 5.90, 2.30, 0.005252, 0.961010, 0.033738, Iris-virginica
6.70, 3.30, 5.70, 2.50, 0.009704, 0.927110, 0.063186, Iris-virginica
6.70, 3.00, 5.20, 2.30, 0.011268, 0.882345, 0.106387, Iris-virginica
6.30, 2.50, 5.00, 1.90, 0.025831, 0.466638, 0.507532, Iris-virginica
6.50, 3.00, 5.20, 2.00, 0.012120, 0.831445, 0.156435, Iris-virginica
6.20, 3.40, 5.40, 2.30, 0.021586, 0.789369, 0.189045, Iris-virginica
5.90, 3.00, 5.10, 1.80, 0.026941, 0.391252, 0.581807, Iris-virginica
