% Title: Title
%
% Centers:
% 	5.889122 2.761207 4.364141 1.397388 
% 	6.775025 3.052403 5.646797 2.053563 
% 	5.003561 3.403039 1.484995 0.251538 
%

@RELATION

@ATTRIBUTE Attribute0 	 REAL
@ATTRIBUTE Attribute1 	 REAL
@ATTRIBUTE Attribute2 	 REAL
@ATTRIBUTE Attribute3 	 REAL
@ATTRIBUTE MU 	 FUZZY {Zhluk0, Zhluk1, Zhluk2}
@ATTRIBUTE class 	 {Iris-setosa, Iris-versicolor, Iris-virginica}

@DATA
5.10, 3.50, 1.40, 0.20, 0.002501, 0.001163, 0.996336, Iris-setosa
4.90, 3.00, 1.40, 0.20, 0.015889, 0.007156, 0.976954, Iris-setosa
4.70, 3.20, 1.30, 0.20, 0.013429, 0.006261, 0.980310, Iris-setosa
4.60, 3.10, 1.50, 0.20, 0.021853, 0.009834, 0.968313, Iris-setosa
5.00, 3.60, 1.40, 0.20, 0.004131, 0.001942, 0.993927, Iris-setosa
5.40, 3.90, 1.70, 0.40, 0.045785, 0.021072, 0.933144, Iris-setosa
4.60, 3.40, 1.40, 0.30, 0.014006, 0.006506, 0.979488, Iris-setosa
5.00, 3.40, 1.50, 0.20, 0.000268, 0.000121, 0.999611, Iris-setosa
4.40, 2.90, 1.40, 0.20, 0.046908, 0.021533, 0.931559, Iris-setosa
4.90, 3.10, 1.50, 0.10, 0.011267, 0.005043, 0.983691, Iris-setosa
5.40, 3.70, 1.50, 0.20, 0.022319, 0.010466, 0.967215, Iris-setosa
4.80, 3.40, 1.60, 0.20, 0.005332, 0.002387, 0.992281, Iris-setosa
4.80, 3.00, 1.40, 0.10, 0.019421, 0.008832, 0.971748, Iris-setosa
4.30, 3.00, 1.10, 0.10, 0.051302, 0.024999, 0.923699, Iris-setosa
5.80, 4.00, 1.20, 0.20, 0.073503, 0.038097, 0.888399, Iris-setosa
5.70, 4.40, 1.50, 0.40, 0.105707, 0.055016, 0.839276, Iris-setosa
5.40, 3.90, 1.30, 0.40, 0.036521, 0.017960, 0.945518, Iris-setosa
5.10, 3.50, 1.40, 0.30, 0.002524, 0.001168, 0.996307, Iris-setosa
5.70, 3.80, 1.70, 0.30, 0.066287, 0.030648, 0.903065, Iris-setosa
5.10, 3.80, 1.50, 0.30, 0.014919, 0.007012, 0.978069, Iris-setosa
5.40, 3.40, 1.70, 0.20, 0.021749, 0.009495, 0.968756, Iris-setosa
5.10, 3.70, 1.50, 0.40, 0.011010, 0.005089, 0.983902, Iris-setosa
4.60, 3.60, 1.00, 0.20, 0.027859, 0.014010, 0.958130, Iris-setosa
5.10, 3.30, 1.70, 0.50, 0.014213, 0.006007, 0.979780, Iris-setosa
4.80, 3.40, 1.90, 0.20, 0.022996, 0.009735, 0.967269, Iris-setosa
5.00, 3.00, 1.60, 0.20, 0.017524, 0.007571, 0.974905, Iris-setosa
5.00, 3.40, 1.60, 0.40, 0.003570, 0.001569, 0.994861, Iris-setosa
5.20, 3.50, 1.50, 0.20, 0.004740, 0.002167, 0.993093, Iris-setosa
5.20, 3.40, 1.40, 0.20, 0.004339, 0.002001, 0.993660, Iris-setosa
4.70, 3.20, 1.60, 0.20, 0.013699, 0.006061, 0.980240, Iris-setosa
4.80, 3.10, 1.60, 0.20, 0.014086, 0.006162, 0.979752, Iris-setosa
5.40, 3.40, 1.50, 0.40, 0.017758, 0.007968, 0.974274, Iris-setosa
5.20, 4.10, 1.50, 0.10, 0.042210, 0.020862, 0.936928, Iris-setosa
5.50, 4.20, 1.40, 0.20, 0.064662, 0.032952, 0.902386, Iris-setosa
4.90, 3.10, 1.50, 0.10, 0.011267, 0.005043, 0.983691, Iris-setosa
5.00, 3.20, 1.20, 0.20, 0.009920, 0.004673, 0.985406, Iris-setosa
5.50, 3.50, 1.30, 0.20, 0.024493, 0.011680, 0.963827, Iris-setosa
4.90, 3.10, 1.50, 0.10, 0.011267, 0.005043, 0.983691, Iris-setosa
4.40, 3.00, 1.30, 0.20, 0.040477, 0.018951, 0.940572, Iris-setosa
5.10, 3.40, 1.50, 0.20, 0.001141, 0.000517, 0.998342, Iris-setosa
5.00, 3.50, 1.30, 0.30, 0.003833, 0.001806, 0.994361, Iris-setosa
4.50, 2.30, 1.30, 0.30, 0.100898, 0.046370, 0.852732, Iris-setosa
4.40, 3.20, 1.30, 0.20, 0.031864, 0.015063, 0.953073, Iris-setosa
5.00, 3.50, 1.60, 0.60, 0.014671, 0.006457, 0.978872, Iris-setosa
5.10, 3.80, 1.90, 0.40, 0.038889, 0.016934, 0.944177, Iris-setosa
4.80, 3.00, 1.40, 0.30, 0.018493, 0.008305, 0.973202, Iris-setosa
5.10, 3.80, 1.60, 0.20, 0.016549, 0.007695, 0.975756, Iris-setosa
4.60, 3.20, 1.40, 0.20, 0.017275, 0.007954, 0.974772, Iris-setosa
5.30, 3.70, 1.50, 0.20, 0.016081, 0.007523, 0.976397, Iris-setosa
5.00, 3.30, 1.40, 0.20, 0.001810, 0.000829, 0.997361, Iris-setosa
7.00, 3.20, 4.70, 1.40, 0.454313, 0.501086, 0.044601, Iris-versicolor
6.40, 3.20, 4.50, 1.50, 0.764100, 0.206727, 0.029173, Iris-versicolor
6.90, 3.10, 4.90, 1.50, 0.368811, 0.599901, 0.031288, Iris-versicolor
5.50, 2.30, 4.00, 1.30, 0.869981, 0.080477, 0.049541, Iris-versicolor
6.50, 2.80, 4.60, 1.50, 0.758804, 0.217065, 0.024131, Iris-versicolor
5.70, 2.80, 4.50, 1.30, 0.973777, 0.020470, 0.005753, Iris-versicolor
6.30, 3.30, 4.70, 1.60, 0.673089, 0.297108, 0.029803, Iris-versicolor
4.90, 2.40, 3.30, 1.00, 0.581509, 0.132122, 0.286368, Iris-versicolor
6.60, 2.90, 4.60, 1.30, 0.721080, 0.247657, 0.031263, Iris-versicolor
5.20, 2.70, 3.90, 1.40, 0.830294, 0.094722, 0.074984, Iris-versicolor
5.00, 2.00, 3.50, 1.00, 0.635664, 0.144917, 0.219419, Iris-versicolor
5.90, 3.00, 4.20, 1.50, 0.962070, 0.028733, 0.009197, Iris-versicolor
6.00, 2.20, 4.00, 1.00, 0.843027, 0.101135, 0.055838, Iris-versicolor
6.10, 2.90, 4.70, 1.40, 0.899715, 0.088166, 0.012120, Iris-versicolor
5.60, 2.90, 3.60, 1.30, 0.815918, 0.092194, 0.091887, Iris-versicolor
6.70, 3.10, 4.40, 1.40, 0.689930, 0.268323, 0.041748, Iris-versicolor
5.60, 3.00, 4.50, 1.50, 0.933153, 0.052674, 0.014173, Iris-versicolor
5.80, 2.70, 4.10, 1.00, 0.925627, 0.048396, 0.025977, Iris-versicolor
6.20, 2.20, 4.50, 1.50, 0.835373, 0.137417, 0.027209, Iris-versicolor
5.60, 2.50, 3.90, 1.10, 0.877442, 0.070801, 0.051757, Iris-versicolor
5.90, 3.20, 4.80, 1.80, 0.721703, 0.250669, 0.027628, Iris-versicolor
6.10, 2.80, 4.00, 1.30, 0.934222, 0.046240, 0.019538, Iris-versicolor
6.30, 2.50, 4.90, 1.50, 0.705475, 0.270519, 0.024006, Iris-versicolor
6.10, 2.80, 4.70, 1.20, 0.902775, 0.083277, 0.013948, Iris-versicolor
6.40, 2.90, 4.30, 1.30, 0.875932, 0.101138, 0.022930, Iris-versicolor
6.60, 3.00, 4.40, 1.40, 0.754833, 0.211199, 0.033968, Iris-versicolor
6.80, 2.80, 4.80, 1.40, 0.523718, 0.442639, 0.033642, Iris-versicolor
6.70, 3.00, 5.00, 1.70, 0.306386, 0.672412, 0.021203, Iris-versicolor
6.00, 2.90, 4.50, 1.50, 0.968921, 0.026144, 0.004935, Iris-versicolor
5.70, 2.60, 3.50, 1.00, 0.766555, 0.104637, 0.128807, Iris-versicolor
5.50, 2.40, 3.80, 1.10, 0.831973, 0.089905, 0.078122, Iris-versicolor
5.50, 2.40, 3.70, 1.00, 0.795046, 0.100739, 0.104215, Iris-versicolor
5.80, 2.70, 3.90, 1.20, 0.918581, 0.050334, 0.031085, Iris-versicolor
6.00, 2.70, 5.10, 1.60, 0.656360, 0.319641, 0.023999, Iris-versicolor
5.40, 3.00, 4.50, 1.50, 0.891116, 0.082461, 0.026423, Iris-versicolor
6.00, 3.40, 4.50, 1.60, 0.797211, 0.170642, 0.032147, Iris-versicolor
6.70, 3.10, 4.70, 1.50, 0.555495, 0.411031, 0.033475, Iris-versicolor
6.30, 2.30, 4.40, 1.30, 0.857603, 0.115468, 0.026929, Iris-versicolor
5.60, 3.00, 4.10, 1.30, 0.928848, 0.047006, 0.024146, Iris-versicolor
5.50, 2.50, 4.00, 1.30, 0.899263, 0.062417, 0.038320, Iris-versicolor
5.50, 2.60, 4.40, 1.20, 0.931050, 0.049258, 0.019693, Iris-versicolor
6.10, 3.00, 4.60, 1.40, 0.915725, 0.072655, 0.011620, Iris-versicolor
5.80, 2.60, 4.00, 1.20, 0.935580, 0.041821, 0.022599, Iris-versicolor
5.00, 2.30, 3.30, 1.00, 0.597317, 0.132560, 0.270123, Iris-versicolor
5.60, 2.70, 4.20, 1.30, 0.958799, 0.028475, 0.012726, Iris-versicolor
5.70, 3.00, 4.20, 1.20, 0.945490, 0.037690, 0.016820, Iris-versicolor
5.70, 2.90, 4.20, 1.30, 0.967364, 0.023032, 0.009604, Iris-versicolor
6.20, 2.90, 4.30, 1.30, 0.943888, 0.044695, 0.011417, Iris-versicolor
5.10, 2.50, 3.00, 1.10, 0.518950, 0.124264, 0.356785, Iris-versicolor
5.70, 2.80, 4.10, 1.30, 0.960500, 0.026767, 0.012733, Iris-versicolor
6.30, 3.30, 6.00, 2.50, 0.120752, 0.859883, 0.019365, Iris-virginica
5.80, 2.70, 5.10, 1.90, 0.615599, 0.355070, 0.029331, Iris-virginica
7.10, 3.00, 5.90, 2.10, 0.038153, 0.955768, 0.006079, Iris-virginica
6.30, 2.90, 5.60, 1.80, 0.141965, 0.845499, 0.012536, Iris-virginica
6.50, 3.00, 5.80, 2.20, 0.037645, 0.957597, 0.004757, Iris-virginica
7.60, 3.00, 6.60, 2.10, 0.152680, 0.811844, 0.035476, Iris-virginica
4.90, 2.50, 4.50, 1.70, 0.759811, 0.167047, 0.073142, Iris-virginica
7.30, 2.90, 6.30, 1.80, 0.115146, 0.862942, 0.021912, Iris-virginica
6.70, 2.50, 5.80, 1.80, 0.117355, 0.868636, 0.014009, Iris-virginica
7.20, 3.60, 6.10, 2.50, 0.114598, 0.860984, 0.024417, Iris-virginica
6.50, 3.20, 5.10, 2.00, 0.209918, 0.773311, 0.016771, Iris-virginica
6.40, 2.70, 5.30, 1.90, 0.223165, 0.761063, 0.015772, Iris-virginica
6.80, 3.00, 5.50, 2.10, 0.010018, 0.988815, 0.001167, Iris-virginica
5.70, 2.50, 5.00, 2.00, 0.659941, 0.305644, 0.034415, Iris-virginica
5.80, 2.80, 5.10, 2.40, 0.461001, 0.500595, 0.038404, Iris-virginica
6.40, 3.20, 5.30, 2.30, 0.136083, 0.849848, 0.014068, Iris-virginica
6.50, 3.00, 5.50, 1.80, 0.079629, 0.913204, 0.007166, Iris-virginica
7.70, 3.80, 6.70, 2.20, 0.185829, 0.763584, 0.050588, Iris-virginica
7.70, 2.60, 6.90, 2.30, 0.193258, 0.757529, 0.049213, Iris-virginica
6.00, 2.20, 5.00, 1.50, 0.710684, 0.257064, 0.032252, Iris-virginica
6.90, 3.20, 5.70, 2.30, 0.025700, 0.970471, 0.003829, Iris-virginica
5.60, 2.80, 4.90, 2.00, 0.706963, 0.259359, 0.033678, Iris-virginica
7.70, 2.80, 6.70, 2.00, 0.174834, 0.783171, 0.041995, Iris-virginica
6.30, 2.70, 4.90, 1.80, 0.595814, 0.381362, 0.022825, Iris-virginica
6.70, 3.30, 5.70, 2.10, 0.021745, 0.975341, 0.002914, Iris-virginica
7.20, 3.20, 6.00, 1.80, 0.075173, 0.911914, 0.012913, Iris-virginica
6.20, 2.80, 4.80, 1.80, 0.707841, 0.271163, 0.020996, Iris-virginica
6.10, 3.00, 4.90, 1.80, 0.646975, 0.329920, 0.023105, Iris-virginica
6.40, 2.80, 5.60, 2.10, 0.083013, 0.908622, 0.008365, Iris-virginica
7.20, 3.00, 5.80, 1.60, 0.094759, 0.890786, 0.014455, Iris-virginica
7.40, 2.80, 6.10, 1.90, 0.107454, 0.872746, 0.019800, Iris-virginica
7.90, 3.80, 6.40, 2.00, 0.189006, 0.760092, 0.050902, Iris-virginica
6.40, 2.80, 5.60, 2.20, 0.084852, 0.906184, 0.008964, Iris-virginica
6.30, 2.80, 5.10, 1.50, 0.540273, 0.436314, 0.023414, Iris-virginica
6.10, 2.60, 5.60, 1.40, 0.392748, 0.576026, 0.031225, Iris-virginica
7.70, 3.00, 6.10, 2.30, 0.131781, 0.839545, 0.028674, Iris-virginica
6.30, 3.40, 5.60, 2.40, 0.128711, 0.854059, 0.017230, Iris-virginica
6.40, 3.10, 5.50, 1.80, 0.110087, 0.880123, 0.009789, Iris-virginica
6.00, 3.00, 4.80, 1.80, 0.749963, 0.228300, 0.021736, Iris-virginica
6.90, 3.10, 5.40, 2.10, 0.028964, 0.967545, 0.003491, Iris-virginica
6.70, 3.10, 5.60, 2.40, 0.037681, 0.957239, 0.005080, Iris-virginica
6.90, 3.10, 5.10, 2.30, 0.129497, 0.855095, 0.015408, Iris-virginica
5.80, 2.70, 5.10, 1.90, 0.615599, 0.355070, 0.029331, Iris-virginica
6.80, 3.20, 5.90, 2.30, 0.033736, 0.961013, 0.005251, Iris-virginica
6.70, 3.30, 5.70, 2.50, 0.063186, 0.927111, 0.009704, Iris-virginica
6.70, 3.00, 5.20, 2.30, 0.106395, 0.882336, 0.011269, Iris-virginica
6.30, 2.50, 5.00, 1.90, 0.507554, 0.466616, 0.025831, Iris-virginica
6.50, 3.00, 5.20, 2.00, 0.156452, 0.831427, 0.012121, Iris-virginica
6.20, 3.40, 5.40, 2.30, 0.189054, 0.789359, 0.021586, Iris-virginica
5.90, 3.00, 5.10, 1.80, 0.581829, 0.391231, 0.026940, Iris-virginica
