% Title: Title
%
% Centers:
% 	6.774996 3.052395 5.646762 2.053550 
% 	5.003561 3.403041 1.484993 0.251537 
% 	5.889099 2.761199 4.364107 1.397370 
%

@RELATION

@ATTRIBUTE Attribute0 	 REAL
@ATTRIBUTE Attribute1 	 REAL
@ATTRIBUTE Attribute2 	 REAL
@ATTRIBUTE Attribute3 	 REAL
@ATTRIBUTE MU 	 FUZZY {Zhluk0, Zhluk1, Zhluk2}
@ATTRIBUTE class 	 {Iris-setosa, Iris-versicolor, Iris-virginica}

@DATA
5.10, 3.50, 1.40, 0.20, 0.001163, 0.996336, 0.002501, Iris-setosa
4.90, 3.00, 1.40, 0.20, 0.007157, 0.976954, 0.015890, Iris-setosa
4.70, 3.20, 1.30, 0.20, 0.006261, 0.980310, 0.013429, Iris-setosa
4.60, 3.10, 1.50, 0.20, 0.009834, 0.968312, 0.021854, Iris-setosa
5.00, 3.60, 1.40, 0.20, 0.001942, 0.993927, 0.004131, Iris-setosa
5.40, 3.90, 1.70, 0.40, 0.021072, 0.933142, 0.045786, Iris-setosa
4.60, 3.40, 1.40, 0.30, 0.006506, 0.979487, 0.014006, Iris-setosa
5.00, 3.40, 1.50, 0.20, 0.000121, 0.999611, 0.000268, Iris-setosa
4.40, 2.90, 1.40, 0.20, 0.021534, 0.931556, 0.046910, Iris-setosa
4.90, 3.10, 1.50, 0.10, 0.005043, 0.983690, 0.011267, Iris-setosa
5.40, 3.70, 1.50, 0.20, 0.010466, 0.967214, 0.022320, Iris-setosa
4.80, 3.40, 1.60, 0.20, 0.002387, 0.992280, 0.005333, Iris-setosa
4.80, 3.00, 1.40, 0.10, 0.008832, 0.971747, 0.019421, Iris-setosa
4.30, 3.00, 1.10, 0.10, 0.024999, 0.923697, 0.051303, Iris-setosa
5.80, 4.00, 1.20, 0.20, 0.038098, 0.888397, 0.073505, Iris-setosa
5.70, 4.40, 1.50, 0.40, 0.055017, 0.839273, 0.105710, Iris-setosa
5.40, 3.90, 1.30, 0.40, 0.017961, 0.945517, 0.036522, Iris-setosa
5.10, 3.50, 1.40, 0.30, 0.001168, 0.996307, 0.002525, Iris-setosa
5.70, 3.80, 1.70, 0.30, 0.030649, 0.903062, 0.066289, Iris-setosa
5.10, 3.80, 1.50, 0.30, 0.007012, 0.978068, 0.014919, Iris-setosa
5.40, 3.40, 1.70, 0.20, 0.009495, 0.968755, 0.021750, Iris-setosa
5.10, 3.70, 1.50, 0.40, 0.005089, 0.983901, 0.011010, Iris-setosa
4.60, 3.60, 1.00, 0.20, 0.014011, 0.958129, 0.027860, Iris-setosa
5.10, 3.30, 1.70, 0.50, 0.006008, 0.979779, 0.014214, Iris-setosa
4.80, 3.40, 1.90, 0.20, 0.009735, 0.967267, 0.022997, Iris-setosa
5.00, 3.00, 1.60, 0.20, 0.007571, 0.974904, 0.017525, Iris-setosa
5.00, 3.40, 1.60, 0.40, 0.001569, 0.994861, 0.003571, Iris-setosa
5.20, 3.50, 1.50, 0.20, 0.002167, 0.993092, 0.004740, Iris-setosa
5.20, 3.40, 1.40, 0.20, 0.002001, 0.993660, 0.004339, Iris-setosa
4.70, 3.20, 1.60, 0.20, 0.006061, 0.980239, 0.013700, Iris-setosa
4.80, 3.10, 1.60, 0.20, 0.006162, 0.979751, 0.014086, Iris-setosa
5.40, 3.40, 1.50, 0.40, 0.007968, 0.974273, 0.017758, Iris-setosa
5.20, 4.10, 1.50, 0.10, 0.020863, 0.936926, 0.042211, Iris-setosa
5.50, 4.20, 1.40, 0.20, 0.032953, 0.902384, 0.064663, Iris-setosa
4.90, 3.10, 1.50, 0.10, 0.005043, 0.983690, 0.011267, Iris-setosa
5.00, 3.20, 1.20, 0.20, 0.004673, 0.985406, 0.009920, Iris-setosa
5.50, 3.50, 1.30, 0.20, 0.011680, 0.963826, 0.024493, Iris-setosa
4.90, 3.10, 1.50, 0.10, 0.005043, 0.983690, 0.011267, Iris-setosa
4.40, 3.00, 1.30, 0.20, 0.018951, 0.940570, 0.040478, Iris-setosa
5.10, 3.40, 1.50, 0.20, 0.000517, 0.998342, 0.001141, Iris-setosa
5.00, 3.50, 1.30, 0.30, 0.001806, 0.994361, 0.003833, Iris-setosa
4.50, 2.30, 1.30, 0.30, 0.046371, 0.852728, 0.100901, Iris-setosa
4.40, 3.20, 1.30, 0.20, 0.015063, 0.953072, 0.031865, Iris-setosa
5.00, 3.50, 1.60, 0.60, 0.006457, 0.978871, 0.014672, Iris-setosa
5.10, 3.80, 1.90, 0.40, 0.016934, 0.944175, 0.038891, Iris-setosa
4.80, 3.00, 1.40, 0.30, 0.008305, 0.973201, 0.018494, Iris-setosa
5.10, 3.80, 1.60, 0.20, 0.007695, 0.975755, 0.016550, Iris-setosa
4.60, 3.20, 1.40, 0.20, 0.007954, 0.974771, 0.017275, Iris-setosa
5.30, 3.70, 1.50, 0.20, 0.007523, 0.976396, 0.016081, Iris-setosa
5.00, 3.30, 1.40, 0.20, 0.000829, 0.997361, 0.001810, Iris-setosa
7.00, 3.20, 4.70, 1.40, 0.501125, 0.044600, 0.454275, Iris-versicolor
6.40, 3.20, 4.50, 1.50, 0.206765, 0.029176, 0.764059, Iris-versicolor
6.90, 3.10, 4.90, 1.50, 0.599948, 0.031287, 0.368765, Iris-versicolor
5.50, 2.30, 4.00, 1.30, 0.080470, 0.049534, 0.869996, Iris-versicolor
6.50, 2.80, 4.60, 1.50, 0.217112, 0.024134, 0.758755, Iris-versicolor
5.70, 2.80, 4.50, 1.30, 0.020471, 0.005752, 0.973777, Iris-versicolor
6.30, 3.30, 4.70, 1.60, 0.297161, 0.029805, 0.673034, Iris-versicolor
4.90, 2.40, 3.30, 1.00, 0.132121, 0.286351, 0.581528, Iris-versicolor
6.60, 2.90, 4.60, 1.30, 0.247698, 0.031265, 0.721038, Iris-versicolor
5.20, 2.70, 3.90, 1.40, 0.094716, 0.074974, 0.830310, Iris-versicolor
5.00, 2.00, 3.50, 1.00, 0.144914, 0.219405, 0.635680, Iris-versicolor
5.90, 3.00, 4.20, 1.50, 0.028734, 0.009197, 0.962069, Iris-versicolor
6.00, 2.20, 4.00, 1.00, 0.101131, 0.055832, 0.843037, Iris-versicolor
6.10, 2.90, 4.70, 1.40, 0.088199, 0.012123, 0.899678, Iris-versicolor
5.60, 2.90, 3.60, 1.30, 0.092188, 0.091875, 0.815936, Iris-versicolor
6.70, 3.10, 4.40, 1.40, 0.268357, 0.041749, 0.689894, Iris-versicolor
5.60, 3.00, 4.50, 1.50, 0.052679, 0.014173, 0.933147, Iris-versicolor
5.80, 2.70, 4.10, 1.00, 0.048388, 0.025971, 0.925641, Iris-versicolor
6.20, 2.20, 4.50, 1.50, 0.137434, 0.027210, 0.835355, Iris-versicolor
5.60, 2.50, 3.90, 1.10, 0.070792, 0.051748, 0.877460, Iris-versicolor
5.90, 3.20, 4.80, 1.80, 0.250716, 0.027630, 0.721653, Iris-versicolor
6.10, 2.80, 4.00, 1.30, 0.046237, 0.019536, 0.934228, Iris-versicolor
6.30, 2.50, 4.90, 1.50, 0.270572, 0.024008, 0.705420, Iris-versicolor
6.10, 2.80, 4.70, 1.20, 0.083300, 0.013950, 0.902749, Iris-versicolor
6.40, 2.90, 4.30, 1.30, 0.101154, 0.022932, 0.875914, Iris-versicolor
6.60, 3.00, 4.40, 1.40, 0.211231, 0.033970, 0.754799, Iris-versicolor
6.80, 2.80, 4.80, 1.40, 0.442690, 0.033643, 0.523667, Iris-versicolor
6.70, 3.00, 5.00, 1.70, 0.672474, 0.021201, 0.306325, Iris-versicolor
6.00, 2.90, 4.50, 1.50, 0.026160, 0.004937, 0.968903, Iris-versicolor
5.70, 2.60, 3.50, 1.00, 0.104632, 0.128793, 0.766575, Iris-versicolor
5.50, 2.40, 3.80, 1.10, 0.089897, 0.078111, 0.831992, Iris-versicolor
5.50, 2.40, 3.70, 1.00, 0.100732, 0.104202, 0.795065, Iris-versicolor
5.80, 2.70, 3.90, 1.20, 0.050326, 0.031077, 0.918597, Iris-versicolor
6.00, 2.70, 5.10, 1.60, 0.319702, 0.024001, 0.656297, Iris-versicolor
5.40, 3.00, 4.50, 1.50, 0.082465, 0.026422, 0.891113, Iris-versicolor
6.00, 3.40, 4.50, 1.60, 0.170669, 0.032149, 0.797182, Iris-versicolor
6.70, 3.10, 4.70, 1.50, 0.411085, 0.033475, 0.555440, Iris-versicolor
6.30, 2.30, 4.40, 1.30, 0.115480, 0.026930, 0.857590, Iris-versicolor
5.60, 3.00, 4.10, 1.30, 0.047000, 0.024141, 0.928859, Iris-versicolor
5.50, 2.50, 4.00, 1.30, 0.062408, 0.038313, 0.899279, Iris-versicolor
5.50, 2.60, 4.40, 1.20, 0.049253, 0.019689, 0.931058, Iris-versicolor
6.10, 3.00, 4.60, 1.40, 0.072682, 0.011623, 0.915695, Iris-versicolor
5.80, 2.60, 4.00, 1.20, 0.041812, 0.022593, 0.935595, Iris-versicolor
5.00, 2.30, 3.30, 1.00, 0.132558, 0.270106, 0.597336, Iris-versicolor
5.60, 2.70, 4.20, 1.30, 0.028467, 0.012722, 0.958812, Iris-versicolor
5.70, 3.00, 4.20, 1.20, 0.037685, 0.016816, 0.945499, Iris-versicolor
5.70, 2.90, 4.20, 1.30, 0.023026, 0.009600, 0.967374, Iris-versicolor
6.20, 2.90, 4.30, 1.30, 0.044703, 0.011418, 0.943878, Iris-versicolor
5.10, 2.50, 3.00, 1.10, 0.124264, 0.356767, 0.518969, Iris-versicolor
5.70, 2.80, 4.10, 1.30, 0.026759, 0.012728, 0.960513, Iris-versicolor
6.30, 3.30, 6.00, 2.50, 0.859885, 0.019366, 0.120749, Iris-virginica
5.80, 2.70, 5.10, 1.90, 0.355123, 0.029332, 0.615545, Iris-virginica
7.10, 3.00, 5.90, 2.10, 0.955757, 0.006081, 0.038163, Iris-virginica
6.30, 2.90, 5.60, 1.80, 0.845536, 0.012534, 0.141930, Iris-virginica
6.50, 3.00, 5.80, 2.20, 0.957601, 0.004757, 0.037641, Iris-virginica
7.60, 3.00, 6.60, 2.10, 0.811833, 0.035480, 0.152687, Iris-virginica
4.90, 2.50, 4.50, 1.70, 0.167050, 0.073139, 0.759811, Iris-virginica
7.30, 2.90, 6.30, 1.80, 0.862932, 0.021914, 0.115153, Iris-virginica
6.70, 2.50, 5.80, 1.80, 0.868648, 0.014009, 0.117343, Iris-virginica
7.20, 3.60, 6.10, 2.50, 0.860974, 0.024420, 0.114606, Iris-virginica
6.50, 3.20, 5.10, 2.00, 0.773366, 0.016769, 0.209865, Iris-virginica
6.40, 2.70, 5.30, 1.90, 0.761121, 0.015770, 0.223109, Iris-virginica
6.80, 3.00, 5.50, 2.10, 0.988821, 0.001167, 0.010013, Iris-virginica
5.70, 2.50, 5.00, 2.00, 0.305683, 0.034416, 0.659901, Iris-virginica
5.80, 2.80, 5.10, 2.40, 0.500638, 0.038403, 0.460959, Iris-virginica
6.40, 3.20, 5.30, 2.30, 0.849880, 0.014067, 0.136053, Iris-virginica
6.50, 3.00, 5.50, 1.80, 0.913237, 0.007164, 0.079599, Iris-virginica
7.70, 3.80, 6.70, 2.20, 0.763574, 0.050592, 0.185835, Iris-virginica
7.70, 2.60, 6.90, 2.30, 0.757521, 0.049216, 0.193263, Iris-virginica
6.00, 2.20, 5.00, 1.50, 0.257098, 0.032253, 0.710649, Iris-virginica
6.90, 3.20, 5.70, 2.30, 0.970464, 0.003830, 0.025706, Iris-virginica
5.60, 2.80, 4.90, 2.00, 0.259395, 0.033679, 0.706926, Iris-virginica
7.70, 2.80, 6.70, 2.00, 0.783162, 0.041998, 0.174840, Iris-virginica
6.30, 2.70, 4.90, 1.80, 0.381436, 0.022826, 0.595739, Iris-virginica
6.70, 3.30, 5.70, 2.10, 0.975340, 0.002915, 0.021745, Iris-virginica
7.20, 3.20, 6.00, 1.80, 0.911904, 0.012915, 0.075181, Iris-virginica
6.20, 2.80, 4.80, 1.80, 0.271229, 0.020998, 0.707773, Iris-virginica
6.10, 3.00, 4.90, 1.80, 0.329990, 0.023107, 0.646903, Iris-virginica
6.40, 2.80, 5.60, 2.10, 0.908646, 0.008363, 0.082991, Iris-virginica
7.20, 3.00, 5.80, 1.60, 0.890783, 0.014457, 0.094760, Iris-virginica
7.40, 2.80, 6.10, 1.90, 0.872736, 0.019802, 0.107461, Iris-virginica
7.90, 3.80, 6.40, 2.00, 0.760083, 0.050906, 0.189011, Iris-virginica
6.40, 2.80, 5.60, 2.20, 0.906205, 0.008962, 0.084833, Iris-virginica
6.30, 2.80, 5.10, 1.50, 0.436387, 0.023414, 0.540199, Iris-virginica
6.10, 2.60, 5.60, 1.40, 0.576070, 0.031224, 0.392706, Iris-virginica
7.70, 3.00, 6.10, 2.30, 0.839534, 0.028677, 0.131789, Iris-virginica
6.30, 3.40, 5.60, 2.40, 0.854073, 0.017230, 0.128697, Iris-virginica
6.40, 3.10, 5.50, 1.80, 0.880160, 0.009787, 0.110053, Iris-virginica
6.00, 3.00, 4.80, 1.80, 0.228356, 0.021739, 0.749905, Iris-virginica
6.90, 3.10, 5.40, 2.10, 0.967552, 0.003490, 0.028957, Iris-virginica
6.70, 3.10, 5.60, 2.40, 0.957241, 0.005080, 0.037680, Iris-virginica
6.90, 3.10, 5.10, 2.30, 0.855116, 0.015407, 0.129476, Iris-virginica
5.80, 2.70, 5.10, 1.90, 0.355123, 0.029332, 0.615545, Iris-virginica
6.80, 3.20, 5.90, 2.30, 0.961004, 0.005253, 0.033743, Iris-virginica
6.70, 3.30, 5.70, 2.50, 0.927109, 0.009704, 0.063187, Iris-virginica
6.70, 3.00, 5.20, 2.30, 0.882363, 0.011267, 0.106370, Iris-virginica
6.30, 2.50, 5.00, 1.90, 0.466681, 0.025831, 0.507488, Iris-virginica
6.50, 3.00, 5.20, 2.00, 0.831480, 0.012119, 0.156401, Iris-virginica
6.20, 3.40, 5.40, 2.30, 0.789389, 0.021585, 0.189027, Iris-virginica
5.90, 3.00, 5.10, 1.80, 0.391294, 0.026941, 0.581765, Iris-virginica
