% Title: Title
%
% Centers:
% 	6.775021 3.052403 5.646793 2.053562 
% 	5.003561 3.403040 1.484995 0.251538 
% 	5.889119 2.761206 4.364137 1.397386 
%

@RELATION

@ATTRIBUTE Attribute0 	 REAL
@ATTRIBUTE Attribute1 	 REAL
@ATTRIBUTE Attribute2 	 REAL
@ATTRIBUTE Attribute3 	 REAL
@ATTRIBUTE MU 	 FUZZY {Zhluk0, Zhluk1, Zhluk2}
@ATTRIBUTE class 	 {Iris-setosa, Iris-versicolor, Iris-virginica}

@DATA
5.10, 3.50, 1.40, 0.20, 0.001163, 0.996336, 0.002501, Iris-setosa
4.90, 3.00, 1.40, 0.20, 0.007156, 0.976954, 0.015889, Iris-setosa
4.70, 3.20, 1.30, 0.20, 0.006261, 0.980310, 0.013429, Iris-setosa
4.60, 3.10, 1.50, 0.20, 0.009834, 0.968313, 0.021853, Iris-setosa
5.00, 3.60, 1.40, 0.20, 0.001942, 0.993927, 0.004131, Iris-setosa
5.40, 3.90, 1.70, 0.40, 0.021072, 0.933143, 0.045785, Iris-setosa
4.60, 3.40, 1.40, 0.30, 0.006506, 0.979488, 0.014006, Iris-setosa
5.00, 3.40, 1.50, 0.20, 0.000121, 0.999611, 0.000268, Iris-setosa
4.40, 2.90, 1.40, 0.20, 0.021533, 0.931558, 0.046908, Iris-setosa
4.90, 3.10, 1.50, 0.10, 0.005043, 0.983691, 0.011267, Iris-setosa
5.40, 3.70, 1.50, 0.20, 0.010466, 0.967215, 0.022319, Iris-setosa
4.80, 3.40, 1.60, 0.20, 0.002387, 0.992281, 0.005333, Iris-setosa
4.80, 3.00, 1.40, 0.10, 0.008832, 0.971748, 0.019421, Iris-setosa
4.30, 3.00, 1.10, 0.10, 0.024999, 0.923699, 0.051302, Iris-setosa
5.80, 4.00, 1.20, 0.20, 0.038098, 0.888399, 0.073503, Iris-setosa
5.70, 4.40, 1.50, 0.40, 0.055016, 0.839276, 0.105708, Iris-setosa
5.40, 3.90, 1.30, 0.40, 0.017960, 0.945518, 0.036521, Iris-setosa
5.10, 3.50, 1.40, 0.30, 0.001168, 0.996307, 0.002524, Iris-setosa
5.70, 3.80, 1.70, 0.30, 0.030648, 0.903065, 0.066287, Iris-setosa
5.10, 3.80, 1.50, 0.30, 0.007012, 0.978069, 0.014919, Iris-setosa
5.40, 3.40, 1.70, 0.20, 0.009495, 0.968756, 0.021749, Iris-setosa
5.10, 3.70, 1.50, 0.40, 0.005089, 0.983902, 0.011010, Iris-setosa
4.60, 3.60, 1.00, 0.20, 0.014010, 0.958130, 0.027860, Iris-setosa
5.10, 3.30, 1.70, 0.50, 0.006007, 0.979780, 0.014213, Iris-setosa
4.80, 3.40, 1.90, 0.20, 0.009735, 0.967269, 0.022996, Iris-setosa
5.00, 3.00, 1.60, 0.20, 0.007571, 0.974905, 0.017524, Iris-setosa
5.00, 3.40, 1.60, 0.40, 0.001569, 0.994861, 0.003570, Iris-setosa
5.20, 3.50, 1.50, 0.20, 0.002167, 0.993093, 0.004740, Iris-setosa
5.20, 3.40, 1.40, 0.20, 0.002001, 0.993660, 0.004339, Iris-setosa
4.70, 3.20, 1.60, 0.20, 0.006061, 0.980240, 0.013699, Iris-setosa
4.80, 3.10, 1.60, 0.20, 0.006162, 0.979752, 0.014086, Iris-setosa
5.40, 3.40, 1.50, 0.40, 0.007968, 0.974274, 0.017758, Iris-setosa
5.20, 4.10, 1.50, 0.10, 0.020862, 0.936927, 0.042210, Iris-setosa
5.50, 4.20, 1.40, 0.20, 0.032952, 0.902386, 0.064662, Iris-setosa
4.90, 3.10, 1.50, 0.10, 0.005043, 0.983691, 0.011267, Iris-setosa
5.00, 3.20, 1.20, 0.20, 0.004673, 0.985406, 0.009920, Iris-setosa
5.50, 3.50, 1.30, 0.20, 0.011680, 0.963827, 0.024493, Iris-setosa
4.90, 3.10, 1.50, 0.10, 0.005043, 0.983691, 0.011267, Iris-setosa
4.40, 3.00, 1.30, 0.20, 0.018951, 0.940572, 0.040477, Iris-setosa
5.10, 3.40, 1.50, 0.20, 0.000517, 0.998342, 0.001141, Iris-setosa
5.00, 3.50, 1.30, 0.30, 0.001806, 0.994361, 0.003833, Iris-setosa
4.50, 2.30, 1.30, 0.30, 0.046370, 0.852732, 0.100898, Iris-setosa
4.40, 3.20, 1.30, 0.20, 0.015063, 0.953073, 0.031864, Iris-setosa
5.00, 3.50, 1.60, 0.60, 0.006457, 0.978871, 0.014671, Iris-setosa
5.10, 3.80, 1.90, 0.40, 0.016934, 0.944177, 0.038890, Iris-setosa
4.80, 3.00, 1.40, 0.30, 0.008305, 0.973202, 0.018493, Iris-setosa
5.10, 3.80, 1.60, 0.20, 0.007695, 0.975756, 0.016549, Iris-setosa
4.60, 3.20, 1.40, 0.20, 0.007954, 0.974771, 0.017275, Iris-setosa
5.30, 3.70, 1.50, 0.20, 0.007523, 0.976397, 0.016081, Iris-setosa
5.00, 3.30, 1.40, 0.20, 0.000829, 0.997361, 0.001810, Iris-setosa
7.00, 3.20, 4.70, 1.40, 0.501091, 0.044601, 0.454308, Iris-versicolor
6.40, 3.20, 4.50, 1.50, 0.206731, 0.029174, 0.764095, Iris-versicolor
6.90, 3.10, 4.90, 1.50, 0.599906, 0.031288, 0.368806, Iris-versicolor
5.50, 2.30, 4.00, 1.30, 0.080477, 0.049540, 0.869983, Iris-versicolor
6.50, 2.80, 4.60, 1.50, 0.217071, 0.024131, 0.758798, Iris-versicolor
5.70, 2.80, 4.50, 1.30, 0.020470, 0.005753, 0.973777, Iris-versicolor
6.30, 3.30, 4.70, 1.60, 0.297114, 0.029804, 0.673082, Iris-versicolor
4.90, 2.40, 3.30, 1.00, 0.132122, 0.286366, 0.581512, Iris-versicolor
6.60, 2.90, 4.60, 1.30, 0.247662, 0.031263, 0.721075, Iris-versicolor
5.20, 2.70, 3.90, 1.40, 0.094721, 0.074983, 0.830296, Iris-versicolor
5.00, 2.00, 3.50, 1.00, 0.144916, 0.219418, 0.635666, Iris-versicolor
5.90, 3.00, 4.20, 1.50, 0.028733, 0.009197, 0.962070, Iris-versicolor
6.00, 2.20, 4.00, 1.00, 0.101134, 0.055837, 0.843029, Iris-versicolor
6.10, 2.90, 4.70, 1.40, 0.088170, 0.012120, 0.899710, Iris-versicolor
5.60, 2.90, 3.60, 1.30, 0.092194, 0.091886, 0.815921, Iris-versicolor
6.70, 3.10, 4.40, 1.40, 0.268327, 0.041748, 0.689925, Iris-versicolor
5.60, 3.00, 4.50, 1.50, 0.052674, 0.014173, 0.933153, Iris-versicolor
5.80, 2.70, 4.10, 1.00, 0.048395, 0.025977, 0.925629, Iris-versicolor
6.20, 2.20, 4.50, 1.50, 0.137419, 0.027210, 0.835371, Iris-versicolor
5.60, 2.50, 3.90, 1.10, 0.070800, 0.051756, 0.877444, Iris-versicolor
5.90, 3.20, 4.80, 1.80, 0.250674, 0.027628, 0.721697, Iris-versicolor
6.10, 2.80, 4.00, 1.30, 0.046239, 0.019538, 0.934223, Iris-versicolor
6.30, 2.50, 4.90, 1.50, 0.270525, 0.024006, 0.705468, Iris-versicolor
6.10, 2.80, 4.70, 1.20, 0.083280, 0.013948, 0.902772, Iris-versicolor
6.40, 2.90, 4.30, 1.30, 0.101140, 0.022930, 0.875930, Iris-versicolor
6.60, 3.00, 4.40, 1.40, 0.211203, 0.033968, 0.754829, Iris-versicolor
6.80, 2.80, 4.80, 1.40, 0.442645, 0.033642, 0.523712, Iris-versicolor
6.70, 3.00, 5.00, 1.70, 0.672419, 0.021203, 0.306378, Iris-versicolor
6.00, 2.90, 4.50, 1.50, 0.026146, 0.004935, 0.968919, Iris-versicolor
5.70, 2.60, 3.50, 1.00, 0.104637, 0.128806, 0.766558, Iris-versicolor
5.50, 2.40, 3.80, 1.10, 0.089904, 0.078121, 0.831975, Iris-versicolor
5.50, 2.40, 3.70, 1.00, 0.100738, 0.104214, 0.795048, Iris-versicolor
5.80, 2.70, 3.90, 1.20, 0.050333, 0.031084, 0.918583, Iris-versicolor
6.00, 2.70, 5.10, 1.60, 0.319648, 0.023999, 0.656352, Iris-versicolor
5.40, 3.00, 4.50, 1.50, 0.082461, 0.026423, 0.891115, Iris-versicolor
6.00, 3.40, 4.50, 1.60, 0.170645, 0.032147, 0.797208, Iris-versicolor
6.70, 3.10, 4.70, 1.50, 0.411037, 0.033475, 0.555488, Iris-versicolor
6.30, 2.30, 4.40, 1.30, 0.115469, 0.026930, 0.857601, Iris-versicolor
5.60, 3.00, 4.10, 1.30, 0.047005, 0.024145, 0.928849, Iris-versicolor
5.50, 2.50, 4.00, 1.30, 0.062416, 0.038319, 0.899265, Iris-versicolor
5.50, 2.60, 4.40, 1.20, 0.049257, 0.019692, 0.931051, Iris-versicolor
6.10, 3.00, 4.60, 1.40, 0.072658, 0.011620, 0.915721, Iris-versicolor
5.80, 2.60, 4.00, 1.20, 0.041820, 0.022599, 0.935581, Iris-versicolor
5.00, 2.30, 3.30, 1.00, 0.132560, 0.270121, 0.597320, Iris-versicolor
5.60, 2.70, 4.20, 1.30, 0.028474, 0.012726, 0.958801, Iris-versicolor
5.70, 3.00, 4.20, 1.20, 0.037690, 0.016819, 0.945491, Iris-versicolor
5.70, 2.90, 4.20, 1.30, 0.023031, 0.009603, 0.967366, Iris-versicolor
6.20, 2.90, 4.30, 1.30, 0.044696, 0.011417, 0.943886, Iris-versicolor
5.10, 2.50, 3.00, 1.10, 0.124264, 0.356783, 0.518953, Iris-versicolor
5.70, 2.80, 4.10, 1.30, 0.026766, 0.012732, 0.960502, Iris-versicolor
6.30, 3.30, 6.00, 2.50, 0.859883, 0.019365, 0.120752, Iris-virginica
5.80, 2.70, 5.10, 1.90, 0.355076, 0.029331, 0.615592, Iris-virginica
7.10, 3.00, 5.90, 2.10, 0.955767, 0.006079, 0.038154, Iris-virginica
6.30, 2.90, 5.60, 1.80, 0.845503, 0.012536, 0.141961, Iris-virginica
6.50, 3.00, 5.80, 2.20, 0.957598, 0.004757, 0.037645, Iris-virginica
7.60, 3.00, 6.60, 2.10, 0.811843, 0.035477, 0.152681, Iris-virginica
4.90, 2.50, 4.50, 1.70, 0.167047, 0.073142, 0.759811, Iris-virginica
7.30, 2.90, 6.30, 1.80, 0.862941, 0.021912, 0.115147, Iris-virginica
6.70, 2.50, 5.80, 1.80, 0.868637, 0.014009, 0.117354, Iris-virginica
7.20, 3.60, 6.10, 2.50, 0.860983, 0.024418, 0.114599, Iris-virginica
6.50, 3.20, 5.10, 2.00, 0.773318, 0.016771, 0.209911, Iris-virginica
6.40, 2.70, 5.30, 1.90, 0.761070, 0.015771, 0.223158, Iris-virginica
6.80, 3.00, 5.50, 2.10, 0.988815, 0.001167, 0.010018, Iris-virginica
5.70, 2.50, 5.00, 2.00, 0.305649, 0.034415, 0.659936, Iris-virginica
5.80, 2.80, 5.10, 2.40, 0.500600, 0.038404, 0.460996, Iris-virginica
6.40, 3.20, 5.30, 2.30, 0.849852, 0.014068, 0.136080, Iris-virginica
6.50, 3.00, 5.50, 1.80, 0.913208, 0.007166, 0.079626, Iris-virginica
7.70, 3.80, 6.70, 2.20, 0.763582, 0.050588, 0.185829, Iris-virginica
7.70, 2.60, 6.90, 2.30, 0.757528, 0.049213, 0.193259, Iris-virginica
6.00, 2.20, 5.00, 1.50, 0.257068, 0.032252, 0.710680, Iris-virginica
6.90, 3.20, 5.70, 2.30, 0.970470, 0.003829, 0.025701, Iris-virginica
5.60, 2.80, 4.90, 2.00, 0.259363, 0.033678, 0.706959, Iris-virginica
7.70, 2.80, 6.70, 2.00, 0.783170, 0.041995, 0.174835, Iris-virginica
6.30, 2.70, 4.90, 1.80, 0.381371, 0.022825, 0.595805, Iris-virginica
6.70, 3.30, 5.70, 2.10, 0.975341, 0.002914, 0.021745, Iris-virginica
7.20, 3.20, 6.00, 1.80, 0.911913, 0.012913, 0.075174, Iris-virginica
6.20, 2.80, 4.80, 1.80, 0.271171, 0.020996, 0.707833, Iris-virginica
6.10, 3.00, 4.90, 1.80, 0.329928, 0.023105, 0.646967, Iris-virginica
6.40, 2.80, 5.60, 2.10, 0.908625, 0.008365, 0.083010, Iris-virginica
7.20, 3.00, 5.80, 1.60, 0.890785, 0.014456, 0.094759, Iris-virginica
7.40, 2.80, 6.10, 1.90, 0.872745, 0.019800, 0.107455, Iris-virginica
7.90, 3.80, 6.40, 2.00, 0.760091, 0.050903, 0.189007, Iris-virginica
6.40, 2.80, 5.60, 2.20, 0.906186, 0.008964, 0.084850, Iris-virginica
6.30, 2.80, 5.10, 1.50, 0.436323, 0.023414, 0.540264, Iris-virginica
6.10, 2.60, 5.60, 1.40, 0.576032, 0.031225, 0.392743, Iris-virginica
7.70, 3.00, 6.10, 2.30, 0.839544, 0.028674, 0.131782, Iris-virginica
6.30, 3.40, 5.60, 2.40, 0.854060, 0.017230, 0.128709, Iris-virginica
6.40, 3.10, 5.50, 1.80, 0.880128, 0.009789, 0.110083, Iris-virginica
6.00, 3.00, 4.80, 1.80, 0.228307, 0.021737, 0.749956, Iris-virginica
6.90, 3.10, 5.40, 2.10, 0.967546, 0.003491, 0.028963, Iris-virginica
6.70, 3.10, 5.60, 2.40, 0.957239, 0.005080, 0.037681, Iris-virginica
6.90, 3.10, 5.10, 2.30, 0.855098, 0.015408, 0.129494, Iris-virginica
5.80, 2.70, 5.10, 1.90, 0.355076, 0.029331, 0.615592, Iris-virginica
6.80, 3.20, 5.90, 2.30, 0.961012, 0.005252, 0.033737, Iris-virginica
6.70, 3.30, 5.70, 2.50, 0.927110, 0.009704, 0.063186, Iris-virginica
6.70, 3.00, 5.20, 2.30, 0.882339, 0.011268, 0.106392, Iris-virginica
6.30, 2.50, 5.00, 1.90, 0.466624, 0.025831, 0.507546, Iris-virginica
6.50, 3.00, 5.20, 2.00, 0.831433, 0.012121, 0.156446, Iris-virginica
6.20, 3.40, 5.40, 2.30, 0.789363, 0.021586, 0.189051, Iris-virginica
5.90, 3.00, 5.10, 1.80, 0.391238, 0.026940, 0.581821, Iris-virginica
