% Title: Title
%
% Centers:
% 	5.889091 2.761196 4.364096 1.397365 
% 	6.774987 3.052393 5.646751 2.053545 
% 	5.003561 3.403041 1.484993 0.251537 
%

@RELATION

@ATTRIBUTE Attribute0 	 REAL
@ATTRIBUTE Attribute1 	 REAL
@ATTRIBUTE Attribute2 	 REAL
@ATTRIBUTE Attribute3 	 REAL
@ATTRIBUTE MU 	 FUZZY {Zhluk0, Zhluk1, Zhluk2}
@ATTRIBUTE class 	 {Iris-setosa, Iris-versicolor, Iris-virginica}

@DATA
5.10, 3.50, 1.40, 0.20, 0.002501, 0.001163, 0.996336, Iris-setosa
4.90, 3.00, 1.40, 0.20, 0.015890, 0.007157, 0.976953, Iris-setosa
4.70, 3.20, 1.30, 0.20, 0.013429, 0.006261, 0.980309, Iris-setosa
4.60, 3.10, 1.50, 0.20, 0.021855, 0.009834, 0.968312, Iris-setosa
5.00, 3.60, 1.40, 0.20, 0.004131, 0.001942, 0.993927, Iris-setosa
5.40, 3.90, 1.70, 0.40, 0.045787, 0.021072, 0.933141, Iris-setosa
4.60, 3.40, 1.40, 0.30, 0.014006, 0.006506, 0.979487, Iris-setosa
5.00, 3.40, 1.50, 0.20, 0.000268, 0.000121, 0.999611, Iris-setosa
4.40, 2.90, 1.40, 0.20, 0.046910, 0.021534, 0.931555, Iris-setosa
4.90, 3.10, 1.50, 0.10, 0.011267, 0.005043, 0.983690, Iris-setosa
5.40, 3.70, 1.50, 0.20, 0.022320, 0.010466, 0.967214, Iris-setosa
4.80, 3.40, 1.60, 0.20, 0.005333, 0.002387, 0.992280, Iris-setosa
4.80, 3.00, 1.40, 0.10, 0.019422, 0.008832, 0.971746, Iris-setosa
4.30, 3.00, 1.10, 0.10, 0.051304, 0.025000, 0.923697, Iris-setosa
5.80, 4.00, 1.20, 0.20, 0.073505, 0.038098, 0.888396, Iris-setosa
5.70, 4.40, 1.50, 0.40, 0.105710, 0.055018, 0.839272, Iris-setosa
5.40, 3.90, 1.30, 0.40, 0.036523, 0.017961, 0.945516, Iris-setosa
5.10, 3.50, 1.40, 0.30, 0.002525, 0.001168, 0.996307, Iris-setosa
5.70, 3.80, 1.70, 0.30, 0.066290, 0.030649, 0.903061, Iris-setosa
5.10, 3.80, 1.50, 0.30, 0.014920, 0.007013, 0.978068, Iris-setosa
5.40, 3.40, 1.70, 0.20, 0.021750, 0.009495, 0.968754, Iris-setosa
5.10, 3.70, 1.50, 0.40, 0.011010, 0.005089, 0.983901, Iris-setosa
4.60, 3.60, 1.00, 0.20, 0.027860, 0.014011, 0.958129, Iris-setosa
5.10, 3.30, 1.70, 0.50, 0.014214, 0.006008, 0.979778, Iris-setosa
4.80, 3.40, 1.90, 0.20, 0.022998, 0.009735, 0.967267, Iris-setosa
5.00, 3.00, 1.60, 0.20, 0.017525, 0.007571, 0.974903, Iris-setosa
5.00, 3.40, 1.60, 0.40, 0.003571, 0.001569, 0.994861, Iris-setosa
5.20, 3.50, 1.50, 0.20, 0.004741, 0.002167, 0.993092, Iris-setosa
5.20, 3.40, 1.40, 0.20, 0.004339, 0.002001, 0.993660, Iris-setosa
4.70, 3.20, 1.60, 0.20, 0.013700, 0.006061, 0.980239, Iris-setosa
4.80, 3.10, 1.60, 0.20, 0.014087, 0.006163, 0.979751, Iris-setosa
5.40, 3.40, 1.50, 0.40, 0.017759, 0.007968, 0.974273, Iris-setosa
5.20, 4.10, 1.50, 0.10, 0.042212, 0.020863, 0.936926, Iris-setosa
5.50, 4.20, 1.40, 0.20, 0.064664, 0.032953, 0.902383, Iris-setosa
4.90, 3.10, 1.50, 0.10, 0.011267, 0.005043, 0.983690, Iris-setosa
5.00, 3.20, 1.20, 0.20, 0.009921, 0.004673, 0.985406, Iris-setosa
5.50, 3.50, 1.30, 0.20, 0.024494, 0.011681, 0.963826, Iris-setosa
4.90, 3.10, 1.50, 0.10, 0.011267, 0.005043, 0.983690, Iris-setosa
4.40, 3.00, 1.30, 0.20, 0.040479, 0.018952, 0.940570, Iris-setosa
5.10, 3.40, 1.50, 0.20, 0.001141, 0.000517, 0.998342, Iris-setosa
5.00, 3.50, 1.30, 0.30, 0.003833, 0.001806, 0.994361, Iris-setosa
4.50, 2.30, 1.30, 0.30, 0.100903, 0.046371, 0.852726, Iris-setosa
4.40, 3.20, 1.30, 0.20, 0.031865, 0.015063, 0.953072, Iris-setosa
5.00, 3.50, 1.60, 0.60, 0.014672, 0.006458, 0.978870, Iris-setosa
5.10, 3.80, 1.90, 0.40, 0.038892, 0.016934, 0.944174, Iris-setosa
4.80, 3.00, 1.40, 0.30, 0.018494, 0.008305, 0.973201, Iris-setosa
5.10, 3.80, 1.60, 0.20, 0.016550, 0.007695, 0.975755, Iris-setosa
4.60, 3.20, 1.40, 0.20, 0.017275, 0.007954, 0.974770, Iris-setosa
5.30, 3.70, 1.50, 0.20, 0.016081, 0.007523, 0.976396, Iris-setosa
5.00, 3.30, 1.40, 0.20, 0.001810, 0.000829, 0.997361, Iris-setosa
7.00, 3.20, 4.70, 1.40, 0.454263, 0.501137, 0.044600, Iris-versicolor
6.40, 3.20, 4.50, 1.50, 0.764046, 0.206778, 0.029177, Iris-versicolor
6.90, 3.10, 4.90, 1.50, 0.368750, 0.599963, 0.031287, Iris-versicolor
5.50, 2.30, 4.00, 1.30, 0.870000, 0.080468, 0.049531, Iris-versicolor
6.50, 2.80, 4.60, 1.50, 0.758739, 0.217127, 0.024134, Iris-versicolor
5.70, 2.80, 4.50, 1.30, 0.973777, 0.020471, 0.005752, Iris-versicolor
6.30, 3.30, 4.70, 1.60, 0.673016, 0.297178, 0.029806, Iris-versicolor
4.90, 2.40, 3.30, 1.00, 0.581534, 0.132120, 0.286346, Iris-versicolor
6.60, 2.90, 4.60, 1.30, 0.721024, 0.247711, 0.031265, Iris-versicolor
5.20, 2.70, 3.90, 1.40, 0.830315, 0.094714, 0.074971, Iris-versicolor
5.00, 2.00, 3.50, 1.00, 0.635686, 0.144914, 0.219401, Iris-versicolor
5.90, 3.00, 4.20, 1.50, 0.962069, 0.028734, 0.009197, Iris-versicolor
6.00, 2.20, 4.00, 1.00, 0.843040, 0.101130, 0.055830, Iris-versicolor
6.10, 2.90, 4.70, 1.40, 0.899666, 0.088210, 0.012124, Iris-versicolor
5.60, 2.90, 3.60, 1.30, 0.815942, 0.092186, 0.091871, Iris-versicolor
6.70, 3.10, 4.40, 1.40, 0.689883, 0.268367, 0.041750, Iris-versicolor
5.60, 3.00, 4.50, 1.50, 0.933145, 0.052681, 0.014173, Iris-versicolor
5.80, 2.70, 4.10, 1.00, 0.925645, 0.048385, 0.025970, Iris-versicolor
6.20, 2.20, 4.50, 1.50, 0.835349, 0.137440, 0.027211, Iris-versicolor
5.60, 2.50, 3.90, 1.10, 0.877466, 0.070790, 0.051745, Iris-versicolor
5.90, 3.20, 4.80, 1.80, 0.721637, 0.250732, 0.027631, Iris-versicolor
6.10, 2.80, 4.00, 1.30, 0.934230, 0.046236, 0.019535, Iris-versicolor
6.30, 2.50, 4.90, 1.50, 0.705402, 0.270589, 0.024008, Iris-versicolor
6.10, 2.80, 4.70, 1.20, 0.902741, 0.083308, 0.013951, Iris-versicolor
6.40, 2.90, 4.30, 1.30, 0.875908, 0.101159, 0.022932, Iris-versicolor
6.60, 3.00, 4.40, 1.40, 0.754788, 0.211242, 0.033971, Iris-versicolor
6.80, 2.80, 4.80, 1.40, 0.523650, 0.442707, 0.033643, Iris-versicolor
6.70, 3.00, 5.00, 1.70, 0.306305, 0.672494, 0.021201, Iris-versicolor
6.00, 2.90, 4.50, 1.50, 0.968897, 0.026165, 0.004938, Iris-versicolor
5.70, 2.60, 3.50, 1.00, 0.766582, 0.104630, 0.128788, Iris-versicolor
5.50, 2.40, 3.80, 1.10, 0.831998, 0.089895, 0.078107, Iris-versicolor
5.50, 2.40, 3.70, 1.00, 0.795072, 0.100730, 0.104198, Iris-versicolor
5.80, 2.70, 3.90, 1.20, 0.918602, 0.050323, 0.031075, Iris-versicolor
6.00, 2.70, 5.10, 1.60, 0.656277, 0.319721, 0.024001, Iris-versicolor
5.40, 3.00, 4.50, 1.50, 0.891112, 0.082466, 0.026422, Iris-versicolor
6.00, 3.40, 4.50, 1.60, 0.797173, 0.170677, 0.032150, Iris-versicolor
6.70, 3.10, 4.70, 1.50, 0.555422, 0.411102, 0.033476, Iris-versicolor
6.30, 2.30, 4.40, 1.30, 0.857586, 0.115484, 0.026930, Iris-versicolor
5.60, 3.00, 4.10, 1.30, 0.928863, 0.046998, 0.024139, Iris-versicolor
5.50, 2.50, 4.00, 1.30, 0.899284, 0.062405, 0.038310, Iris-versicolor
5.50, 2.60, 4.40, 1.20, 0.931061, 0.049251, 0.019688, Iris-versicolor
6.10, 3.00, 4.60, 1.40, 0.915686, 0.072690, 0.011624, Iris-versicolor
5.80, 2.60, 4.00, 1.20, 0.935599, 0.041809, 0.022591, Iris-versicolor
5.00, 2.30, 3.30, 1.00, 0.597342, 0.132557, 0.270100, Iris-versicolor
5.60, 2.70, 4.20, 1.30, 0.958816, 0.028464, 0.012720, Iris-versicolor
5.70, 3.00, 4.20, 1.20, 0.945502, 0.037683, 0.016815, Iris-versicolor
5.70, 2.90, 4.20, 1.30, 0.967377, 0.023024, 0.009599, Iris-versicolor
6.20, 2.90, 4.30, 1.30, 0.943875, 0.044706, 0.011419, Iris-versicolor
5.10, 2.50, 3.00, 1.10, 0.518976, 0.124264, 0.356761, Iris-versicolor
5.70, 2.80, 4.10, 1.30, 0.960518, 0.026756, 0.012726, Iris-versicolor
6.30, 3.30, 6.00, 2.50, 0.120748, 0.859886, 0.019366, Iris-virginica
5.80, 2.70, 5.10, 1.90, 0.615528, 0.355140, 0.029333, Iris-virginica
7.10, 3.00, 5.90, 2.10, 0.038166, 0.955753, 0.006081, Iris-virginica
6.30, 2.90, 5.60, 1.80, 0.141918, 0.845548, 0.012533, Iris-virginica
6.50, 3.00, 5.80, 2.20, 0.037640, 0.957602, 0.004757, Iris-virginica
7.60, 3.00, 6.60, 2.10, 0.152690, 0.811830, 0.035481, Iris-virginica
4.90, 2.50, 4.50, 1.70, 0.759811, 0.167051, 0.073138, Iris-virginica
7.30, 2.90, 6.30, 1.80, 0.115156, 0.862929, 0.021915, Iris-virginica
6.70, 2.50, 5.80, 1.80, 0.117340, 0.868652, 0.014009, Iris-virginica
7.20, 3.60, 6.10, 2.50, 0.114609, 0.860970, 0.024421, Iris-virginica
6.50, 3.20, 5.10, 2.00, 0.209849, 0.773383, 0.016768, Iris-virginica
6.40, 2.70, 5.30, 1.90, 0.223091, 0.761140, 0.015769, Iris-virginica
6.80, 3.00, 5.50, 2.10, 0.010011, 0.988823, 0.001166, Iris-virginica
5.70, 2.50, 5.00, 2.00, 0.659888, 0.305696, 0.034416, Iris-virginica
5.80, 2.80, 5.10, 2.40, 0.460946, 0.500651, 0.038403, Iris-virginica
6.40, 3.20, 5.30, 2.30, 0.136044, 0.849890, 0.014066, Iris-virginica
6.50, 3.00, 5.50, 1.80, 0.079589, 0.913247, 0.007164, Iris-virginica
7.70, 3.80, 6.70, 2.20, 0.185836, 0.763571, 0.050593, Iris-virginica
7.70, 2.60, 6.90, 2.30, 0.193265, 0.757518, 0.049217, Iris-virginica
6.00, 2.20, 5.00, 1.50, 0.710638, 0.257109, 0.032253, Iris-virginica
6.90, 3.20, 5.70, 2.30, 0.025708, 0.970462, 0.003830, Iris-virginica
5.60, 2.80, 4.90, 2.00, 0.706914, 0.259406, 0.033680, Iris-virginica
7.70, 2.80, 6.70, 2.00, 0.174842, 0.783159, 0.041999, Iris-virginica
6.30, 2.70, 4.90, 1.80, 0.595715, 0.381459, 0.022826, Iris-virginica
6.70, 3.30, 5.70, 2.10, 0.021745, 0.975340, 0.002915, Iris-virginica
7.20, 3.20, 6.00, 1.80, 0.075183, 0.911901, 0.012916, Iris-virginica
6.20, 2.80, 4.80, 1.80, 0.707751, 0.271250, 0.020999, Iris-virginica
6.10, 3.00, 4.90, 1.80, 0.646881, 0.330012, 0.023107, Iris-virginica
6.40, 2.80, 5.60, 2.10, 0.082984, 0.908653, 0.008363, Iris-virginica
7.20, 3.00, 5.80, 1.60, 0.094760, 0.890783, 0.014457, Iris-virginica
7.40, 2.80, 6.10, 1.90, 0.107463, 0.872733, 0.019803, Iris-virginica
7.90, 3.80, 6.40, 2.00, 0.189013, 0.760080, 0.050907, Iris-virginica
6.40, 2.80, 5.60, 2.20, 0.084826, 0.906212, 0.008962, Iris-virginica
6.30, 2.80, 5.10, 1.50, 0.540175, 0.436411, 0.023414, Iris-virginica
6.10, 2.60, 5.60, 1.40, 0.392692, 0.576084, 0.031224, Iris-virginica
7.70, 3.00, 6.10, 2.30, 0.131791, 0.839531, 0.028678, Iris-virginica
6.30, 3.40, 5.60, 2.40, 0.128693, 0.854078, 0.017229, Iris-virginica
6.40, 3.10, 5.50, 1.80, 0.110041, 0.880172, 0.009787, Iris-virginica
6.00, 3.00, 4.80, 1.80, 0.749887, 0.228374, 0.021740, Iris-virginica
6.90, 3.10, 5.40, 2.10, 0.028955, 0.967555, 0.003490, Iris-virginica
6.70, 3.10, 5.60, 2.40, 0.037679, 0.957241, 0.005080, Iris-virginica
6.90, 3.10, 5.10, 2.30, 0.129470, 0.855123, 0.015407, Iris-virginica
5.80, 2.70, 5.10, 1.90, 0.615528, 0.355140, 0.029333, Iris-virginica
6.80, 3.20, 5.90, 2.30, 0.033746, 0.961001, 0.005253, Iris-virginica
6.70, 3.30, 5.70, 2.50, 0.063187, 0.927108, 0.009705, Iris-virginica
6.70, 3.00, 5.20, 2.30, 0.106362, 0.882371, 0.011266, Iris-virginica
6.30, 2.50, 5.00, 1.90, 0.507467, 0.466702, 0.025831, Iris-virginica
6.50, 3.00, 5.20, 2.00, 0.156385, 0.831497, 0.012118, Iris-virginica
6.20, 3.40, 5.40, 2.30, 0.189018, 0.789398, 0.021584, Iris-virginica
5.90, 3.00, 5.10, 1.80, 0.581744, 0.391314, 0.026941, Iris-virginica
