% Title: Title
%
% Centers:
% 	5.003561 3.403040 1.484995 0.251538 
% 	6.775014 3.052400 5.646784 2.053558 
% 	5.889113 2.761204 4.364128 1.397381 
%

@RELATION

@ATTRIBUTE Attribute0 	 REAL
@ATTRIBUTE Attribute1 	 REAL
@ATTRIBUTE Attribute2 	 REAL
@ATTRIBUTE Attribute3 	 REAL
@ATTRIBUTE MU 	 FUZZY {Zhluk0, Zhluk1, Zhluk2}
@ATTRIBUTE class 	 {Iris-setosa, Iris-versicolor, Iris-virginica}

@DATA
5.10, 3.50, 1.40, 0.20, 0.996336, 0.001163, 0.002501, Iris-setosa
4.90, 3.00, 1.40, 0.20, 0.976954, 0.007156, 0.015889, Iris-setosa
4.70, 3.20, 1.30, 0.20, 0.980310, 0.006261, 0.013429, Iris-setosa
4.60, 3.10, 1.50, 0.20, 0.968313, 0.009834, 0.021854, Iris-setosa
5.00, 3.60, 1.40, 0.20, 0.993927, 0.001942, 0.004131, Iris-setosa
5.40, 3.90, 1.70, 0.40, 0.933143, 0.021072, 0.045785, Iris-setosa
4.60, 3.40, 1.40, 0.30, 0.979488, 0.006506, 0.014006, Iris-setosa
5.00, 3.40, 1.50, 0.20, 0.999611, 0.000121, 0.000268, Iris-setosa
4.40, 2.90, 1.40, 0.20, 0.931558, 0.021534, 0.046909, Iris-setosa
4.90, 3.10, 1.50, 0.10, 0.983690, 0.005043, 0.011267, Iris-setosa
5.40, 3.70, 1.50, 0.20, 0.967215, 0.010466, 0.022319, Iris-setosa
4.80, 3.40, 1.60, 0.20, 0.992280, 0.002387, 0.005333, Iris-setosa
4.80, 3.00, 1.40, 0.10, 0.971747, 0.008832, 0.019421, Iris-setosa
4.30, 3.00, 1.10, 0.10, 0.923699, 0.024999, 0.051302, Iris-setosa
5.80, 4.00, 1.20, 0.20, 0.888399, 0.038098, 0.073504, Iris-setosa
5.70, 4.40, 1.50, 0.40, 0.839275, 0.055017, 0.105708, Iris-setosa
5.40, 3.90, 1.30, 0.40, 0.945518, 0.017961, 0.036522, Iris-setosa
5.10, 3.50, 1.40, 0.30, 0.996307, 0.001168, 0.002524, Iris-setosa
5.70, 3.80, 1.70, 0.30, 0.903064, 0.030648, 0.066288, Iris-setosa
5.10, 3.80, 1.50, 0.30, 0.978068, 0.007012, 0.014919, Iris-setosa
5.40, 3.40, 1.70, 0.20, 0.968755, 0.009495, 0.021750, Iris-setosa
5.10, 3.70, 1.50, 0.40, 0.983901, 0.005089, 0.011010, Iris-setosa
4.60, 3.60, 1.00, 0.20, 0.958130, 0.014010, 0.027860, Iris-setosa
5.10, 3.30, 1.70, 0.50, 0.979779, 0.006007, 0.014213, Iris-setosa
4.80, 3.40, 1.90, 0.20, 0.967268, 0.009735, 0.022997, Iris-setosa
5.00, 3.00, 1.60, 0.20, 0.974905, 0.007571, 0.017525, Iris-setosa
5.00, 3.40, 1.60, 0.40, 0.994861, 0.001569, 0.003570, Iris-setosa
5.20, 3.50, 1.50, 0.20, 0.993092, 0.002167, 0.004740, Iris-setosa
5.20, 3.40, 1.40, 0.20, 0.993660, 0.002001, 0.004339, Iris-setosa
4.70, 3.20, 1.60, 0.20, 0.980240, 0.006061, 0.013699, Iris-setosa
4.80, 3.10, 1.60, 0.20, 0.979752, 0.006162, 0.014086, Iris-setosa
5.40, 3.40, 1.50, 0.40, 0.974274, 0.007968, 0.017758, Iris-setosa
5.20, 4.10, 1.50, 0.10, 0.936927, 0.020862, 0.042211, Iris-setosa
5.50, 4.20, 1.40, 0.20, 0.902386, 0.032952, 0.064662, Iris-setosa
4.90, 3.10, 1.50, 0.10, 0.983690, 0.005043, 0.011267, Iris-setosa
5.00, 3.20, 1.20, 0.20, 0.985406, 0.004673, 0.009920, Iris-setosa
5.50, 3.50, 1.30, 0.20, 0.963827, 0.011680, 0.024493, Iris-setosa
4.90, 3.10, 1.50, 0.10, 0.983690, 0.005043, 0.011267, Iris-setosa
4.40, 3.00, 1.30, 0.20, 0.940571, 0.018951, 0.040478, Iris-setosa
5.10, 3.40, 1.50, 0.20, 0.998342, 0.000517, 0.001141, Iris-setosa
5.00, 3.50, 1.30, 0.30, 0.994361, 0.001806, 0.003833, Iris-setosa
4.50, 2.30, 1.30, 0.30, 0.852730, 0.046370, 0.100899, Iris-setosa
4.40, 3.20, 1.30, 0.20, 0.953073, 0.015063, 0.031864, Iris-setosa
5.00, 3.50, 1.60, 0.60, 0.978871, 0.006457, 0.014672, Iris-setosa
5.10, 3.80, 1.90, 0.40, 0.944176, 0.016934, 0.038890, Iris-setosa
4.80, 3.00, 1.40, 0.30, 0.973202, 0.008305, 0.018493, Iris-setosa
5.10, 3.80, 1.60, 0.20, 0.975756, 0.007695, 0.016550, Iris-setosa
4.60, 3.20, 1.40, 0.20, 0.974771, 0.007954, 0.017275, Iris-setosa
5.30, 3.70, 1.50, 0.20, 0.976396, 0.007523, 0.016081, Iris-setosa
5.00, 3.30, 1.40, 0.20, 0.997361, 0.000829, 0.001810, Iris-setosa
7.00, 3.20, 4.70, 1.40, 0.044601, 0.501101, 0.454299, Iris-versicolor
6.40, 3.20, 4.50, 1.50, 0.029174, 0.206741, 0.764084, Iris-versicolor
6.90, 3.10, 4.90, 1.50, 0.031288, 0.599919, 0.368794, Iris-versicolor
5.50, 2.30, 4.00, 1.30, 0.049538, 0.080475, 0.869987, Iris-versicolor
6.50, 2.80, 4.60, 1.50, 0.024132, 0.217083, 0.758785, Iris-versicolor
5.70, 2.80, 4.50, 1.30, 0.005753, 0.020470, 0.973777, Iris-versicolor
6.30, 3.30, 4.70, 1.60, 0.029804, 0.297128, 0.673068, Iris-versicolor
4.90, 2.40, 3.30, 1.00, 0.286362, 0.132122, 0.581516, Iris-versicolor
6.60, 2.90, 4.60, 1.30, 0.031263, 0.247672, 0.721064, Iris-versicolor
5.20, 2.70, 3.90, 1.40, 0.074980, 0.094719, 0.830300, Iris-versicolor
5.00, 2.00, 3.50, 1.00, 0.219414, 0.144916, 0.635670, Iris-versicolor
5.90, 3.00, 4.20, 1.50, 0.009197, 0.028733, 0.962070, Iris-versicolor
6.00, 2.20, 4.00, 1.00, 0.055836, 0.101133, 0.843031, Iris-versicolor
6.10, 2.90, 4.70, 1.40, 0.012121, 0.088178, 0.899701, Iris-versicolor
5.60, 2.90, 3.60, 1.30, 0.091883, 0.092192, 0.815925, Iris-versicolor
6.70, 3.10, 4.40, 1.40, 0.041748, 0.268336, 0.689916, Iris-versicolor
5.60, 3.00, 4.50, 1.50, 0.014173, 0.052676, 0.933151, Iris-versicolor
5.80, 2.70, 4.10, 1.00, 0.025975, 0.048393, 0.925632, Iris-versicolor
6.20, 2.20, 4.50, 1.50, 0.027210, 0.137424, 0.835366, Iris-versicolor
5.60, 2.50, 3.90, 1.10, 0.051754, 0.070798, 0.877449, Iris-versicolor
5.90, 3.20, 4.80, 1.80, 0.027629, 0.250687, 0.721684, Iris-versicolor
6.10, 2.80, 4.00, 1.30, 0.019537, 0.046239, 0.934224, Iris-versicolor
6.30, 2.50, 4.90, 1.50, 0.024007, 0.270539, 0.705454, Iris-versicolor
6.10, 2.80, 4.70, 1.20, 0.013949, 0.083286, 0.902765, Iris-versicolor
6.40, 2.90, 4.30, 1.30, 0.022931, 0.101144, 0.875925, Iris-versicolor
6.60, 3.00, 4.40, 1.40, 0.033969, 0.211211, 0.754820, Iris-versicolor
6.80, 2.80, 4.80, 1.40, 0.033642, 0.442659, 0.523699, Iris-versicolor
6.70, 3.00, 5.00, 1.70, 0.021202, 0.672435, 0.306362, Iris-versicolor
6.00, 2.90, 4.50, 1.50, 0.004936, 0.026150, 0.968914, Iris-versicolor
5.70, 2.60, 3.50, 1.00, 0.128802, 0.104635, 0.766563, Iris-versicolor
5.50, 2.40, 3.80, 1.10, 0.078118, 0.089902, 0.831980, Iris-versicolor
5.50, 2.40, 3.70, 1.00, 0.104210, 0.100736, 0.795053, Iris-versicolor
5.80, 2.70, 3.90, 1.20, 0.031082, 0.050331, 0.918587, Iris-versicolor
6.00, 2.70, 5.10, 1.60, 0.024000, 0.319664, 0.656336, Iris-versicolor
5.40, 3.00, 4.50, 1.50, 0.026423, 0.082462, 0.891115, Iris-versicolor
6.00, 3.40, 4.50, 1.60, 0.032148, 0.170652, 0.797200, Iris-versicolor
6.70, 3.10, 4.70, 1.50, 0.033475, 0.411051, 0.555474, Iris-versicolor
6.30, 2.30, 4.40, 1.30, 0.026930, 0.115473, 0.857598, Iris-versicolor
5.60, 3.00, 4.10, 1.30, 0.024144, 0.047004, 0.928852, Iris-versicolor
5.50, 2.50, 4.00, 1.30, 0.038317, 0.062413, 0.899269, Iris-versicolor
5.50, 2.60, 4.40, 1.20, 0.019691, 0.049256, 0.931053, Iris-versicolor
6.10, 3.00, 4.60, 1.40, 0.011621, 0.072665, 0.915714, Iris-versicolor
5.80, 2.60, 4.00, 1.20, 0.022597, 0.041818, 0.935585, Iris-versicolor
5.00, 2.30, 3.30, 1.00, 0.270116, 0.132559, 0.597325, Iris-versicolor
5.60, 2.70, 4.20, 1.30, 0.012724, 0.028472, 0.958804, Iris-versicolor
5.70, 3.00, 4.20, 1.20, 0.016818, 0.037688, 0.945493, Iris-versicolor
5.70, 2.90, 4.20, 1.30, 0.009602, 0.023030, 0.967368, Iris-versicolor
6.20, 2.90, 4.30, 1.30, 0.011418, 0.044698, 0.943884, Iris-versicolor
5.10, 2.50, 3.00, 1.10, 0.356778, 0.124264, 0.518958, Iris-versicolor
5.70, 2.80, 4.10, 1.30, 0.012731, 0.026764, 0.960505, Iris-versicolor
6.30, 3.30, 6.00, 2.50, 0.019365, 0.859884, 0.120751, Iris-virginica
5.80, 2.70, 5.10, 1.90, 0.029332, 0.355090, 0.615578, Iris-virginica
7.10, 3.00, 5.90, 2.10, 0.006079, 0.955764, 0.038157, Iris-virginica
6.30, 2.90, 5.60, 1.80, 0.012535, 0.845513, 0.141952, Iris-virginica
6.50, 3.00, 5.80, 2.20, 0.004757, 0.957599, 0.037644, Iris-virginica
7.60, 3.00, 6.60, 2.10, 0.035478, 0.811840, 0.152683, Iris-virginica
4.90, 2.50, 4.50, 1.70, 0.073141, 0.167048, 0.759811, Iris-virginica
7.30, 2.90, 6.30, 1.80, 0.021913, 0.862938, 0.115149, Iris-virginica
6.70, 2.50, 5.80, 1.80, 0.014009, 0.868640, 0.117351, Iris-virginica
7.20, 3.60, 6.10, 2.50, 0.024418, 0.860980, 0.114601, Iris-virginica
6.50, 3.20, 5.10, 2.00, 0.016770, 0.773332, 0.209898, Iris-virginica
6.40, 2.70, 5.30, 1.90, 0.015771, 0.761085, 0.223144, Iris-virginica
6.80, 3.00, 5.50, 2.10, 0.001167, 0.988817, 0.010016, Iris-virginica
5.70, 2.50, 5.00, 2.00, 0.034415, 0.305659, 0.659926, Iris-virginica
5.80, 2.80, 5.10, 2.40, 0.038404, 0.500611, 0.460985, Iris-virginica
6.40, 3.20, 5.30, 2.30, 0.014068, 0.849860, 0.136072, Iris-virginica
6.50, 3.00, 5.50, 1.80, 0.007166, 0.913217, 0.079618, Iris-virginica
7.70, 3.80, 6.70, 2.20, 0.050589, 0.763580, 0.185831, Iris-virginica
7.70, 2.60, 6.90, 2.30, 0.049214, 0.757526, 0.193260, Iris-virginica
6.00, 2.20, 5.00, 1.50, 0.032252, 0.257077, 0.710671, Iris-virginica
6.90, 3.20, 5.70, 2.30, 0.003829, 0.970468, 0.025702, Iris-virginica
5.60, 2.80, 4.90, 2.00, 0.033678, 0.259373, 0.706949, Iris-virginica
7.70, 2.80, 6.70, 2.00, 0.041996, 0.783168, 0.174836, Iris-virginica
6.30, 2.70, 4.90, 1.80, 0.022825, 0.381390, 0.595785, Iris-virginica
6.70, 3.30, 5.70, 2.10, 0.002915, 0.975341, 0.021745, Iris-virginica
7.20, 3.20, 6.00, 1.80, 0.012914, 0.911910, 0.075176, Iris-virginica
6.20, 2.80, 4.80, 1.80, 0.020997, 0.271188, 0.707815, Iris-virginica
6.10, 3.00, 4.90, 1.80, 0.023106, 0.329946, 0.646948, Iris-virginica
6.40, 2.80, 5.60, 2.10, 0.008364, 0.908631, 0.083004, Iris-virginica
7.20, 3.00, 5.80, 1.60, 0.014456, 0.890785, 0.094759, Iris-virginica
7.40, 2.80, 6.10, 1.90, 0.019801, 0.872742, 0.107457, Iris-virginica
7.90, 3.80, 6.40, 2.00, 0.050904, 0.760088, 0.189008, Iris-virginica
6.40, 2.80, 5.60, 2.20, 0.008963, 0.906192, 0.084845, Iris-virginica
6.30, 2.80, 5.10, 1.50, 0.023414, 0.436342, 0.540244, Iris-virginica
6.10, 2.60, 5.60, 1.40, 0.031225, 0.576043, 0.392732, Iris-virginica
7.70, 3.00, 6.10, 2.30, 0.028675, 0.839541, 0.131784, Iris-virginica
6.30, 3.40, 5.60, 2.40, 0.017230, 0.854064, 0.128706, Iris-virginica
6.40, 3.10, 5.50, 1.80, 0.009789, 0.880137, 0.110074, Iris-virginica
6.00, 3.00, 4.80, 1.80, 0.021737, 0.228322, 0.749941, Iris-virginica
6.90, 3.10, 5.40, 2.10, 0.003491, 0.967548, 0.028962, Iris-virginica
6.70, 3.10, 5.60, 2.40, 0.005080, 0.957240, 0.037681, Iris-virginica
6.90, 3.10, 5.10, 2.30, 0.015408, 0.855103, 0.129489, Iris-virginica
5.80, 2.70, 5.10, 1.90, 0.029332, 0.355090, 0.615578, Iris-virginica
6.80, 3.20, 5.90, 2.30, 0.005252, 0.961009, 0.033739, Iris-virginica
6.70, 3.30, 5.70, 2.50, 0.009704, 0.927110, 0.063186, Iris-virginica
6.70, 3.00, 5.20, 2.30, 0.011268, 0.882346, 0.106386, Iris-virginica
6.30, 2.50, 5.00, 1.90, 0.025831, 0.466641, 0.507529, Iris-virginica
6.50, 3.00, 5.20, 2.00, 0.012120, 0.831447, 0.156432, Iris-virginica
6.20, 3.40, 5.40, 2.30, 0.021586, 0.789370, 0.189044, Iris-virginica
5.90, 3.00, 5.10, 1.80, 0.026941, 0.391255, 0.581805, Iris-virginica
