% Title: Title
%
% Centers:
% 	6.775021 3.052403 5.646793 2.053562 
% 	5.889119 2.761206 4.364137 1.397386 
% 	5.003561 3.403040 1.484995 0.251538 
%

@RELATION

@ATTRIBUTE Attribute0 	 REAL
@ATTRIBUTE Attribute1 	 REAL
@ATTRIBUTE Attribute2 	 REAL
@ATTRIBUTE Attribute3 	 REAL
@ATTRIBUTE MU 	 FUZZY {Zhluk0, Zhluk1, Zhluk2}
@ATTRIBUTE class 	 {Iris-setosa, Iris-versicolor, Iris-virginica}

@DATA
5.10, 3.50, 1.40, 0.20, 0.001163, 0.002501, 0.996336, Iris-setosa
4.90, 3.00, 1.40, 0.20, 0.007156, 0.015889, 0.976954, Iris-setosa
4.70, 3.20, 1.30, 0.20, 0.006261, 0.013429, 0.980310, Iris-setosa
4.60, 3.10, 1.50, 0.20, 0.009834, 0.021853, 0.968313, Iris-setosa
5.00, 3.60, 1.40, 0.20, 0.001942, 0.004131, 0.993927, Iris-setosa
5.40, 3.90, 1.70, 0.40, 0.021072, 0.045785, 0.933143, Iris-setosa
4.60, 3.40, 1.40, 0.30, 0.006506, 0.014006, 0.979488, Iris-setosa
5.00, 3.40, 1.50, 0.20, 0.000121, 0.000268, 0.999611, Iris-setosa
4.40, 2.90, 1.40, 0.20, 0.021533, 0.046908, 0.931558, Iris-setosa
4.90, 3.10, 1.50, 0.10, 0.005043, 0.011267, 0.983691, Iris-setosa
5.40, 3.70, 1.50, 0.20, 0.010466, 0.022319, 0.967215, Iris-setosa
4.80, 3.40, 1.60, 0.20, 0.002387, 0.005333, 0.992281, Iris-setosa
4.80, 3.00, 1.40, 0.10, 0.008832, 0.019421, 0.971748, Iris-setosa
4.30, 3.00, 1.10, 0.10, 0.024999, 0.051302, 0.923699, Iris-setosa
5.80, 4.00, 1.20, 0.20, 0.038098, 0.073503, 0.888399, Iris-setosa
5.70, 4.40, 1.50, 0.40, 0.055016, 0.105708, 0.839276, Iris-setosa
5.40, 3.90, 1.30, 0.40, 0.017960, 0.036521, 0.945518, Iris-setosa
5.10, 3.50, 1.40, 0.30, 0.001168, 0.002524, 0.996307, Iris-setosa
5.70, 3.80, 1.70, 0.30, 0.030648, 0.066287, 0.903065, Iris-setosa
5.10, 3.80, 1.50, 0.30, 0.007012, 0.014919, 0.978069, Iris-setosa
5.40, 3.40, 1.70, 0.20, 0.009495, 0.021749, 0.968756, Iris-setosa
5.10, 3.70, 1.50, 0.40, 0.005089, 0.011010, 0.983902, Iris-setosa
4.60, 3.60, 1.00, 0.20, 0.014010, 0.027860, 0.958130, Iris-setosa
5.10, 3.30, 1.70, 0.50, 0.006007, 0.014213, 0.979780, Iris-setosa
4.80, 3.40, 1.90, 0.20, 0.009735, 0.022996, 0.967269, Iris-setosa
5.00, 3.00, 1.60, 0.20, 0.007571, 0.017524, 0.974905, Iris-setosa
5.00, 3.40, 1.60, 0.40, 0.001569, 0.003570, 0.994861, Iris-setosa
5.20, 3.50, 1.50, 0.20, 0.002167, 0.004740, 0.993093, Iris-setosa
5.20, 3.40, 1.40, 0.20, 0.002001, 0.004339, 0.993660, Iris-setosa
4.70, 3.20, 1.60, 0.20, 0.006061, 0.013699, 0.980240, Iris-setosa
4.80, 3.10, 1.60, 0.20, 0.006162, 0.014086, 0.979752, Iris-setosa
5.40, 3.40, 1.50, 0.40, 0.007968, 0.017758, 0.974274, Iris-setosa
5.20, 4.10, 1.50, 0.10, 0.020862, 0.042210, 0.936927, Iris-setosa
5.50, 4.20, 1.40, 0.20, 0.032952, 0.064662, 0.902386, Iris-setosa
4.90, 3.10, 1.50, 0.10, 0.005043, 0.011267, 0.983691, Iris-setosa
5.00, 3.20, 1.20, 0.20, 0.004673, 0.009920, 0.985406, Iris-setosa
5.50, 3.50, 1.30, 0.20, 0.011680, 0.024493, 0.963827, Iris-setosa
4.90, 3.10, 1.50, 0.10, 0.005043, 0.011267, 0.983691, Iris-setosa
4.40, 3.00, 1.30, 0.20, 0.018951, 0.040477, 0.940572, Iris-setosa
5.10, 3.40, 1.50, 0.20, 0.000517, 0.001141, 0.998342, Iris-setosa
5.00, 3.50, 1.30, 0.30, 0.001806, 0.003833, 0.994361, Iris-setosa
4.50, 2.30, 1.30, 0.30, 0.046370, 0.100898, 0.852732, Iris-setosa
4.40, 3.20, 1.30, 0.20, 0.015063, 0.031864, 0.953073, Iris-setosa
5.00, 3.50, 1.60, 0.60, 0.006457, 0.014671, 0.978871, Iris-setosa
5.10, 3.80, 1.90, 0.40, 0.016934, 0.038890, 0.944177, Iris-setosa
4.80, 3.00, 1.40, 0.30, 0.008305, 0.018493, 0.973202, Iris-setosa
5.10, 3.80, 1.60, 0.20, 0.007695, 0.016549, 0.975756, Iris-setosa
4.60, 3.20, 1.40, 0.20, 0.007954, 0.017275, 0.974771, Iris-setosa
5.30, 3.70, 1.50, 0.20, 0.007523, 0.016081, 0.976397, Iris-setosa
5.00, 3.30, 1.40, 0.20, 0.000829, 0.001810, 0.997361, Iris-setosa
7.00, 3.20, 4.70, 1.40, 0.501091, 0.454309, 0.044601, Iris-versicolor
6.40, 3.20, 4.50, 1.50, 0.206731, 0.764095, 0.029174, Iris-versicolor
6.90, 3.10, 4.90, 1.50, 0.599906, 0.368806, 0.031288, Iris-versicolor
5.50, 2.30, 4.00, 1.30, 0.080477, 0.869983, 0.049540, Iris-versicolor
6.50, 2.80, 4.60, 1.50, 0.217070, 0.758798, 0.024131, Iris-versicolor
5.70, 2.80, 4.50, 1.30, 0.020470, 0.973777, 0.005753, Iris-versicolor
6.30, 3.30, 4.70, 1.60, 0.297114, 0.673082, 0.029804, Iris-versicolor
4.90, 2.40, 3.30, 1.00, 0.132122, 0.581511, 0.286366, Iris-versicolor
6.60, 2.90, 4.60, 1.30, 0.247662, 0.721075, 0.031263, Iris-versicolor
5.20, 2.70, 3.90, 1.40, 0.094721, 0.830296, 0.074983, Iris-versicolor
5.00, 2.00, 3.50, 1.00, 0.144916, 0.635666, 0.219418, Iris-versicolor
5.90, 3.00, 4.20, 1.50, 0.028733, 0.962070, 0.009197, Iris-versicolor
6.00, 2.20, 4.00, 1.00, 0.101134, 0.843029, 0.055837, Iris-versicolor
6.10, 2.90, 4.70, 1.40, 0.088170, 0.899710, 0.012120, Iris-versicolor
5.60, 2.90, 3.60, 1.30, 0.092194, 0.815920, 0.091886, Iris-versicolor
6.70, 3.10, 4.40, 1.40, 0.268327, 0.689925, 0.041748, Iris-versicolor
5.60, 3.00, 4.50, 1.50, 0.052674, 0.933153, 0.014173, Iris-versicolor
5.80, 2.70, 4.10, 1.00, 0.048395, 0.925629, 0.025977, Iris-versicolor
6.20, 2.20, 4.50, 1.50, 0.137419, 0.835371, 0.027210, Iris-versicolor
5.60, 2.50, 3.90, 1.10, 0.070800, 0.877444, 0.051756, Iris-versicolor
5.90, 3.20, 4.80, 1.80, 0.250674, 0.721697, 0.027628, Iris-versicolor
6.10, 2.80, 4.00, 1.30, 0.046239, 0.934223, 0.019538, Iris-versicolor
6.30, 2.50, 4.90, 1.50, 0.270525, 0.705469, 0.024006, Iris-versicolor
6.10, 2.80, 4.70, 1.20, 0.083280, 0.902772, 0.013948, Iris-versicolor
6.40, 2.90, 4.30, 1.30, 0.101140, 0.875930, 0.022930, Iris-versicolor
6.60, 3.00, 4.40, 1.40, 0.211203, 0.754829, 0.033968, Iris-versicolor
6.80, 2.80, 4.80, 1.40, 0.442645, 0.523712, 0.033642, Iris-versicolor
6.70, 3.00, 5.00, 1.70, 0.672419, 0.306379, 0.021203, Iris-versicolor
6.00, 2.90, 4.50, 1.50, 0.026146, 0.968919, 0.004935, Iris-versicolor
5.70, 2.60, 3.50, 1.00, 0.104637, 0.766557, 0.128806, Iris-versicolor
5.50, 2.40, 3.80, 1.10, 0.089904, 0.831975, 0.078121, Iris-versicolor
5.50, 2.40, 3.70, 1.00, 0.100738, 0.795048, 0.104214, Iris-versicolor
5.80, 2.70, 3.90, 1.20, 0.050333, 0.918583, 0.031084, Iris-versicolor
6.00, 2.70, 5.10, 1.60, 0.319648, 0.656353, 0.023999, Iris-versicolor
5.40, 3.00, 4.50, 1.50, 0.082461, 0.891115, 0.026423, Iris-versicolor
6.00, 3.40, 4.50, 1.60, 0.170645, 0.797208, 0.032147, Iris-versicolor
6.70, 3.10, 4.70, 1.50, 0.411037, 0.555488, 0.033475, Iris-versicolor
6.30, 2.30, 4.40, 1.30, 0.115469, 0.857601, 0.026930, Iris-versicolor
5.60, 3.00, 4.10, 1.30, 0.047005, 0.928849, 0.024145, Iris-versicolor
5.50, 2.50, 4.00, 1.30, 0.062416, 0.899265, 0.038319, Iris-versicolor
5.50, 2.60, 4.40, 1.20, 0.049257, 0.931051, 0.019692, Iris-versicolor
6.10, 3.00, 4.60, 1.40, 0.072658, 0.915721, 0.011620, Iris-versicolor
5.80, 2.60, 4.00, 1.20, 0.041820, 0.935581, 0.022599, Iris-versicolor
5.00, 2.30, 3.30, 1.00, 0.132560, 0.597320, 0.270121, Iris-versicolor
5.60, 2.70, 4.20, 1.30, 0.028474, 0.958801, 0.012726, Iris-versicolor
5.70, 3.00, 4.20, 1.20, 0.037690, 0.945491, 0.016819, Iris-versicolor
5.70, 2.90, 4.20, 1.30, 0.023031, 0.967366, 0.009603, Iris-versicolor
6.20, 2.90, 4.30, 1.30, 0.044696, 0.943887, 0.011417, Iris-versicolor
5.10, 2.50, 3.00, 1.10, 0.124264, 0.518953, 0.356783, Iris-versicolor
5.70, 2.80, 4.10, 1.30, 0.026766, 0.960502, 0.012732, Iris-versicolor
6.30, 3.30, 6.00, 2.50, 0.859883, 0.120752, 0.019365, Iris-virginica
5.80, 2.70, 5.10, 1.90, 0.355076, 0.615593, 0.029331, Iris-virginica
7.10, 3.00, 5.90, 2.10, 0.955767, 0.038154, 0.006079, Iris-virginica
6.30, 2.90, 5.60, 1.80, 0.845503, 0.141961, 0.012536, Iris-virginica
6.50, 3.00, 5.80, 2.20, 0.957598, 0.037645, 0.004757, Iris-virginica
7.60, 3.00, 6.60, 2.10, 0.811843, 0.152681, 0.035477, Iris-virginica
4.90, 2.50, 4.50, 1.70, 0.167047, 0.759811, 0.073142, Iris-virginica
7.30, 2.90, 6.30, 1.80, 0.862941, 0.115147, 0.021912, Iris-virginica
6.70, 2.50, 5.80, 1.80, 0.868637, 0.117354, 0.014009, Iris-virginica
7.20, 3.60, 6.10, 2.50, 0.860983, 0.114599, 0.024418, Iris-virginica
6.50, 3.20, 5.10, 2.00, 0.773317, 0.209912, 0.016771, Iris-virginica
6.40, 2.70, 5.30, 1.90, 0.761070, 0.223159, 0.015771, Iris-virginica
6.80, 3.00, 5.50, 2.10, 0.988815, 0.010018, 0.001167, Iris-virginica
5.70, 2.50, 5.00, 2.00, 0.305649, 0.659936, 0.034415, Iris-virginica
5.80, 2.80, 5.10, 2.40, 0.500600, 0.460997, 0.038404, Iris-virginica
6.40, 3.20, 5.30, 2.30, 0.849852, 0.136080, 0.014068, Iris-virginica
6.50, 3.00, 5.50, 1.80, 0.913208, 0.079626, 0.007166, Iris-virginica
7.70, 3.80, 6.70, 2.20, 0.763582, 0.185829, 0.050588, Iris-virginica
7.70, 2.60, 6.90, 2.30, 0.757528, 0.193259, 0.049213, Iris-virginica
6.00, 2.20, 5.00, 1.50, 0.257068, 0.710680, 0.032252, Iris-virginica
6.90, 3.20, 5.70, 2.30, 0.970470, 0.025701, 0.003829, Iris-virginica
5.60, 2.80, 4.90, 2.00, 0.259363, 0.706959, 0.033678, Iris-virginica
7.70, 2.80, 6.70, 2.00, 0.783170, 0.174835, 0.041995, Iris-virginica
6.30, 2.70, 4.90, 1.80, 0.381371, 0.595805, 0.022825, Iris-virginica
6.70, 3.30, 5.70, 2.10, 0.975341, 0.021745, 0.002914, Iris-virginica
7.20, 3.20, 6.00, 1.80, 0.911913, 0.075174, 0.012913, Iris-virginica
6.20, 2.80, 4.80, 1.80, 0.271171, 0.707833, 0.020996, Iris-virginica
6.10, 3.00, 4.90, 1.80, 0.329928, 0.646967, 0.023105, Iris-virginica
6.40, 2.80, 5.60, 2.10, 0.908625, 0.083010, 0.008365, Iris-virginica
7.20, 3.00, 5.80, 1.60, 0.890785, 0.094759, 0.014456, Iris-virginica
7.40, 2.80, 6.10, 1.90, 0.872745, 0.107455, 0.019800, Iris-virginica
7.90, 3.80, 6.40, 2.00, 0.760091, 0.189007, 0.050903, Iris-virginica
6.40, 2.80, 5.60, 2.20, 0.906186, 0.084850, 0.008964, Iris-virginica
6.30, 2.80, 5.10, 1.50, 0.436322, 0.540264, 0.023414, Iris-virginica
6.10, 2.60, 5.60, 1.40, 0.576031, 0.392743, 0.031225, Iris-virginica
7.70, 3.00, 6.10, 2.30, 0.839544, 0.131782, 0.028674, Iris-virginica
6.30, 3.40, 5.60, 2.40, 0.854060, 0.128710, 0.017230, Iris-virginica
6.40, 3.10, 5.50, 1.80, 0.880127, 0.110083, 0.009789, Iris-virginica
6.00, 3.00, 4.80, 1.80, 0.228307, 0.749957, 0.021737, Iris-virginica
6.90, 3.10, 5.40, 2.10, 0.967546, 0.028963, 0.003491, Iris-virginica
6.70, 3.10, 5.60, 2.40, 0.957239, 0.037681, 0.005080, Iris-virginica
6.90, 3.10, 5.10, 2.30, 0.855097, 0.129494, 0.015408, Iris-virginica
5.80, 2.70, 5.10, 1.90, 0.355076, 0.615593, 0.029331, Iris-virginica
6.80, 3.20, 5.90, 2.30, 0.961012, 0.033737, 0.005252, Iris-virginica
6.70, 3.30, 5.70, 2.50, 0.927110, 0.063186, 0.009704, Iris-virginica
6.70, 3.00, 5.20, 2.30, 0.882339, 0.106392, 0.011268, Iris-virginica
6.30, 2.50, 5.00, 1.90, 0.466623, 0.507546, 0.025831, Iris-virginica
6.50, 3.00, 5.20, 2.00, 0.831433, 0.156446, 0.012121, Iris-virginica
6.20, 3.40, 5.40, 2.30, 0.789363, 0.189051, 0.021586, Iris-virginica
5.90, 3.00, 5.10, 1.80, 0.391238, 0.581821, 0.026940, Iris-virginica
