% Title: Title
%
% Centers:
% 	5.889085 2.761194 4.364087 1.397360 
% 	5.003561 3.403041 1.484992 0.251537 
% 	6.774980 3.052390 5.646741 2.053542 
%

@RELATION

@ATTRIBUTE Attribute0 	 REAL
@ATTRIBUTE Attribute1 	 REAL
@ATTRIBUTE Attribute2 	 REAL
@ATTRIBUTE Attribute3 	 REAL
@ATTRIBUTE MU 	 FUZZY {Zhluk0, Zhluk1, Zhluk2}
@ATTRIBUTE class 	 {Iris-setosa, Iris-versicolor, Iris-virginica}

@DATA
5.10, 3.50, 1.40, 0.20, 0.002501, 0.996336, 0.001163, Iris-setosa
4.90, 3.00, 1.40, 0.20, 0.015890, 0.976953, 0.007157, Iris-setosa
4.70, 3.20, 1.30, 0.20, 0.013429, 0.980309, 0.006261, Iris-setosa
4.60, 3.10, 1.50, 0.20, 0.021855, 0.968311, 0.009834, Iris-setosa
5.00, 3.60, 1.40, 0.20, 0.004131, 0.993927, 0.001942, Iris-setosa
5.40, 3.90, 1.70, 0.40, 0.045787, 0.933140, 0.021073, Iris-setosa
4.60, 3.40, 1.40, 0.30, 0.014007, 0.979487, 0.006506, Iris-setosa
5.00, 3.40, 1.50, 0.20, 0.000268, 0.999611, 0.000121, Iris-setosa
4.40, 2.90, 1.40, 0.20, 0.046911, 0.931555, 0.021534, Iris-setosa
4.90, 3.10, 1.50, 0.10, 0.011267, 0.983690, 0.005043, Iris-setosa
5.40, 3.70, 1.50, 0.20, 0.022320, 0.967214, 0.010466, Iris-setosa
4.80, 3.40, 1.60, 0.20, 0.005333, 0.992280, 0.002387, Iris-setosa
4.80, 3.00, 1.40, 0.10, 0.019422, 0.971746, 0.008832, Iris-setosa
4.30, 3.00, 1.10, 0.10, 0.051304, 0.923696, 0.025000, Iris-setosa
5.80, 4.00, 1.20, 0.20, 0.073506, 0.888396, 0.038099, Iris-setosa
5.70, 4.40, 1.50, 0.40, 0.105711, 0.839271, 0.055018, Iris-setosa
5.40, 3.90, 1.30, 0.40, 0.036523, 0.945516, 0.017961, Iris-setosa
5.10, 3.50, 1.40, 0.30, 0.002525, 0.996307, 0.001168, Iris-setosa
5.70, 3.80, 1.70, 0.30, 0.066290, 0.903061, 0.030649, Iris-setosa
5.10, 3.80, 1.50, 0.30, 0.014920, 0.978068, 0.007013, Iris-setosa
5.40, 3.40, 1.70, 0.20, 0.021751, 0.968754, 0.009496, Iris-setosa
5.10, 3.70, 1.50, 0.40, 0.011010, 0.983901, 0.005089, Iris-setosa
4.60, 3.60, 1.00, 0.20, 0.027861, 0.958129, 0.014011, Iris-setosa
5.10, 3.30, 1.70, 0.50, 0.014214, 0.979778, 0.006008, Iris-setosa
4.80, 3.40, 1.90, 0.20, 0.022998, 0.967266, 0.009736, Iris-setosa
5.00, 3.00, 1.60, 0.20, 0.017526, 0.974903, 0.007571, Iris-setosa
5.00, 3.40, 1.60, 0.40, 0.003571, 0.994860, 0.001569, Iris-setosa
5.20, 3.50, 1.50, 0.20, 0.004741, 0.993092, 0.002167, Iris-setosa
5.20, 3.40, 1.40, 0.20, 0.004339, 0.993660, 0.002001, Iris-setosa
4.70, 3.20, 1.60, 0.20, 0.013700, 0.980239, 0.006061, Iris-setosa
4.80, 3.10, 1.60, 0.20, 0.014087, 0.979751, 0.006163, Iris-setosa
5.40, 3.40, 1.50, 0.40, 0.017759, 0.974273, 0.007968, Iris-setosa
5.20, 4.10, 1.50, 0.10, 0.042212, 0.936925, 0.020863, Iris-setosa
5.50, 4.20, 1.40, 0.20, 0.064664, 0.902383, 0.032953, Iris-setosa
4.90, 3.10, 1.50, 0.10, 0.011267, 0.983690, 0.005043, Iris-setosa
5.00, 3.20, 1.20, 0.20, 0.009921, 0.985406, 0.004673, Iris-setosa
5.50, 3.50, 1.30, 0.20, 0.024494, 0.963826, 0.011681, Iris-setosa
4.90, 3.10, 1.50, 0.10, 0.011267, 0.983690, 0.005043, Iris-setosa
4.40, 3.00, 1.30, 0.20, 0.040479, 0.940569, 0.018952, Iris-setosa
5.10, 3.40, 1.50, 0.20, 0.001141, 0.998342, 0.000517, Iris-setosa
5.00, 3.50, 1.30, 0.30, 0.003833, 0.994361, 0.001806, Iris-setosa
4.50, 2.30, 1.30, 0.30, 0.100904, 0.852725, 0.046372, Iris-setosa
4.40, 3.20, 1.30, 0.20, 0.031866, 0.953071, 0.015063, Iris-setosa
5.00, 3.50, 1.60, 0.60, 0.014672, 0.978870, 0.006458, Iris-setosa
5.10, 3.80, 1.90, 0.40, 0.038892, 0.944173, 0.016935, Iris-setosa
4.80, 3.00, 1.40, 0.30, 0.018494, 0.973200, 0.008305, Iris-setosa
5.10, 3.80, 1.60, 0.20, 0.016550, 0.975755, 0.007695, Iris-setosa
4.60, 3.20, 1.40, 0.20, 0.017276, 0.974770, 0.007954, Iris-setosa
5.30, 3.70, 1.50, 0.20, 0.016082, 0.976396, 0.007523, Iris-setosa
5.00, 3.30, 1.40, 0.20, 0.001810, 0.997361, 0.000829, Iris-setosa
7.00, 3.20, 4.70, 1.40, 0.454253, 0.044600, 0.501147, Iris-versicolor
6.40, 3.20, 4.50, 1.50, 0.764035, 0.029177, 0.206788, Iris-versicolor
6.90, 3.10, 4.90, 1.50, 0.368737, 0.031287, 0.599976, Iris-versicolor
5.50, 2.30, 4.00, 1.30, 0.870004, 0.049529, 0.080466, Iris-versicolor
6.50, 2.80, 4.60, 1.50, 0.758726, 0.024135, 0.217139, Iris-versicolor
5.70, 2.80, 4.50, 1.30, 0.973777, 0.005752, 0.020471, Iris-versicolor
6.30, 3.30, 4.70, 1.60, 0.673001, 0.029806, 0.297193, Iris-versicolor
4.90, 2.40, 3.30, 1.00, 0.581539, 0.286341, 0.132120, Iris-versicolor
6.60, 2.90, 4.60, 1.30, 0.721013, 0.031266, 0.247721, Iris-versicolor
5.20, 2.70, 3.90, 1.40, 0.830320, 0.074969, 0.094712, Iris-versicolor
5.00, 2.00, 3.50, 1.00, 0.635690, 0.219397, 0.144913, Iris-versicolor
5.90, 3.00, 4.20, 1.50, 0.962069, 0.009197, 0.028734, Iris-versicolor
6.00, 2.20, 4.00, 1.00, 0.843042, 0.055829, 0.101129, Iris-versicolor
6.10, 2.90, 4.70, 1.40, 0.899657, 0.012125, 0.088218, Iris-versicolor
5.60, 2.90, 3.60, 1.30, 0.815947, 0.091868, 0.092185, Iris-versicolor
6.70, 3.10, 4.40, 1.40, 0.689873, 0.041750, 0.268376, Iris-versicolor
5.60, 3.00, 4.50, 1.50, 0.933144, 0.014173, 0.052683, Iris-versicolor
5.80, 2.70, 4.10, 1.00, 0.925649, 0.025968, 0.048383, Iris-versicolor
6.20, 2.20, 4.50, 1.50, 0.835344, 0.027211, 0.137444, Iris-versicolor
5.60, 2.50, 3.90, 1.10, 0.877471, 0.051742, 0.070787, Iris-versicolor
5.90, 3.20, 4.80, 1.80, 0.721624, 0.027632, 0.250744, Iris-versicolor
6.10, 2.80, 4.00, 1.30, 0.934231, 0.019534, 0.046235, Iris-versicolor
6.30, 2.50, 4.90, 1.50, 0.705388, 0.024009, 0.270603, Iris-versicolor
6.10, 2.80, 4.70, 1.20, 0.902735, 0.013952, 0.083314, Iris-versicolor
6.40, 2.90, 4.30, 1.30, 0.875903, 0.022933, 0.101164, Iris-versicolor
6.60, 3.00, 4.40, 1.40, 0.754779, 0.033971, 0.211250, Iris-versicolor
6.80, 2.80, 4.80, 1.40, 0.523637, 0.033643, 0.442720, Iris-versicolor
6.70, 3.00, 5.00, 1.70, 0.306289, 0.021200, 0.672511, Iris-versicolor
6.00, 2.90, 4.50, 1.50, 0.968892, 0.004939, 0.026169, Iris-versicolor
5.70, 2.60, 3.50, 1.00, 0.766587, 0.128785, 0.104628, Iris-versicolor
5.50, 2.40, 3.80, 1.10, 0.832003, 0.078104, 0.089893, Iris-versicolor
5.50, 2.40, 3.70, 1.00, 0.795077, 0.104195, 0.100728, Iris-versicolor
5.80, 2.70, 3.90, 1.20, 0.918606, 0.031073, 0.050321, Iris-versicolor
6.00, 2.70, 5.10, 1.60, 0.656261, 0.024002, 0.319738, Iris-versicolor
5.40, 3.00, 4.50, 1.50, 0.891111, 0.026422, 0.082467, Iris-versicolor
6.00, 3.40, 4.50, 1.60, 0.797165, 0.032150, 0.170685, Iris-versicolor
6.70, 3.10, 4.70, 1.50, 0.555408, 0.033476, 0.411117, Iris-versicolor
6.30, 2.30, 4.40, 1.30, 0.857582, 0.026930, 0.115487, Iris-versicolor
5.60, 3.00, 4.10, 1.30, 0.928866, 0.024138, 0.046996, Iris-versicolor
5.50, 2.50, 4.00, 1.30, 0.899289, 0.038308, 0.062403, Iris-versicolor
5.50, 2.60, 4.40, 1.20, 0.931063, 0.019687, 0.049250, Iris-versicolor
6.10, 3.00, 4.60, 1.40, 0.915678, 0.011625, 0.072697, Iris-versicolor
5.80, 2.60, 4.00, 1.20, 0.935603, 0.022590, 0.041807, Iris-versicolor
5.00, 2.30, 3.30, 1.00, 0.597348, 0.270095, 0.132557, Iris-versicolor
5.60, 2.70, 4.20, 1.30, 0.958819, 0.012719, 0.028462, Iris-versicolor
5.70, 3.00, 4.20, 1.20, 0.945504, 0.016814, 0.037682, Iris-versicolor
5.70, 2.90, 4.20, 1.30, 0.967380, 0.009598, 0.023022, Iris-versicolor
6.20, 2.90, 4.30, 1.30, 0.943873, 0.011419, 0.044708, Iris-versicolor
5.10, 2.50, 3.00, 1.10, 0.518981, 0.356756, 0.124264, Iris-versicolor
5.70, 2.80, 4.10, 1.30, 0.960521, 0.012725, 0.026754, Iris-versicolor
6.30, 3.30, 6.00, 2.50, 0.120747, 0.019366, 0.859887, Iris-virginica
5.80, 2.70, 5.10, 1.90, 0.615514, 0.029333, 0.355154, Iris-virginica
7.10, 3.00, 5.90, 2.10, 0.038168, 0.006082, 0.955750, Iris-virginica
6.30, 2.90, 5.60, 1.80, 0.141909, 0.012533, 0.845558, Iris-virginica
6.50, 3.00, 5.80, 2.20, 0.037639, 0.004757, 0.957603, Iris-virginica
7.60, 3.00, 6.60, 2.10, 0.152692, 0.035482, 0.811827, Iris-virginica
4.90, 2.50, 4.50, 1.70, 0.759811, 0.073137, 0.167052, Iris-virginica
7.30, 2.90, 6.30, 1.80, 0.115158, 0.021916, 0.862926, Iris-virginica
6.70, 2.50, 5.80, 1.80, 0.117336, 0.014009, 0.868655, Iris-virginica
7.20, 3.60, 6.10, 2.50, 0.114611, 0.024422, 0.860967, Iris-virginica
6.50, 3.20, 5.10, 2.00, 0.209835, 0.016768, 0.773398, Iris-virginica
6.40, 2.70, 5.30, 1.90, 0.223076, 0.015768, 0.761155, Iris-virginica
6.80, 3.00, 5.50, 2.10, 0.010009, 0.001166, 0.988825, Iris-virginica
5.70, 2.50, 5.00, 2.00, 0.659878, 0.034416, 0.305706, Iris-virginica
5.80, 2.80, 5.10, 2.40, 0.460934, 0.038403, 0.500663, Iris-virginica
6.40, 3.20, 5.30, 2.30, 0.136036, 0.014066, 0.849899, Iris-virginica
6.50, 3.00, 5.50, 1.80, 0.079581, 0.007163, 0.913256, Iris-virginica
7.70, 3.80, 6.70, 2.20, 0.185838, 0.050594, 0.763568, Iris-virginica
7.70, 2.60, 6.90, 2.30, 0.193266, 0.049218, 0.757516, Iris-virginica
6.00, 2.20, 5.00, 1.50, 0.710629, 0.032254, 0.257118, Iris-virginica
6.90, 3.20, 5.70, 2.30, 0.025709, 0.003831, 0.970460, Iris-virginica
5.60, 2.80, 4.90, 2.00, 0.706904, 0.033680, 0.259416, Iris-virginica
7.70, 2.80, 6.70, 2.00, 0.174844, 0.042000, 0.783156, Iris-virginica
6.30, 2.70, 4.90, 1.80, 0.595695, 0.022826, 0.381479, Iris-virginica
6.70, 3.30, 5.70, 2.10, 0.021746, 0.002915, 0.975340, Iris-virginica
7.20, 3.20, 6.00, 1.80, 0.075185, 0.012916, 0.911898, Iris-virginica
6.20, 2.80, 4.80, 1.80, 0.707733, 0.020999, 0.271268, Iris-virginica
6.10, 3.00, 4.90, 1.80, 0.646861, 0.023108, 0.330031, Iris-virginica
6.40, 2.80, 5.60, 2.10, 0.082978, 0.008363, 0.908660, Iris-virginica
7.20, 3.00, 5.80, 1.60, 0.094761, 0.014457, 0.890782, Iris-virginica
7.40, 2.80, 6.10, 1.90, 0.107465, 0.019804, 0.872731, Iris-virginica
7.90, 3.80, 6.40, 2.00, 0.189014, 0.050908, 0.760078, Iris-virginica
6.40, 2.80, 5.60, 2.20, 0.084821, 0.008962, 0.906217, Iris-virginica
6.30, 2.80, 5.10, 1.50, 0.540155, 0.023414, 0.436430, Iris-virginica
6.10, 2.60, 5.60, 1.40, 0.392681, 0.031224, 0.576095, Iris-virginica
7.70, 3.00, 6.10, 2.30, 0.131793, 0.028679, 0.839528, Iris-virginica
6.30, 3.40, 5.60, 2.40, 0.128689, 0.017229, 0.854081, Iris-virginica
6.40, 3.10, 5.50, 1.80, 0.110032, 0.009786, 0.880182, Iris-virginica
6.00, 3.00, 4.80, 1.80, 0.749871, 0.021740, 0.228388, Iris-virginica
6.90, 3.10, 5.40, 2.10, 0.028953, 0.003490, 0.967557, Iris-virginica
6.70, 3.10, 5.60, 2.40, 0.037679, 0.005080, 0.957241, Iris-virginica
6.90, 3.10, 5.10, 2.30, 0.129464, 0.015407, 0.855129, Iris-virginica
5.80, 2.70, 5.10, 1.90, 0.615514, 0.029333, 0.355154, Iris-virginica
6.80, 3.20, 5.90, 2.30, 0.033748, 0.005254, 0.960999, Iris-virginica
6.70, 3.30, 5.70, 2.50, 0.063188, 0.009705, 0.927107, Iris-virginica
6.70, 3.00, 5.20, 2.30, 0.106356, 0.011266, 0.882378, Iris-virginica
6.30, 2.50, 5.00, 1.90, 0.507450, 0.025831, 0.466719, Iris-virginica
6.50, 3.00, 5.20, 2.00, 0.156371, 0.012117, 0.831511, Iris-virginica
6.20, 3.40, 5.40, 2.30, 0.189010, 0.021584, 0.789406, Iris-virginica
5.90, 3.00, 5.10, 1.80, 0.581727, 0.026942, 0.391331, Iris-virginica
