% Title: Title
%
% Centers:
% 	6.774977 3.052390 5.646737 2.053540 
% 	5.003561 3.403041 1.484992 0.251537 
% 	5.889082 2.761193 4.364084 1.397358 
%

@RELATION

@ATTRIBUTE Attribute0 	 REAL
@ATTRIBUTE Attribute1 	 REAL
@ATTRIBUTE Attribute2 	 REAL
@ATTRIBUTE Attribute3 	 REAL
@ATTRIBUTE MU 	 FUZZY {Zhluk0, Zhluk1, Zhluk2}
@ATTRIBUTE class 	 {Iris-setosa, Iris-versicolor, Iris-virginica}

@DATA
5.10, 3.50, 1.40, 0.20, 0.001163, 0.996336, 0.002501, Iris-setosa
4.90, 3.00, 1.40, 0.20, 0.007157, 0.976953, 0.015890, Iris-setosa
4.70, 3.20, 1.30, 0.20, 0.006261, 0.980309, 0.013429, Iris-setosa
4.60, 3.10, 1.50, 0.20, 0.009834, 0.968311, 0.021855, Iris-setosa
5.00, 3.60, 1.40, 0.20, 0.001942, 0.993927, 0.004131, Iris-setosa
5.40, 3.90, 1.70, 0.40, 0.021073, 0.933140, 0.045787, Iris-setosa
4.60, 3.40, 1.40, 0.30, 0.006506, 0.979487, 0.014007, Iris-setosa
5.00, 3.40, 1.50, 0.20, 0.000121, 0.999611, 0.000268, Iris-setosa
4.40, 2.90, 1.40, 0.20, 0.021534, 0.931555, 0.046911, Iris-setosa
4.90, 3.10, 1.50, 0.10, 0.005043, 0.983690, 0.011267, Iris-setosa
5.40, 3.70, 1.50, 0.20, 0.010466, 0.967214, 0.022320, Iris-setosa
4.80, 3.40, 1.60, 0.20, 0.002387, 0.992280, 0.005333, Iris-setosa
4.80, 3.00, 1.40, 0.10, 0.008832, 0.971746, 0.019422, Iris-setosa
4.30, 3.00, 1.10, 0.10, 0.025000, 0.923696, 0.051304, Iris-setosa
5.80, 4.00, 1.20, 0.20, 0.038099, 0.888395, 0.073506, Iris-setosa
5.70, 4.40, 1.50, 0.40, 0.055018, 0.839271, 0.105711, Iris-setosa
5.40, 3.90, 1.30, 0.40, 0.017961, 0.945516, 0.036523, Iris-setosa
5.10, 3.50, 1.40, 0.30, 0.001168, 0.996307, 0.002525, Iris-setosa
5.70, 3.80, 1.70, 0.30, 0.030649, 0.903060, 0.066290, Iris-setosa
5.10, 3.80, 1.50, 0.30, 0.007013, 0.978068, 0.014920, Iris-setosa
5.40, 3.40, 1.70, 0.20, 0.009496, 0.968754, 0.021751, Iris-setosa
5.10, 3.70, 1.50, 0.40, 0.005089, 0.983901, 0.011010, Iris-setosa
4.60, 3.60, 1.00, 0.20, 0.014011, 0.958129, 0.027861, Iris-setosa
5.10, 3.30, 1.70, 0.50, 0.006008, 0.979778, 0.014214, Iris-setosa
4.80, 3.40, 1.90, 0.20, 0.009736, 0.967266, 0.022998, Iris-setosa
5.00, 3.00, 1.60, 0.20, 0.007571, 0.974903, 0.017526, Iris-setosa
5.00, 3.40, 1.60, 0.40, 0.001569, 0.994860, 0.003571, Iris-setosa
5.20, 3.50, 1.50, 0.20, 0.002167, 0.993092, 0.004741, Iris-setosa
5.20, 3.40, 1.40, 0.20, 0.002001, 0.993660, 0.004339, Iris-setosa
4.70, 3.20, 1.60, 0.20, 0.006061, 0.980238, 0.013700, Iris-setosa
4.80, 3.10, 1.60, 0.20, 0.006163, 0.979750, 0.014087, Iris-setosa
5.40, 3.40, 1.50, 0.40, 0.007968, 0.974273, 0.017759, Iris-setosa
5.20, 4.10, 1.50, 0.10, 0.020863, 0.936925, 0.042212, Iris-setosa
5.50, 4.20, 1.40, 0.20, 0.032953, 0.902383, 0.064664, Iris-setosa
4.90, 3.10, 1.50, 0.10, 0.005043, 0.983690, 0.011267, Iris-setosa
5.00, 3.20, 1.20, 0.20, 0.004673, 0.985406, 0.009921, Iris-setosa
5.50, 3.50, 1.30, 0.20, 0.011681, 0.963826, 0.024494, Iris-setosa
4.90, 3.10, 1.50, 0.10, 0.005043, 0.983690, 0.011267, Iris-setosa
4.40, 3.00, 1.30, 0.20, 0.018952, 0.940569, 0.040479, Iris-setosa
5.10, 3.40, 1.50, 0.20, 0.000517, 0.998342, 0.001141, Iris-setosa
5.00, 3.50, 1.30, 0.30, 0.001806, 0.994361, 0.003833, Iris-setosa
4.50, 2.30, 1.30, 0.30, 0.046372, 0.852724, 0.100904, Iris-setosa
4.40, 3.20, 1.30, 0.20, 0.015063, 0.953071, 0.031866, Iris-setosa
5.00, 3.50, 1.60, 0.60, 0.006458, 0.978870, 0.014672, Iris-setosa
5.10, 3.80, 1.90, 0.40, 0.016935, 0.944173, 0.038892, Iris-setosa
4.80, 3.00, 1.40, 0.30, 0.008305, 0.973200, 0.018494, Iris-setosa
5.10, 3.80, 1.60, 0.20, 0.007695, 0.975755, 0.016550, Iris-setosa
4.60, 3.20, 1.40, 0.20, 0.007954, 0.974770, 0.017276, Iris-setosa
5.30, 3.70, 1.50, 0.20, 0.007523, 0.976396, 0.016082, Iris-setosa
5.00, 3.30, 1.40, 0.20, 0.000829, 0.997361, 0.001810, Iris-setosa
7.00, 3.20, 4.70, 1.40, 0.501151, 0.044600, 0.454249, Iris-versicolor
6.40, 3.20, 4.50, 1.50, 0.206792, 0.029178, 0.764030, Iris-versicolor
6.90, 3.10, 4.90, 1.50, 0.599981, 0.031287, 0.368732, Iris-versicolor
5.50, 2.30, 4.00, 1.30, 0.080466, 0.049529, 0.870006, Iris-versicolor
6.50, 2.80, 4.60, 1.50, 0.217144, 0.024135, 0.758720, Iris-versicolor
5.70, 2.80, 4.50, 1.30, 0.020471, 0.005752, 0.973777, Iris-versicolor
6.30, 3.30, 4.70, 1.60, 0.297198, 0.029807, 0.672995, Iris-versicolor
4.90, 2.40, 3.30, 1.00, 0.132120, 0.286339, 0.581541, Iris-versicolor
6.60, 2.90, 4.60, 1.30, 0.247726, 0.031266, 0.721008, Iris-versicolor
5.20, 2.70, 3.90, 1.40, 0.094711, 0.074968, 0.830321, Iris-versicolor
5.00, 2.00, 3.50, 1.00, 0.144913, 0.219396, 0.635692, Iris-versicolor
5.90, 3.00, 4.20, 1.50, 0.028734, 0.009197, 0.962069, Iris-versicolor
6.00, 2.20, 4.00, 1.00, 0.101129, 0.055828, 0.843043, Iris-versicolor
6.10, 2.90, 4.70, 1.40, 0.088222, 0.012125, 0.899653, Iris-versicolor
5.60, 2.90, 3.60, 1.30, 0.092184, 0.091867, 0.815949, Iris-versicolor
6.70, 3.10, 4.40, 1.40, 0.268380, 0.041751, 0.689870, Iris-versicolor
5.60, 3.00, 4.50, 1.50, 0.052683, 0.014173, 0.933143, Iris-versicolor
5.80, 2.70, 4.10, 1.00, 0.048383, 0.025967, 0.925650, Iris-versicolor
6.20, 2.20, 4.50, 1.50, 0.137446, 0.027211, 0.835343, Iris-versicolor
5.60, 2.50, 3.90, 1.10, 0.070786, 0.051741, 0.877473, Iris-versicolor
5.90, 3.20, 4.80, 1.80, 0.250749, 0.027632, 0.721619, Iris-versicolor
6.10, 2.80, 4.00, 1.30, 0.046234, 0.019534, 0.934232, Iris-versicolor
6.30, 2.50, 4.90, 1.50, 0.270609, 0.024009, 0.705382, Iris-versicolor
6.10, 2.80, 4.70, 1.20, 0.083316, 0.013952, 0.902732, Iris-versicolor
6.40, 2.90, 4.30, 1.30, 0.101165, 0.022933, 0.875901, Iris-versicolor
6.60, 3.00, 4.40, 1.40, 0.211254, 0.033971, 0.754775, Iris-versicolor
6.80, 2.80, 4.80, 1.40, 0.442726, 0.033643, 0.523631, Iris-versicolor
6.70, 3.00, 5.00, 1.70, 0.672518, 0.021200, 0.306282, Iris-versicolor
6.00, 2.90, 4.50, 1.50, 0.026171, 0.004939, 0.968890, Iris-versicolor
5.70, 2.60, 3.50, 1.00, 0.104628, 0.128783, 0.766589, Iris-versicolor
5.50, 2.40, 3.80, 1.10, 0.089892, 0.078103, 0.832005, Iris-versicolor
5.50, 2.40, 3.70, 1.00, 0.100727, 0.104193, 0.795079, Iris-versicolor
5.80, 2.70, 3.90, 1.20, 0.050320, 0.031072, 0.918608, Iris-versicolor
6.00, 2.70, 5.10, 1.60, 0.319744, 0.024002, 0.656254, Iris-versicolor
5.40, 3.00, 4.50, 1.50, 0.082467, 0.026422, 0.891111, Iris-versicolor
6.00, 3.40, 4.50, 1.60, 0.170687, 0.032150, 0.797162, Iris-versicolor
6.70, 3.10, 4.70, 1.50, 0.411122, 0.033476, 0.555402, Iris-versicolor
6.30, 2.30, 4.40, 1.30, 0.115489, 0.026931, 0.857581, Iris-versicolor
5.60, 3.00, 4.10, 1.30, 0.046995, 0.024137, 0.928867, Iris-versicolor
5.50, 2.50, 4.00, 1.30, 0.062402, 0.038307, 0.899291, Iris-versicolor
5.50, 2.60, 4.40, 1.20, 0.049249, 0.019687, 0.931064, Iris-versicolor
6.10, 3.00, 4.60, 1.40, 0.072700, 0.011625, 0.915675, Iris-versicolor
5.80, 2.60, 4.00, 1.20, 0.041806, 0.022589, 0.935605, Iris-versicolor
5.00, 2.30, 3.30, 1.00, 0.132557, 0.270094, 0.597350, Iris-versicolor
5.60, 2.70, 4.20, 1.30, 0.028461, 0.012718, 0.958820, Iris-versicolor
5.70, 3.00, 4.20, 1.20, 0.037681, 0.016813, 0.945505, Iris-versicolor
5.70, 2.90, 4.20, 1.30, 0.023021, 0.009598, 0.967381, Iris-versicolor
6.20, 2.90, 4.30, 1.30, 0.044709, 0.011419, 0.943872, Iris-versicolor
5.10, 2.50, 3.00, 1.10, 0.124264, 0.356754, 0.518983, Iris-versicolor
5.70, 2.80, 4.10, 1.30, 0.026753, 0.012724, 0.960523, Iris-versicolor
6.30, 3.30, 6.00, 2.50, 0.859887, 0.019366, 0.120747, Iris-virginica
5.80, 2.70, 5.10, 1.90, 0.355159, 0.029333, 0.615508, Iris-virginica
7.10, 3.00, 5.90, 2.10, 0.955749, 0.006082, 0.038169, Iris-virginica
6.30, 2.90, 5.60, 1.80, 0.845562, 0.012533, 0.141905, Iris-virginica
6.50, 3.00, 5.80, 2.20, 0.957604, 0.004757, 0.037639, Iris-virginica
7.60, 3.00, 6.60, 2.10, 0.811825, 0.035482, 0.152692, Iris-virginica
4.90, 2.50, 4.50, 1.70, 0.167052, 0.073137, 0.759811, Iris-virginica
7.30, 2.90, 6.30, 1.80, 0.862925, 0.021916, 0.115158, Iris-virginica
6.70, 2.50, 5.80, 1.80, 0.868656, 0.014009, 0.117335, Iris-virginica
7.20, 3.60, 6.10, 2.50, 0.860966, 0.024422, 0.114612, Iris-virginica
6.50, 3.20, 5.10, 2.00, 0.773403, 0.016767, 0.209829, Iris-virginica
6.40, 2.70, 5.30, 1.90, 0.761161, 0.015768, 0.223070, Iris-virginica
6.80, 3.00, 5.50, 2.10, 0.988825, 0.001166, 0.010009, Iris-virginica
5.70, 2.50, 5.00, 2.00, 0.305710, 0.034416, 0.659873, Iris-virginica
5.80, 2.80, 5.10, 2.40, 0.500667, 0.038403, 0.460930, Iris-virginica
6.40, 3.20, 5.30, 2.30, 0.849902, 0.014065, 0.136033, Iris-virginica
6.50, 3.00, 5.50, 1.80, 0.913259, 0.007163, 0.079578, Iris-virginica
7.70, 3.80, 6.70, 2.20, 0.763567, 0.050594, 0.185839, Iris-virginica
7.70, 2.60, 6.90, 2.30, 0.757515, 0.049218, 0.193267, Iris-virginica
6.00, 2.20, 5.00, 1.50, 0.257121, 0.032254, 0.710625, Iris-virginica
6.90, 3.20, 5.70, 2.30, 0.970459, 0.003831, 0.025710, Iris-virginica
5.60, 2.80, 4.90, 2.00, 0.259420, 0.033680, 0.706900, Iris-virginica
7.70, 2.80, 6.70, 2.00, 0.783155, 0.042001, 0.174844, Iris-virginica
6.30, 2.70, 4.90, 1.80, 0.381487, 0.022826, 0.595687, Iris-virginica
6.70, 3.30, 5.70, 2.10, 0.975339, 0.002915, 0.021746, Iris-virginica
7.20, 3.20, 6.00, 1.80, 0.911897, 0.012917, 0.075186, Iris-virginica
6.20, 2.80, 4.80, 1.80, 0.271275, 0.021000, 0.707726, Iris-virginica
6.10, 3.00, 4.90, 1.80, 0.330038, 0.023108, 0.646854, Iris-virginica
6.40, 2.80, 5.60, 2.10, 0.908662, 0.008362, 0.082975, Iris-virginica
7.20, 3.00, 5.80, 1.60, 0.890782, 0.014457, 0.094761, Iris-virginica
7.40, 2.80, 6.10, 1.90, 0.872730, 0.019804, 0.107466, Iris-virginica
7.90, 3.80, 6.40, 2.00, 0.760077, 0.050908, 0.189015, Iris-virginica
6.40, 2.80, 5.60, 2.20, 0.906219, 0.008961, 0.084819, Iris-virginica
6.30, 2.80, 5.10, 1.50, 0.436438, 0.023414, 0.540148, Iris-virginica
6.10, 2.60, 5.60, 1.40, 0.576100, 0.031224, 0.392676, Iris-virginica
7.70, 3.00, 6.10, 2.30, 0.839527, 0.028679, 0.131794, Iris-virginica
6.30, 3.40, 5.60, 2.40, 0.854083, 0.017229, 0.128688, Iris-virginica
6.40, 3.10, 5.50, 1.80, 0.880186, 0.009786, 0.110029, Iris-virginica
6.00, 3.00, 4.80, 1.80, 0.228394, 0.021741, 0.749865, Iris-virginica
6.90, 3.10, 5.40, 2.10, 0.967557, 0.003490, 0.028953, Iris-virginica
6.70, 3.10, 5.60, 2.40, 0.957242, 0.005080, 0.037679, Iris-virginica
6.90, 3.10, 5.10, 2.30, 0.855131, 0.015406, 0.129462, Iris-virginica
5.80, 2.70, 5.10, 1.90, 0.355159, 0.029333, 0.615508, Iris-virginica
6.80, 3.20, 5.90, 2.30, 0.960998, 0.005254, 0.033748, Iris-virginica
6.70, 3.30, 5.70, 2.50, 0.927107, 0.009705, 0.063188, Iris-virginica
6.70, 3.00, 5.20, 2.30, 0.882381, 0.011266, 0.106353, Iris-virginica
6.30, 2.50, 5.00, 1.90, 0.466726, 0.025831, 0.507443, Iris-virginica
6.50, 3.00, 5.20, 2.00, 0.831517, 0.012117, 0.156366, Iris-virginica
6.20, 3.40, 5.40, 2.30, 0.789409, 0.021584, 0.189007, Iris-virginica
5.90, 3.00, 5.10, 1.80, 0.391338, 0.026942, 0.581721, Iris-virginica
