% Title: Title
%
% Centers:
% 	6.775001 3.052397 5.646767 2.053552 
% 	5.003561 3.403040 1.484994 0.251538 
% 	5.889102 2.761200 4.364113 1.397373 
%

@RELATION

@ATTRIBUTE Attribute0 	 REAL
@ATTRIBUTE Attribute1 	 REAL
@ATTRIBUTE Attribute2 	 REAL
@ATTRIBUTE Attribute3 	 REAL
@ATTRIBUTE MU 	 FUZZY {Zhluk0, Zhluk1, Zhluk2}
@ATTRIBUTE class 	 {Iris-setosa, Iris-versicolor, Iris-virginica}

@DATA
5.10, 3.50, 1.40, 0.20, 0.001163, 0.996336, 0.002501, Iris-setosa
4.90, 3.00, 1.40, 0.20, 0.007157, 0.976954, 0.015890, Iris-setosa
4.70, 3.20, 1.30, 0.20, 0.006261, 0.980310, 0.013429, Iris-setosa
4.60, 3.10, 1.50, 0.20, 0.009834, 0.968312, 0.021854, Iris-setosa
5.00, 3.60, 1.40, 0.20, 0.001942, 0.993927, 0.004131, Iris-setosa
5.40, 3.90, 1.70, 0.40, 0.021072, 0.933142, 0.045786, Iris-setosa
4.60, 3.40, 1.40, 0.30, 0.006506, 0.979488, 0.014006, Iris-setosa
5.00, 3.40, 1.50, 0.20, 0.000121, 0.999611, 0.000268, Iris-setosa
4.40, 2.90, 1.40, 0.20, 0.021534, 0.931557, 0.046910, Iris-setosa
4.90, 3.10, 1.50, 0.10, 0.005043, 0.983690, 0.011267, Iris-setosa
5.40, 3.70, 1.50, 0.20, 0.010466, 0.967214, 0.022320, Iris-setosa
4.80, 3.40, 1.60, 0.20, 0.002387, 0.992280, 0.005333, Iris-setosa
4.80, 3.00, 1.40, 0.10, 0.008832, 0.971747, 0.019421, Iris-setosa
4.30, 3.00, 1.10, 0.10, 0.024999, 0.923698, 0.051303, Iris-setosa
5.80, 4.00, 1.20, 0.20, 0.038098, 0.888397, 0.073504, Iris-setosa
5.70, 4.40, 1.50, 0.40, 0.055017, 0.839273, 0.105709, Iris-setosa
5.40, 3.90, 1.30, 0.40, 0.017961, 0.945517, 0.036522, Iris-setosa
5.10, 3.50, 1.40, 0.30, 0.001168, 0.996307, 0.002525, Iris-setosa
5.70, 3.80, 1.70, 0.30, 0.030649, 0.903063, 0.066289, Iris-setosa
5.10, 3.80, 1.50, 0.30, 0.007012, 0.978068, 0.014919, Iris-setosa
5.40, 3.40, 1.70, 0.20, 0.009495, 0.968755, 0.021750, Iris-setosa
5.10, 3.70, 1.50, 0.40, 0.005089, 0.983901, 0.011010, Iris-setosa
4.60, 3.60, 1.00, 0.20, 0.014011, 0.958129, 0.027860, Iris-setosa
5.10, 3.30, 1.70, 0.50, 0.006008, 0.979779, 0.014214, Iris-setosa
4.80, 3.40, 1.90, 0.20, 0.009735, 0.967268, 0.022997, Iris-setosa
5.00, 3.00, 1.60, 0.20, 0.007571, 0.974904, 0.017525, Iris-setosa
5.00, 3.40, 1.60, 0.40, 0.001569, 0.994861, 0.003571, Iris-setosa
5.20, 3.50, 1.50, 0.20, 0.002167, 0.993092, 0.004740, Iris-setosa
5.20, 3.40, 1.40, 0.20, 0.002001, 0.993660, 0.004339, Iris-setosa
4.70, 3.20, 1.60, 0.20, 0.006061, 0.980239, 0.013700, Iris-setosa
4.80, 3.10, 1.60, 0.20, 0.006162, 0.979751, 0.014086, Iris-setosa
5.40, 3.40, 1.50, 0.40, 0.007968, 0.974274, 0.017758, Iris-setosa
5.20, 4.10, 1.50, 0.10, 0.020862, 0.936926, 0.042211, Iris-setosa
5.50, 4.20, 1.40, 0.20, 0.032953, 0.902385, 0.064663, Iris-setosa
4.90, 3.10, 1.50, 0.10, 0.005043, 0.983690, 0.011267, Iris-setosa
5.00, 3.20, 1.20, 0.20, 0.004673, 0.985406, 0.009920, Iris-setosa
5.50, 3.50, 1.30, 0.20, 0.011680, 0.963826, 0.024493, Iris-setosa
4.90, 3.10, 1.50, 0.10, 0.005043, 0.983690, 0.011267, Iris-setosa
4.40, 3.00, 1.30, 0.20, 0.018951, 0.940570, 0.040478, Iris-setosa
5.10, 3.40, 1.50, 0.20, 0.000517, 0.998342, 0.001141, Iris-setosa
5.00, 3.50, 1.30, 0.30, 0.001806, 0.994361, 0.003833, Iris-setosa
4.50, 2.30, 1.30, 0.30, 0.046371, 0.852728, 0.100901, Iris-setosa
4.40, 3.20, 1.30, 0.20, 0.015063, 0.953072, 0.031865, Iris-setosa
5.00, 3.50, 1.60, 0.60, 0.006457, 0.978871, 0.014672, Iris-setosa
5.10, 3.80, 1.90, 0.40, 0.016934, 0.944175, 0.038891, Iris-setosa
4.80, 3.00, 1.40, 0.30, 0.008305, 0.973201, 0.018494, Iris-setosa
5.10, 3.80, 1.60, 0.20, 0.007695, 0.975756, 0.016550, Iris-setosa
4.60, 3.20, 1.40, 0.20, 0.007954, 0.974771, 0.017275, Iris-setosa
5.30, 3.70, 1.50, 0.20, 0.007523, 0.976396, 0.016081, Iris-setosa
5.00, 3.30, 1.40, 0.20, 0.000829, 0.997361, 0.001810, Iris-setosa
7.00, 3.20, 4.70, 1.40, 0.501118, 0.044600, 0.454281, Iris-versicolor
6.40, 3.20, 4.50, 1.50, 0.206759, 0.029175, 0.764065, Iris-versicolor
6.90, 3.10, 4.90, 1.50, 0.599941, 0.031287, 0.368772, Iris-versicolor
5.50, 2.30, 4.00, 1.30, 0.080472, 0.049535, 0.869994, Iris-versicolor
6.50, 2.80, 4.60, 1.50, 0.217104, 0.024133, 0.758762, Iris-versicolor
5.70, 2.80, 4.50, 1.30, 0.020471, 0.005752, 0.973777, Iris-versicolor
6.30, 3.30, 4.70, 1.60, 0.297153, 0.029805, 0.673042, Iris-versicolor
4.90, 2.40, 3.30, 1.00, 0.132121, 0.286354, 0.581525, Iris-versicolor
6.60, 2.90, 4.60, 1.30, 0.247691, 0.031264, 0.721045, Iris-versicolor
5.20, 2.70, 3.90, 1.40, 0.094716, 0.074976, 0.830308, Iris-versicolor
5.00, 2.00, 3.50, 1.00, 0.144915, 0.219408, 0.635678, Iris-versicolor
5.90, 3.00, 4.20, 1.50, 0.028733, 0.009197, 0.962070, Iris-versicolor
6.00, 2.20, 4.00, 1.00, 0.101132, 0.055833, 0.843035, Iris-versicolor
6.10, 2.90, 4.70, 1.40, 0.088194, 0.012122, 0.899684, Iris-versicolor
5.60, 2.90, 3.60, 1.30, 0.092189, 0.091877, 0.815934, Iris-versicolor
6.70, 3.10, 4.40, 1.40, 0.268351, 0.041749, 0.689900, Iris-versicolor
5.60, 3.00, 4.50, 1.50, 0.052679, 0.014173, 0.933148, Iris-versicolor
5.80, 2.70, 4.10, 1.00, 0.048389, 0.025972, 0.925638, Iris-versicolor
6.20, 2.20, 4.50, 1.50, 0.137432, 0.027210, 0.835358, Iris-versicolor
5.60, 2.50, 3.90, 1.10, 0.070794, 0.051749, 0.877457, Iris-versicolor
5.90, 3.20, 4.80, 1.80, 0.250709, 0.027630, 0.721661, Iris-versicolor
6.10, 2.80, 4.00, 1.30, 0.046237, 0.019536, 0.934227, Iris-versicolor
6.30, 2.50, 4.90, 1.50, 0.270564, 0.024008, 0.705429, Iris-versicolor
6.10, 2.80, 4.70, 1.20, 0.083297, 0.013950, 0.902753, Iris-versicolor
6.40, 2.90, 4.30, 1.30, 0.101152, 0.022932, 0.875917, Iris-versicolor
6.60, 3.00, 4.40, 1.40, 0.211226, 0.033970, 0.754804, Iris-versicolor
6.80, 2.80, 4.80, 1.40, 0.442682, 0.033643, 0.523675, Iris-versicolor
6.70, 3.00, 5.00, 1.70, 0.672464, 0.021201, 0.306334, Iris-versicolor
6.00, 2.90, 4.50, 1.50, 0.026157, 0.004937, 0.968906, Iris-versicolor
5.70, 2.60, 3.50, 1.00, 0.104633, 0.128795, 0.766572, Iris-versicolor
5.50, 2.40, 3.80, 1.10, 0.089899, 0.078113, 0.831989, Iris-versicolor
5.50, 2.40, 3.70, 1.00, 0.100733, 0.104204, 0.795062, Iris-versicolor
5.80, 2.70, 3.90, 1.20, 0.050327, 0.031079, 0.918594, Iris-versicolor
6.00, 2.70, 5.10, 1.60, 0.319692, 0.024000, 0.656307, Iris-versicolor
5.40, 3.00, 4.50, 1.50, 0.082464, 0.026423, 0.891113, Iris-versicolor
6.00, 3.40, 4.50, 1.60, 0.170664, 0.032149, 0.797187, Iris-versicolor
6.70, 3.10, 4.70, 1.50, 0.411076, 0.033475, 0.555448, Iris-versicolor
6.30, 2.30, 4.40, 1.30, 0.115478, 0.026930, 0.857592, Iris-versicolor
5.60, 3.00, 4.10, 1.30, 0.047001, 0.024142, 0.928857, Iris-versicolor
5.50, 2.50, 4.00, 1.30, 0.062409, 0.038314, 0.899277, Iris-versicolor
5.50, 2.60, 4.40, 1.20, 0.049254, 0.019690, 0.931057, Iris-versicolor
6.10, 3.00, 4.60, 1.40, 0.072677, 0.011623, 0.915700, Iris-versicolor
5.80, 2.60, 4.00, 1.20, 0.041814, 0.022594, 0.935592, Iris-versicolor
5.00, 2.30, 3.30, 1.00, 0.132558, 0.270108, 0.597333, Iris-versicolor
5.60, 2.70, 4.20, 1.30, 0.028468, 0.012722, 0.958810, Iris-versicolor
5.70, 3.00, 4.20, 1.20, 0.037686, 0.016817, 0.945497, Iris-versicolor
5.70, 2.90, 4.20, 1.30, 0.023027, 0.009601, 0.967373, Iris-versicolor
6.20, 2.90, 4.30, 1.30, 0.044702, 0.011418, 0.943880, Iris-versicolor
5.10, 2.50, 3.00, 1.10, 0.124264, 0.356769, 0.518966, Iris-versicolor
5.70, 2.80, 4.10, 1.30, 0.026760, 0.012729, 0.960511, Iris-versicolor
6.30, 3.30, 6.00, 2.50, 0.859885, 0.019366, 0.120749, Iris-virginica
5.80, 2.70, 5.10, 1.90, 0.355114, 0.029332, 0.615554, Iris-virginica
7.10, 3.00, 5.90, 2.10, 0.955758, 0.006080, 0.038161, Iris-virginica
6.30, 2.90, 5.60, 1.80, 0.845530, 0.012534, 0.141935, Iris-virginica
6.50, 3.00, 5.80, 2.20, 0.957601, 0.004757, 0.037642, Iris-virginica
7.60, 3.00, 6.60, 2.10, 0.811835, 0.035479, 0.152686, Iris-virginica
4.90, 2.50, 4.50, 1.70, 0.167049, 0.073140, 0.759811, Iris-virginica
7.30, 2.90, 6.30, 1.80, 0.862934, 0.021914, 0.115152, Iris-virginica
6.70, 2.50, 5.80, 1.80, 0.868646, 0.014009, 0.117345, Iris-virginica
7.20, 3.60, 6.10, 2.50, 0.860975, 0.024420, 0.114605, Iris-virginica
6.50, 3.20, 5.10, 2.00, 0.773357, 0.016769, 0.209874, Iris-virginica
6.40, 2.70, 5.30, 1.90, 0.761112, 0.015770, 0.223118, Iris-virginica
6.80, 3.00, 5.50, 2.10, 0.988820, 0.001167, 0.010014, Iris-virginica
5.70, 2.50, 5.00, 2.00, 0.305677, 0.034416, 0.659907, Iris-virginica
5.80, 2.80, 5.10, 2.40, 0.500631, 0.038403, 0.460966, Iris-virginica
6.40, 3.20, 5.30, 2.30, 0.849875, 0.014067, 0.136058, Iris-virginica
6.50, 3.00, 5.50, 1.80, 0.913232, 0.007165, 0.079604, Iris-virginica
7.70, 3.80, 6.70, 2.20, 0.763576, 0.050591, 0.185834, Iris-virginica
7.70, 2.60, 6.90, 2.30, 0.757522, 0.049215, 0.193263, Iris-virginica
6.00, 2.20, 5.00, 1.50, 0.257093, 0.032253, 0.710655, Iris-virginica
6.90, 3.20, 5.70, 2.30, 0.970465, 0.003830, 0.025705, Iris-virginica
5.60, 2.80, 4.90, 2.00, 0.259389, 0.033679, 0.706932, Iris-virginica
7.70, 2.80, 6.70, 2.00, 0.783163, 0.041998, 0.174839, Iris-virginica
6.30, 2.70, 4.90, 1.80, 0.381424, 0.022825, 0.595751, Iris-virginica
6.70, 3.30, 5.70, 2.10, 0.975340, 0.002915, 0.021745, Iris-virginica
7.20, 3.20, 6.00, 1.80, 0.911905, 0.012915, 0.075180, Iris-virginica
6.20, 2.80, 4.80, 1.80, 0.271219, 0.020998, 0.707784, Iris-virginica
6.10, 3.00, 4.90, 1.80, 0.329979, 0.023106, 0.646915, Iris-virginica
6.40, 2.80, 5.60, 2.10, 0.908642, 0.008364, 0.082994, Iris-virginica
7.20, 3.00, 5.80, 1.60, 0.890784, 0.014456, 0.094760, Iris-virginica
7.40, 2.80, 6.10, 1.90, 0.872738, 0.019802, 0.107460, Iris-virginica
7.90, 3.80, 6.40, 2.00, 0.760084, 0.050905, 0.189010, Iris-virginica
6.40, 2.80, 5.60, 2.20, 0.906202, 0.008963, 0.084836, Iris-virginica
6.30, 2.80, 5.10, 1.50, 0.436376, 0.023414, 0.540210, Iris-virginica
6.10, 2.60, 5.60, 1.40, 0.576063, 0.031225, 0.392713, Iris-virginica
7.70, 3.00, 6.10, 2.30, 0.839536, 0.028677, 0.131788, Iris-virginica
6.30, 3.40, 5.60, 2.40, 0.854071, 0.017230, 0.128700, Iris-virginica
6.40, 3.10, 5.50, 1.80, 0.880154, 0.009788, 0.110058, Iris-virginica
6.00, 3.00, 4.80, 1.80, 0.228347, 0.021738, 0.749915, Iris-virginica
6.90, 3.10, 5.40, 2.10, 0.967551, 0.003490, 0.028958, Iris-virginica
6.70, 3.10, 5.60, 2.40, 0.957240, 0.005080, 0.037680, Iris-virginica
6.90, 3.10, 5.10, 2.30, 0.855113, 0.015407, 0.129480, Iris-virginica
5.80, 2.70, 5.10, 1.90, 0.355114, 0.029332, 0.615554, Iris-virginica
6.80, 3.20, 5.90, 2.30, 0.961005, 0.005253, 0.033742, Iris-virginica
6.70, 3.30, 5.70, 2.50, 0.927109, 0.009704, 0.063187, Iris-virginica
6.70, 3.00, 5.20, 2.30, 0.882359, 0.011267, 0.106374, Iris-virginica
6.30, 2.50, 5.00, 1.90, 0.466671, 0.025831, 0.507499, Iris-virginica
6.50, 3.00, 5.20, 2.00, 0.831472, 0.012119, 0.156409, Iris-virginica
6.20, 3.40, 5.40, 2.30, 0.789384, 0.021585, 0.189031, Iris-virginica
5.90, 3.00, 5.10, 1.80, 0.391284, 0.026941, 0.581775, Iris-virginica
