% Title: Title
%
% Centers:
% 	6.774992 3.052394 5.646757 2.053548 
% 	5.889095 2.761197 4.364102 1.397368 
% 	5.003561 3.403041 1.484993 0.251537 
%

@RELATION

@ATTRIBUTE Attribute0 	 REAL
@ATTRIBUTE Attribute1 	 REAL
@ATTRIBUTE Attribute2 	 REAL
@ATTRIBUTE Attribute3 	 REAL
@ATTRIBUTE MU 	 FUZZY {Zhluk0, Zhluk1, Zhluk2}
@ATTRIBUTE class 	 {Iris-setosa, Iris-versicolor, Iris-virginica}

@DATA
5.10, 3.50, 1.40, 0.20, 0.001163, 0.002501, 0.996336, Iris-setosa
4.90, 3.00, 1.40, 0.20, 0.007157, 0.015890, 0.976953, Iris-setosa
4.70, 3.20, 1.30, 0.20, 0.006261, 0.013429, 0.980310, Iris-setosa
4.60, 3.10, 1.50, 0.20, 0.009834, 0.021854, 0.968312, Iris-setosa
5.00, 3.60, 1.40, 0.20, 0.001942, 0.004131, 0.993927, Iris-setosa
5.40, 3.90, 1.70, 0.40, 0.021072, 0.045786, 0.933141, Iris-setosa
4.60, 3.40, 1.40, 0.30, 0.006506, 0.014006, 0.979487, Iris-setosa
5.00, 3.40, 1.50, 0.20, 0.000121, 0.000268, 0.999611, Iris-setosa
4.40, 2.90, 1.40, 0.20, 0.021534, 0.046910, 0.931556, Iris-setosa
4.90, 3.10, 1.50, 0.10, 0.005043, 0.011267, 0.983690, Iris-setosa
5.40, 3.70, 1.50, 0.20, 0.010466, 0.022320, 0.967214, Iris-setosa
4.80, 3.40, 1.60, 0.20, 0.002387, 0.005333, 0.992280, Iris-setosa
4.80, 3.00, 1.40, 0.10, 0.008832, 0.019421, 0.971747, Iris-setosa
4.30, 3.00, 1.10, 0.10, 0.024999, 0.051304, 0.923697, Iris-setosa
5.80, 4.00, 1.20, 0.20, 0.038098, 0.073505, 0.888397, Iris-setosa
5.70, 4.40, 1.50, 0.40, 0.055017, 0.105710, 0.839272, Iris-setosa
5.40, 3.90, 1.30, 0.40, 0.017961, 0.036522, 0.945517, Iris-setosa
5.10, 3.50, 1.40, 0.30, 0.001168, 0.002525, 0.996307, Iris-setosa
5.70, 3.80, 1.70, 0.30, 0.030649, 0.066289, 0.903062, Iris-setosa
5.10, 3.80, 1.50, 0.30, 0.007012, 0.014920, 0.978068, Iris-setosa
5.40, 3.40, 1.70, 0.20, 0.009495, 0.021750, 0.968754, Iris-setosa
5.10, 3.70, 1.50, 0.40, 0.005089, 0.011010, 0.983901, Iris-setosa
4.60, 3.60, 1.00, 0.20, 0.014011, 0.027860, 0.958129, Iris-setosa
5.10, 3.30, 1.70, 0.50, 0.006008, 0.014214, 0.979778, Iris-setosa
4.80, 3.40, 1.90, 0.20, 0.009735, 0.022997, 0.967267, Iris-setosa
5.00, 3.00, 1.60, 0.20, 0.007571, 0.017525, 0.974904, Iris-setosa
5.00, 3.40, 1.60, 0.40, 0.001569, 0.003571, 0.994861, Iris-setosa
5.20, 3.50, 1.50, 0.20, 0.002167, 0.004741, 0.993092, Iris-setosa
5.20, 3.40, 1.40, 0.20, 0.002001, 0.004339, 0.993660, Iris-setosa
4.70, 3.20, 1.60, 0.20, 0.006061, 0.013700, 0.980239, Iris-setosa
4.80, 3.10, 1.60, 0.20, 0.006163, 0.014086, 0.979751, Iris-setosa
5.40, 3.40, 1.50, 0.40, 0.007968, 0.017759, 0.974273, Iris-setosa
5.20, 4.10, 1.50, 0.10, 0.020863, 0.042211, 0.936926, Iris-setosa
5.50, 4.20, 1.40, 0.20, 0.032953, 0.064663, 0.902384, Iris-setosa
4.90, 3.10, 1.50, 0.10, 0.005043, 0.011267, 0.983690, Iris-setosa
5.00, 3.20, 1.20, 0.20, 0.004673, 0.009921, 0.985406, Iris-setosa
5.50, 3.50, 1.30, 0.20, 0.011680, 0.024493, 0.963826, Iris-setosa
4.90, 3.10, 1.50, 0.10, 0.005043, 0.011267, 0.983690, Iris-setosa
4.40, 3.00, 1.30, 0.20, 0.018951, 0.040479, 0.940570, Iris-setosa
5.10, 3.40, 1.50, 0.20, 0.000517, 0.001141, 0.998342, Iris-setosa
5.00, 3.50, 1.30, 0.30, 0.001806, 0.003833, 0.994361, Iris-setosa
4.50, 2.30, 1.30, 0.30, 0.046371, 0.100902, 0.852727, Iris-setosa
4.40, 3.20, 1.30, 0.20, 0.015063, 0.031865, 0.953072, Iris-setosa
5.00, 3.50, 1.60, 0.60, 0.006457, 0.014672, 0.978870, Iris-setosa
5.10, 3.80, 1.90, 0.40, 0.016934, 0.038891, 0.944174, Iris-setosa
4.80, 3.00, 1.40, 0.30, 0.008305, 0.018494, 0.973201, Iris-setosa
5.10, 3.80, 1.60, 0.20, 0.007695, 0.016550, 0.975755, Iris-setosa
4.60, 3.20, 1.40, 0.20, 0.007954, 0.017275, 0.974771, Iris-setosa
5.30, 3.70, 1.50, 0.20, 0.007523, 0.016081, 0.976396, Iris-setosa
5.00, 3.30, 1.40, 0.20, 0.000829, 0.001810, 0.997361, Iris-setosa
7.00, 3.20, 4.70, 1.40, 0.501130, 0.454270, 0.044600, Iris-versicolor
6.40, 3.20, 4.50, 1.50, 0.206771, 0.764053, 0.029176, Iris-versicolor
6.90, 3.10, 4.90, 1.50, 0.599955, 0.368758, 0.031287, Iris-versicolor
5.50, 2.30, 4.00, 1.30, 0.080469, 0.869998, 0.049533, Iris-versicolor
6.50, 2.80, 4.60, 1.50, 0.217118, 0.758748, 0.024134, Iris-versicolor
5.70, 2.80, 4.50, 1.30, 0.020471, 0.973777, 0.005752, Iris-versicolor
6.30, 3.30, 4.70, 1.60, 0.297169, 0.673026, 0.029805, Iris-versicolor
4.90, 2.40, 3.30, 1.00, 0.132121, 0.581531, 0.286349, Iris-versicolor
6.60, 2.90, 4.60, 1.30, 0.247703, 0.721032, 0.031265, Iris-versicolor
5.20, 2.70, 3.90, 1.40, 0.094715, 0.830312, 0.074973, Iris-versicolor
5.00, 2.00, 3.50, 1.00, 0.144914, 0.635683, 0.219403, Iris-versicolor
5.90, 3.00, 4.20, 1.50, 0.028734, 0.962069, 0.009197, Iris-versicolor
6.00, 2.20, 4.00, 1.00, 0.101131, 0.843038, 0.055831, Iris-versicolor
6.10, 2.90, 4.70, 1.40, 0.088204, 0.899673, 0.012123, Iris-versicolor
5.60, 2.90, 3.60, 1.30, 0.092187, 0.815939, 0.091874, Iris-versicolor
6.70, 3.10, 4.40, 1.40, 0.268361, 0.689889, 0.041750, Iris-versicolor
5.60, 3.00, 4.50, 1.50, 0.052680, 0.933147, 0.014173, Iris-versicolor
5.80, 2.70, 4.10, 1.00, 0.048387, 0.925643, 0.025971, Iris-versicolor
6.20, 2.20, 4.50, 1.50, 0.137437, 0.835353, 0.027211, Iris-versicolor
5.60, 2.50, 3.90, 1.10, 0.070791, 0.877463, 0.051746, Iris-versicolor
5.90, 3.20, 4.80, 1.80, 0.250723, 0.721646, 0.027631, Iris-versicolor
6.10, 2.80, 4.00, 1.30, 0.046236, 0.934229, 0.019535, Iris-versicolor
6.30, 2.50, 4.90, 1.50, 0.270580, 0.705412, 0.024008, Iris-versicolor
6.10, 2.80, 4.70, 1.20, 0.083303, 0.902746, 0.013951, Iris-versicolor
6.40, 2.90, 4.30, 1.30, 0.101156, 0.875911, 0.022932, Iris-versicolor
6.60, 3.00, 4.40, 1.40, 0.211236, 0.754794, 0.033970, Iris-versicolor
6.80, 2.80, 4.80, 1.40, 0.442698, 0.523660, 0.033643, Iris-versicolor
6.70, 3.00, 5.00, 1.70, 0.672483, 0.306316, 0.021201, Iris-versicolor
6.00, 2.90, 4.50, 1.50, 0.026162, 0.968900, 0.004938, Iris-versicolor
5.70, 2.60, 3.50, 1.00, 0.104631, 0.766578, 0.128791, Iris-versicolor
5.50, 2.40, 3.80, 1.10, 0.089896, 0.831994, 0.078109, Iris-versicolor
5.50, 2.40, 3.70, 1.00, 0.100731, 0.795068, 0.104201, Iris-versicolor
5.80, 2.70, 3.90, 1.20, 0.050324, 0.918599, 0.031076, Iris-versicolor
6.00, 2.70, 5.10, 1.60, 0.319710, 0.656289, 0.024001, Iris-versicolor
5.40, 3.00, 4.50, 1.50, 0.082465, 0.891113, 0.026422, Iris-versicolor
6.00, 3.40, 4.50, 1.60, 0.170673, 0.797178, 0.032149, Iris-versicolor
6.70, 3.10, 4.70, 1.50, 0.411092, 0.555432, 0.033476, Iris-versicolor
6.30, 2.30, 4.40, 1.30, 0.115482, 0.857588, 0.026930, Iris-versicolor
5.60, 3.00, 4.10, 1.30, 0.046999, 0.928861, 0.024140, Iris-versicolor
5.50, 2.50, 4.00, 1.30, 0.062407, 0.899282, 0.038311, Iris-versicolor
5.50, 2.60, 4.40, 1.20, 0.049252, 0.931059, 0.019689, Iris-versicolor
6.10, 3.00, 4.60, 1.40, 0.072685, 0.915691, 0.011624, Iris-versicolor
5.80, 2.60, 4.00, 1.20, 0.041811, 0.935597, 0.022592, Iris-versicolor
5.00, 2.30, 3.30, 1.00, 0.132558, 0.597339, 0.270103, Iris-versicolor
5.60, 2.70, 4.20, 1.30, 0.028466, 0.958814, 0.012721, Iris-versicolor
5.70, 3.00, 4.20, 1.20, 0.037684, 0.945500, 0.016816, Iris-versicolor
5.70, 2.90, 4.20, 1.30, 0.023025, 0.967375, 0.009600, Iris-versicolor
6.20, 2.90, 4.30, 1.30, 0.044705, 0.943877, 0.011418, Iris-versicolor
5.10, 2.50, 3.00, 1.10, 0.124264, 0.518972, 0.356764, Iris-versicolor
5.70, 2.80, 4.10, 1.30, 0.026758, 0.960515, 0.012727, Iris-versicolor
6.30, 3.30, 6.00, 2.50, 0.859885, 0.120749, 0.019366, Iris-virginica
5.80, 2.70, 5.10, 1.90, 0.355130, 0.615538, 0.029332, Iris-virginica
7.10, 3.00, 5.90, 2.10, 0.955755, 0.038164, 0.006081, Iris-virginica
6.30, 2.90, 5.60, 1.80, 0.845541, 0.141925, 0.012534, Iris-virginica
6.50, 3.00, 5.80, 2.20, 0.957602, 0.037641, 0.004757, Iris-virginica
7.60, 3.00, 6.60, 2.10, 0.811832, 0.152688, 0.035480, Iris-virginica
4.90, 2.50, 4.50, 1.70, 0.167050, 0.759811, 0.073139, Iris-virginica
7.30, 2.90, 6.30, 1.80, 0.862931, 0.115154, 0.021915, Iris-virginica
6.70, 2.50, 5.80, 1.80, 0.868650, 0.117342, 0.014009, Iris-virginica
7.20, 3.60, 6.10, 2.50, 0.860972, 0.114607, 0.024421, Iris-virginica
6.50, 3.20, 5.10, 2.00, 0.773373, 0.209858, 0.016769, Iris-virginica
6.40, 2.70, 5.30, 1.90, 0.761130, 0.223101, 0.015769, Iris-virginica
6.80, 3.00, 5.50, 2.10, 0.988822, 0.010012, 0.001166, Iris-virginica
5.70, 2.50, 5.00, 2.00, 0.305689, 0.659895, 0.034416, Iris-virginica
5.80, 2.80, 5.10, 2.40, 0.500644, 0.460953, 0.038403, Iris-virginica
6.40, 3.20, 5.30, 2.30, 0.849884, 0.136049, 0.014066, Iris-virginica
6.50, 3.00, 5.50, 1.80, 0.913242, 0.079594, 0.007164, Iris-virginica
7.70, 3.80, 6.70, 2.20, 0.763573, 0.185835, 0.050592, Iris-virginica
7.70, 2.60, 6.90, 2.30, 0.757520, 0.193264, 0.049216, Iris-virginica
6.00, 2.20, 5.00, 1.50, 0.257103, 0.710644, 0.032253, Iris-virginica
6.90, 3.20, 5.70, 2.30, 0.970463, 0.025707, 0.003830, Iris-virginica
5.60, 2.80, 4.90, 2.00, 0.259400, 0.706921, 0.033679, Iris-virginica
7.70, 2.80, 6.70, 2.00, 0.783160, 0.174841, 0.041999, Iris-virginica
6.30, 2.70, 4.90, 1.80, 0.381446, 0.595728, 0.022826, Iris-virginica
6.70, 3.30, 5.70, 2.10, 0.975340, 0.021745, 0.002915, Iris-virginica
7.20, 3.20, 6.00, 1.80, 0.911903, 0.075182, 0.012916, Iris-virginica
6.20, 2.80, 4.80, 1.80, 0.271238, 0.707763, 0.020998, Iris-virginica
6.10, 3.00, 4.90, 1.80, 0.330000, 0.646893, 0.023107, Iris-virginica
6.40, 2.80, 5.60, 2.10, 0.908649, 0.082988, 0.008363, Iris-virginica
7.20, 3.00, 5.80, 1.60, 0.890783, 0.094760, 0.014457, Iris-virginica
7.40, 2.80, 6.10, 1.90, 0.872735, 0.107462, 0.019803, Iris-virginica
7.90, 3.80, 6.40, 2.00, 0.760082, 0.189012, 0.050906, Iris-virginica
6.40, 2.80, 5.60, 2.20, 0.906208, 0.084830, 0.008962, Iris-virginica
6.30, 2.80, 5.10, 1.50, 0.436398, 0.540188, 0.023414, Iris-virginica
6.10, 2.60, 5.60, 1.40, 0.576076, 0.392700, 0.031224, Iris-virginica
7.70, 3.00, 6.10, 2.30, 0.839533, 0.131790, 0.028677, Iris-virginica
6.30, 3.40, 5.60, 2.40, 0.854075, 0.128695, 0.017230, Iris-virginica
6.40, 3.10, 5.50, 1.80, 0.880165, 0.110048, 0.009787, Iris-virginica
6.00, 3.00, 4.80, 1.80, 0.228364, 0.749897, 0.021739, Iris-virginica
6.90, 3.10, 5.40, 2.10, 0.967553, 0.028956, 0.003490, Iris-virginica
6.70, 3.10, 5.60, 2.40, 0.957241, 0.037680, 0.005080, Iris-virginica
6.90, 3.10, 5.10, 2.30, 0.855119, 0.129473, 0.015407, Iris-virginica
5.80, 2.70, 5.10, 1.90, 0.355130, 0.615538, 0.029332, Iris-virginica
6.80, 3.20, 5.90, 2.30, 0.961003, 0.033744, 0.005253, Iris-virginica
6.70, 3.30, 5.70, 2.50, 0.927108, 0.063187, 0.009705, Iris-virginica
6.70, 3.00, 5.20, 2.30, 0.882366, 0.106367, 0.011267, Iris-virginica
6.30, 2.50, 5.00, 1.90, 0.466690, 0.507479, 0.025831, Iris-virginica
6.50, 3.00, 5.20, 2.00, 0.831488, 0.156394, 0.012118, Iris-virginica
6.20, 3.40, 5.40, 2.30, 0.789393, 0.189023, 0.021585, Iris-virginica
5.90, 3.00, 5.10, 1.80, 0.391303, 0.581756, 0.026941, Iris-virginica
