% Title: Title
%
% Centers:
% 	5.889087 2.761194 4.364090 1.397361 
% 	6.774982 3.052391 5.646744 2.053543 
% 	5.003561 3.403041 1.484992 0.251537 
%

@RELATION

@ATTRIBUTE Attribute0 	 REAL
@ATTRIBUTE Attribute1 	 REAL
@ATTRIBUTE Attribute2 	 REAL
@ATTRIBUTE Attribute3 	 REAL
@ATTRIBUTE MU 	 FUZZY {Zhluk0, Zhluk1, Zhluk2}
@ATTRIBUTE class 	 {Iris-setosa, Iris-versicolor, Iris-virginica}

@DATA
5.10, 3.50, 1.40, 0.20, 0.002501, 0.001163, 0.996336, Iris-setosa
4.90, 3.00, 1.40, 0.20, 0.015890, 0.007157, 0.976953, Iris-setosa
4.70, 3.20, 1.30, 0.20, 0.013429, 0.006261, 0.980309, Iris-setosa
4.60, 3.10, 1.50, 0.20, 0.021855, 0.009834, 0.968311, Iris-setosa
5.00, 3.60, 1.40, 0.20, 0.004131, 0.001942, 0.993927, Iris-setosa
5.40, 3.90, 1.70, 0.40, 0.045787, 0.021073, 0.933141, Iris-setosa
4.60, 3.40, 1.40, 0.30, 0.014006, 0.006506, 0.979487, Iris-setosa
5.00, 3.40, 1.50, 0.20, 0.000268, 0.000121, 0.999611, Iris-setosa
4.40, 2.90, 1.40, 0.20, 0.046911, 0.021534, 0.931555, Iris-setosa
4.90, 3.10, 1.50, 0.10, 0.011267, 0.005043, 0.983690, Iris-setosa
5.40, 3.70, 1.50, 0.20, 0.022320, 0.010466, 0.967214, Iris-setosa
4.80, 3.40, 1.60, 0.20, 0.005333, 0.002387, 0.992280, Iris-setosa
4.80, 3.00, 1.40, 0.10, 0.019422, 0.008832, 0.971746, Iris-setosa
4.30, 3.00, 1.10, 0.10, 0.051304, 0.025000, 0.923696, Iris-setosa
5.80, 4.00, 1.20, 0.20, 0.073506, 0.038099, 0.888396, Iris-setosa
5.70, 4.40, 1.50, 0.40, 0.105711, 0.055018, 0.839271, Iris-setosa
5.40, 3.90, 1.30, 0.40, 0.036523, 0.017961, 0.945516, Iris-setosa
5.10, 3.50, 1.40, 0.30, 0.002525, 0.001168, 0.996307, Iris-setosa
5.70, 3.80, 1.70, 0.30, 0.066290, 0.030649, 0.903061, Iris-setosa
5.10, 3.80, 1.50, 0.30, 0.014920, 0.007013, 0.978068, Iris-setosa
5.40, 3.40, 1.70, 0.20, 0.021751, 0.009495, 0.968754, Iris-setosa
5.10, 3.70, 1.50, 0.40, 0.011010, 0.005089, 0.983901, Iris-setosa
4.60, 3.60, 1.00, 0.20, 0.027860, 0.014011, 0.958129, Iris-setosa
5.10, 3.30, 1.70, 0.50, 0.014214, 0.006008, 0.979778, Iris-setosa
4.80, 3.40, 1.90, 0.20, 0.022998, 0.009736, 0.967267, Iris-setosa
5.00, 3.00, 1.60, 0.20, 0.017526, 0.007571, 0.974903, Iris-setosa
5.00, 3.40, 1.60, 0.40, 0.003571, 0.001569, 0.994860, Iris-setosa
5.20, 3.50, 1.50, 0.20, 0.004741, 0.002167, 0.993092, Iris-setosa
5.20, 3.40, 1.40, 0.20, 0.004339, 0.002001, 0.993660, Iris-setosa
4.70, 3.20, 1.60, 0.20, 0.013700, 0.006061, 0.980239, Iris-setosa
4.80, 3.10, 1.60, 0.20, 0.014087, 0.006163, 0.979751, Iris-setosa
5.40, 3.40, 1.50, 0.40, 0.017759, 0.007968, 0.974273, Iris-setosa
5.20, 4.10, 1.50, 0.10, 0.042212, 0.020863, 0.936925, Iris-setosa
5.50, 4.20, 1.40, 0.20, 0.064664, 0.032953, 0.902383, Iris-setosa
4.90, 3.10, 1.50, 0.10, 0.011267, 0.005043, 0.983690, Iris-setosa
5.00, 3.20, 1.20, 0.20, 0.009921, 0.004673, 0.985406, Iris-setosa
5.50, 3.50, 1.30, 0.20, 0.024494, 0.011681, 0.963826, Iris-setosa
4.90, 3.10, 1.50, 0.10, 0.011267, 0.005043, 0.983690, Iris-setosa
4.40, 3.00, 1.30, 0.20, 0.040479, 0.018952, 0.940569, Iris-setosa
5.10, 3.40, 1.50, 0.20, 0.001141, 0.000517, 0.998342, Iris-setosa
5.00, 3.50, 1.30, 0.30, 0.003833, 0.001806, 0.994361, Iris-setosa
4.50, 2.30, 1.30, 0.30, 0.100903, 0.046372, 0.852725, Iris-setosa
4.40, 3.20, 1.30, 0.20, 0.031866, 0.015063, 0.953071, Iris-setosa
5.00, 3.50, 1.60, 0.60, 0.014672, 0.006458, 0.978870, Iris-setosa
5.10, 3.80, 1.90, 0.40, 0.038892, 0.016935, 0.944174, Iris-setosa
4.80, 3.00, 1.40, 0.30, 0.018494, 0.008305, 0.973201, Iris-setosa
5.10, 3.80, 1.60, 0.20, 0.016550, 0.007695, 0.975755, Iris-setosa
4.60, 3.20, 1.40, 0.20, 0.017276, 0.007954, 0.974770, Iris-setosa
5.30, 3.70, 1.50, 0.20, 0.016082, 0.007523, 0.976396, Iris-setosa
5.00, 3.30, 1.40, 0.20, 0.001810, 0.000829, 0.997361, Iris-setosa
7.00, 3.20, 4.70, 1.40, 0.454255, 0.501144, 0.044600, Iris-versicolor
6.40, 3.20, 4.50, 1.50, 0.764038, 0.206785, 0.029177, Iris-versicolor
6.90, 3.10, 4.90, 1.50, 0.368741, 0.599972, 0.031287, Iris-versicolor
5.50, 2.30, 4.00, 1.30, 0.870003, 0.080467, 0.049530, Iris-versicolor
6.50, 2.80, 4.60, 1.50, 0.758729, 0.217136, 0.024135, Iris-versicolor
5.70, 2.80, 4.50, 1.30, 0.973777, 0.020471, 0.005752, Iris-versicolor
6.30, 3.30, 4.70, 1.60, 0.673005, 0.297189, 0.029806, Iris-versicolor
4.90, 2.40, 3.30, 1.00, 0.581538, 0.132120, 0.286342, Iris-versicolor
6.60, 2.90, 4.60, 1.30, 0.721016, 0.247718, 0.031266, Iris-versicolor
5.20, 2.70, 3.90, 1.40, 0.830318, 0.094712, 0.074969, Iris-versicolor
5.00, 2.00, 3.50, 1.00, 0.635689, 0.144913, 0.219398, Iris-versicolor
5.90, 3.00, 4.20, 1.50, 0.962069, 0.028734, 0.009197, Iris-versicolor
6.00, 2.20, 4.00, 1.00, 0.843041, 0.101129, 0.055829, Iris-versicolor
6.10, 2.90, 4.70, 1.40, 0.899659, 0.088216, 0.012125, Iris-versicolor
5.60, 2.90, 3.60, 1.30, 0.815946, 0.092185, 0.091869, Iris-versicolor
6.70, 3.10, 4.40, 1.40, 0.689876, 0.268374, 0.041750, Iris-versicolor
5.60, 3.00, 4.50, 1.50, 0.933144, 0.052682, 0.014173, Iris-versicolor
5.80, 2.70, 4.10, 1.00, 0.925648, 0.048384, 0.025968, Iris-versicolor
6.20, 2.20, 4.50, 1.50, 0.835346, 0.137443, 0.027211, Iris-versicolor
5.60, 2.50, 3.90, 1.10, 0.877469, 0.070788, 0.051743, Iris-versicolor
5.90, 3.20, 4.80, 1.80, 0.721628, 0.250741, 0.027631, Iris-versicolor
6.10, 2.80, 4.00, 1.30, 0.934231, 0.046235, 0.019534, Iris-versicolor
6.30, 2.50, 4.90, 1.50, 0.705392, 0.270600, 0.024009, Iris-versicolor
6.10, 2.80, 4.70, 1.20, 0.902736, 0.083312, 0.013952, Iris-versicolor
6.40, 2.90, 4.30, 1.30, 0.875905, 0.101162, 0.022933, Iris-versicolor
6.60, 3.00, 4.40, 1.40, 0.754781, 0.211248, 0.033971, Iris-versicolor
6.80, 2.80, 4.80, 1.40, 0.523640, 0.442717, 0.033643, Iris-versicolor
6.70, 3.00, 5.00, 1.70, 0.306293, 0.672506, 0.021200, Iris-versicolor
6.00, 2.90, 4.50, 1.50, 0.968893, 0.026168, 0.004939, Iris-versicolor
5.70, 2.60, 3.50, 1.00, 0.766586, 0.104629, 0.128786, Iris-versicolor
5.50, 2.40, 3.80, 1.10, 0.832001, 0.089894, 0.078105, Iris-versicolor
5.50, 2.40, 3.70, 1.00, 0.795076, 0.100729, 0.104196, Iris-versicolor
5.80, 2.70, 3.90, 1.20, 0.918605, 0.050321, 0.031074, Iris-versicolor
6.00, 2.70, 5.10, 1.60, 0.656265, 0.319733, 0.024001, Iris-versicolor
5.40, 3.00, 4.50, 1.50, 0.891111, 0.082467, 0.026422, Iris-versicolor
6.00, 3.40, 4.50, 1.60, 0.797167, 0.170683, 0.032150, Iris-versicolor
6.70, 3.10, 4.70, 1.50, 0.555412, 0.411113, 0.033476, Iris-versicolor
6.30, 2.30, 4.40, 1.30, 0.857583, 0.115486, 0.026930, Iris-versicolor
5.60, 3.00, 4.10, 1.30, 0.928865, 0.046997, 0.024138, Iris-versicolor
5.50, 2.50, 4.00, 1.30, 0.899288, 0.062404, 0.038309, Iris-versicolor
5.50, 2.60, 4.40, 1.20, 0.931062, 0.049250, 0.019687, Iris-versicolor
6.10, 3.00, 4.60, 1.40, 0.915680, 0.072695, 0.011625, Iris-versicolor
5.80, 2.60, 4.00, 1.20, 0.935602, 0.041808, 0.022590, Iris-versicolor
5.00, 2.30, 3.30, 1.00, 0.597346, 0.132557, 0.270097, Iris-versicolor
5.60, 2.70, 4.20, 1.30, 0.958818, 0.028463, 0.012719, Iris-versicolor
5.70, 3.00, 4.20, 1.20, 0.945503, 0.037682, 0.016814, Iris-versicolor
5.70, 2.90, 4.20, 1.30, 0.967379, 0.023023, 0.009598, Iris-versicolor
6.20, 2.90, 4.30, 1.30, 0.943873, 0.044708, 0.011419, Iris-versicolor
5.10, 2.50, 3.00, 1.10, 0.518979, 0.124264, 0.356757, Iris-versicolor
5.70, 2.80, 4.10, 1.30, 0.960520, 0.026755, 0.012725, Iris-versicolor
6.30, 3.30, 6.00, 2.50, 0.120747, 0.859886, 0.019366, Iris-virginica
5.80, 2.70, 5.10, 1.90, 0.615518, 0.355150, 0.029333, Iris-virginica
7.10, 3.00, 5.90, 2.10, 0.038167, 0.955751, 0.006082, Iris-virginica
6.30, 2.90, 5.60, 1.80, 0.141912, 0.845555, 0.012533, Iris-virginica
6.50, 3.00, 5.80, 2.20, 0.037640, 0.957603, 0.004757, Iris-virginica
7.60, 3.00, 6.60, 2.10, 0.152691, 0.811827, 0.035481, Iris-virginica
4.90, 2.50, 4.50, 1.70, 0.759811, 0.167051, 0.073138, Iris-virginica
7.30, 2.90, 6.30, 1.80, 0.115157, 0.862927, 0.021916, Iris-virginica
6.70, 2.50, 5.80, 1.80, 0.117337, 0.868654, 0.014009, Iris-virginica
7.20, 3.60, 6.10, 2.50, 0.114610, 0.860968, 0.024422, Iris-virginica
6.50, 3.20, 5.10, 2.00, 0.209839, 0.773394, 0.016768, Iris-virginica
6.40, 2.70, 5.30, 1.90, 0.223080, 0.761151, 0.015768, Iris-virginica
6.80, 3.00, 5.50, 2.10, 0.010010, 0.988824, 0.001166, Iris-virginica
5.70, 2.50, 5.00, 2.00, 0.659881, 0.305703, 0.034416, Iris-virginica
5.80, 2.80, 5.10, 2.40, 0.460937, 0.500660, 0.038403, Iris-virginica
6.40, 3.20, 5.30, 2.30, 0.136038, 0.849896, 0.014066, Iris-virginica
6.50, 3.00, 5.50, 1.80, 0.079583, 0.913254, 0.007163, Iris-virginica
7.70, 3.80, 6.70, 2.20, 0.185838, 0.763569, 0.050593, Iris-virginica
7.70, 2.60, 6.90, 2.30, 0.193266, 0.757516, 0.049218, Iris-virginica
6.00, 2.20, 5.00, 1.50, 0.710631, 0.257115, 0.032254, Iris-virginica
6.90, 3.20, 5.70, 2.30, 0.025709, 0.970461, 0.003831, Iris-virginica
5.60, 2.80, 4.90, 2.00, 0.706907, 0.259413, 0.033680, Iris-virginica
7.70, 2.80, 6.70, 2.00, 0.174843, 0.783157, 0.042000, Iris-virginica
6.30, 2.70, 4.90, 1.80, 0.595700, 0.381474, 0.022826, Iris-virginica
6.70, 3.30, 5.70, 2.10, 0.021746, 0.975340, 0.002915, Iris-virginica
7.20, 3.20, 6.00, 1.80, 0.075185, 0.911899, 0.012916, Iris-virginica
6.20, 2.80, 4.80, 1.80, 0.707738, 0.271263, 0.020999, Iris-virginica
6.10, 3.00, 4.90, 1.80, 0.646867, 0.330026, 0.023107, Iris-virginica
6.40, 2.80, 5.60, 2.10, 0.082979, 0.908658, 0.008363, Iris-virginica
7.20, 3.00, 5.80, 1.60, 0.094761, 0.890782, 0.014457, Iris-virginica
7.40, 2.80, 6.10, 1.90, 0.107465, 0.872732, 0.019804, Iris-virginica
7.90, 3.80, 6.40, 2.00, 0.189014, 0.760078, 0.050908, Iris-virginica
6.40, 2.80, 5.60, 2.20, 0.084823, 0.906216, 0.008962, Iris-virginica
6.30, 2.80, 5.10, 1.50, 0.540161, 0.436425, 0.023414, Iris-virginica
6.10, 2.60, 5.60, 1.40, 0.392684, 0.576092, 0.031224, Iris-virginica
7.70, 3.00, 6.10, 2.30, 0.131793, 0.839529, 0.028679, Iris-virginica
6.30, 3.40, 5.60, 2.40, 0.128690, 0.854080, 0.017229, Iris-virginica
6.40, 3.10, 5.50, 1.80, 0.110035, 0.880179, 0.009786, Iris-virginica
6.00, 3.00, 4.80, 1.80, 0.749876, 0.228384, 0.021740, Iris-virginica
6.90, 3.10, 5.40, 2.10, 0.028954, 0.967556, 0.003490, Iris-virginica
6.70, 3.10, 5.60, 2.40, 0.037679, 0.957241, 0.005080, Iris-virginica
6.90, 3.10, 5.10, 2.30, 0.129466, 0.855127, 0.015407, Iris-virginica
5.80, 2.70, 5.10, 1.90, 0.615518, 0.355150, 0.029333, Iris-virginica
6.80, 3.20, 5.90, 2.30, 0.033747, 0.960999, 0.005254, Iris-virginica
6.70, 3.30, 5.70, 2.50, 0.063188, 0.927108, 0.009705, Iris-virginica
6.70, 3.00, 5.20, 2.30, 0.106358, 0.882376, 0.011266, Iris-virginica
6.30, 2.50, 5.00, 1.90, 0.507455, 0.466715, 0.025831, Iris-virginica
6.50, 3.00, 5.20, 2.00, 0.156375, 0.831508, 0.012117, Iris-virginica
6.20, 3.40, 5.40, 2.30, 0.189012, 0.789404, 0.021584, Iris-virginica
5.90, 3.00, 5.10, 1.80, 0.581732, 0.391326, 0.026942, Iris-virginica
