% Title: Title
%
% Centers:
% 	5.003562 3.403032 1.485008 0.251544 
% 	6.775202 3.052456 5.647020 2.053650 
% 	5.889274 2.761262 4.364362 1.397501 
%

@RELATION

@ATTRIBUTE Attribute0 	 REAL
@ATTRIBUTE Attribute1 	 REAL
@ATTRIBUTE Attribute2 	 REAL
@ATTRIBUTE Attribute3 	 REAL
@ATTRIBUTE MU 	 FUZZY {Zhluk0, Zhluk1, Zhluk2}
@ATTRIBUTE class 	 {Iris-setosa, Iris-versicolor, Iris-virginica}

@DATA
5.10, 3.50, 1.40, 0.20, 0.996336, 0.001163, 0.002501, Iris-setosa
4.90, 3.00, 1.40, 0.20, 0.976960, 0.007155, 0.015885, Iris-setosa
4.70, 3.20, 1.30, 0.20, 0.980314, 0.006260, 0.013426, Iris-setosa
4.60, 3.10, 1.50, 0.20, 0.968321, 0.009832, 0.021847, Iris-setosa
5.00, 3.60, 1.40, 0.20, 0.993927, 0.001942, 0.004131, Iris-setosa
5.40, 3.90, 1.70, 0.40, 0.933157, 0.021068, 0.045775, Iris-setosa
4.60, 3.40, 1.40, 0.30, 0.979492, 0.006505, 0.014003, Iris-setosa
5.00, 3.40, 1.50, 0.20, 0.999611, 0.000121, 0.000268, Iris-setosa
4.40, 2.90, 1.40, 0.20, 0.931574, 0.021530, 0.046896, Iris-setosa
4.90, 3.10, 1.50, 0.10, 0.983695, 0.005042, 0.011263, Iris-setosa
5.40, 3.70, 1.50, 0.20, 0.967221, 0.010464, 0.022315, Iris-setosa
4.80, 3.40, 1.60, 0.20, 0.992283, 0.002386, 0.005331, Iris-setosa
4.80, 3.00, 1.40, 0.10, 0.971754, 0.008830, 0.019415, Iris-setosa
4.30, 3.00, 1.10, 0.10, 0.923713, 0.024995, 0.051291, Iris-setosa
5.80, 4.00, 1.20, 0.20, 0.888415, 0.038093, 0.073492, Iris-setosa
5.70, 4.40, 1.50, 0.40, 0.839298, 0.055010, 0.105693, Iris-setosa
5.40, 3.90, 1.30, 0.40, 0.945527, 0.017958, 0.036515, Iris-setosa
5.10, 3.50, 1.40, 0.30, 0.996308, 0.001168, 0.002524, Iris-setosa
5.70, 3.80, 1.70, 0.30, 0.903084, 0.030643, 0.066273, Iris-setosa
5.10, 3.80, 1.50, 0.30, 0.978072, 0.007011, 0.014916, Iris-setosa
5.40, 3.40, 1.70, 0.20, 0.968764, 0.009493, 0.021743, Iris-setosa
5.10, 3.70, 1.50, 0.40, 0.983905, 0.005088, 0.011008, Iris-setosa
4.60, 3.60, 1.00, 0.20, 0.958136, 0.014009, 0.027855, Iris-setosa
5.10, 3.30, 1.70, 0.50, 0.979787, 0.006005, 0.014207, Iris-setosa
4.80, 3.40, 1.90, 0.20, 0.967279, 0.009733, 0.022988, Iris-setosa
5.00, 3.00, 1.60, 0.20, 0.974913, 0.007569, 0.017518, Iris-setosa
5.00, 3.40, 1.60, 0.40, 0.994863, 0.001568, 0.003569, Iris-setosa
5.20, 3.50, 1.50, 0.20, 0.993094, 0.002167, 0.004739, Iris-setosa
5.20, 3.40, 1.40, 0.20, 0.993661, 0.002001, 0.004338, Iris-setosa
4.70, 3.20, 1.60, 0.20, 0.980246, 0.006060, 0.013695, Iris-setosa
4.80, 3.10, 1.60, 0.20, 0.979758, 0.006161, 0.014081, Iris-setosa
5.40, 3.40, 1.50, 0.40, 0.974281, 0.007966, 0.017753, Iris-setosa
5.20, 4.10, 1.50, 0.10, 0.936937, 0.020860, 0.042203, Iris-setosa
5.50, 4.20, 1.40, 0.20, 0.902400, 0.032948, 0.064652, Iris-setosa
4.90, 3.10, 1.50, 0.10, 0.983695, 0.005042, 0.011263, Iris-setosa
5.00, 3.20, 1.20, 0.20, 0.985409, 0.004673, 0.009918, Iris-setosa
5.50, 3.50, 1.30, 0.20, 0.963833, 0.011679, 0.024488, Iris-setosa
4.90, 3.10, 1.50, 0.10, 0.983695, 0.005042, 0.011263, Iris-setosa
4.40, 3.00, 1.30, 0.20, 0.940584, 0.018948, 0.040468, Iris-setosa
5.10, 3.40, 1.50, 0.20, 0.998343, 0.000517, 0.001141, Iris-setosa
5.00, 3.50, 1.30, 0.30, 0.994361, 0.001806, 0.003833, Iris-setosa
4.50, 2.30, 1.30, 0.30, 0.852763, 0.046363, 0.100874, Iris-setosa
4.40, 3.20, 1.30, 0.20, 0.953083, 0.015060, 0.031857, Iris-setosa
5.00, 3.50, 1.60, 0.60, 0.978878, 0.006456, 0.014667, Iris-setosa
5.10, 3.80, 1.90, 0.40, 0.944191, 0.016930, 0.038879, Iris-setosa
4.80, 3.00, 1.40, 0.30, 0.973209, 0.008303, 0.018488, Iris-setosa
5.10, 3.80, 1.60, 0.20, 0.975761, 0.007693, 0.016546, Iris-setosa
4.60, 3.20, 1.40, 0.20, 0.974777, 0.007952, 0.017270, Iris-setosa
5.30, 3.70, 1.50, 0.20, 0.976401, 0.007522, 0.016078, Iris-setosa
5.00, 3.30, 1.40, 0.20, 0.997361, 0.000829, 0.001810, Iris-setosa
7.00, 3.20, 4.70, 1.40, 0.044601, 0.500840, 0.454559, Iris-versicolor
6.40, 3.20, 4.50, 1.50, 0.029157, 0.206476, 0.764367, Iris-versicolor
6.90, 3.10, 4.90, 1.50, 0.031293, 0.599595, 0.369112, Iris-versicolor
5.50, 2.30, 4.00, 1.30, 0.049591, 0.080525, 0.869884, Iris-versicolor
6.50, 2.80, 4.60, 1.50, 0.024114, 0.216762, 0.759124, Iris-versicolor
5.70, 2.80, 4.50, 1.30, 0.005755, 0.020467, 0.973778, Iris-versicolor
6.30, 3.30, 4.70, 1.60, 0.029790, 0.296766, 0.673444, Iris-versicolor
4.90, 2.40, 3.30, 1.00, 0.286482, 0.132134, 0.581384, Iris-versicolor
6.60, 2.90, 4.60, 1.30, 0.031249, 0.247395, 0.721357, Iris-versicolor
5.20, 2.70, 3.90, 1.40, 0.075047, 0.094765, 0.830188, Iris-versicolor
5.00, 2.00, 3.50, 1.00, 0.219511, 0.144933, 0.635556, Iris-versicolor
5.90, 3.00, 4.20, 1.50, 0.009201, 0.028727, 0.962072, Iris-versicolor
6.00, 2.20, 4.00, 1.00, 0.055874, 0.101160, 0.842966, Iris-versicolor
6.10, 2.90, 4.70, 1.40, 0.012098, 0.087951, 0.899951, Iris-versicolor
5.60, 2.90, 3.60, 1.30, 0.091965, 0.092237, 0.815798, Iris-versicolor
6.70, 3.10, 4.40, 1.40, 0.041736, 0.268104, 0.690159, Iris-versicolor
5.60, 3.00, 4.50, 1.50, 0.014171, 0.052638, 0.933191, Iris-versicolor
5.80, 2.70, 4.10, 1.00, 0.026016, 0.048447, 0.925537, Iris-versicolor
6.20, 2.20, 4.50, 1.50, 0.027202, 0.137309, 0.835489, Iris-versicolor
5.60, 2.50, 3.90, 1.10, 0.051821, 0.070859, 0.877321, Iris-versicolor
5.90, 3.20, 4.80, 1.80, 0.027614, 0.250363, 0.722023, Iris-versicolor
6.10, 2.80, 4.00, 1.30, 0.019556, 0.046261, 0.934183, Iris-versicolor
6.30, 2.50, 4.90, 1.50, 0.023993, 0.270178, 0.705829, Iris-versicolor
6.10, 2.80, 4.70, 1.20, 0.013931, 0.083129, 0.902940, Iris-versicolor
6.40, 2.90, 4.30, 1.30, 0.022919, 0.101032, 0.876049, Iris-versicolor
6.60, 3.00, 4.40, 1.40, 0.033954, 0.210990, 0.755057, Iris-versicolor
6.80, 2.80, 4.80, 1.40, 0.033639, 0.442310, 0.524051, Iris-versicolor
6.70, 3.00, 5.00, 1.70, 0.021213, 0.672011, 0.306776, Iris-versicolor
6.00, 2.90, 4.50, 1.50, 0.004919, 0.026042, 0.969040, Iris-versicolor
5.70, 2.60, 3.50, 1.00, 0.128902, 0.104677, 0.766422, Iris-versicolor
5.50, 2.40, 3.80, 1.10, 0.078197, 0.089956, 0.831847, Iris-versicolor
5.50, 2.40, 3.70, 1.00, 0.104301, 0.100785, 0.794915, Iris-versicolor
5.80, 2.70, 3.90, 1.20, 0.031134, 0.050392, 0.918474, Iris-versicolor
6.00, 2.70, 5.10, 1.60, 0.023989, 0.319251, 0.656760, Iris-versicolor
5.40, 3.00, 4.50, 1.50, 0.026429, 0.082439, 0.891131, Iris-versicolor
6.00, 3.40, 4.50, 1.60, 0.032133, 0.170468, 0.797399, Iris-versicolor
6.70, 3.10, 4.70, 1.50, 0.033470, 0.410682, 0.555848, Iris-versicolor
6.30, 2.30, 4.40, 1.30, 0.026925, 0.115391, 0.857684, Iris-versicolor
5.60, 3.00, 4.10, 1.30, 0.024179, 0.047049, 0.928772, Iris-versicolor
5.50, 2.50, 4.00, 1.30, 0.038371, 0.062474, 0.899155, Iris-versicolor
5.50, 2.60, 4.40, 1.20, 0.019715, 0.049292, 0.930993, Iris-versicolor
6.10, 3.00, 4.60, 1.40, 0.011600, 0.072482, 0.915918, Iris-versicolor
5.80, 2.60, 4.00, 1.20, 0.022641, 0.041879, 0.935481, Iris-versicolor
5.00, 2.30, 3.30, 1.00, 0.270235, 0.132574, 0.597191, Iris-versicolor
5.60, 2.70, 4.20, 1.30, 0.012756, 0.028528, 0.958716, Iris-versicolor
5.70, 3.00, 4.20, 1.20, 0.016844, 0.037726, 0.945430, Iris-versicolor
5.70, 2.90, 4.20, 1.30, 0.009626, 0.023074, 0.967300, Iris-versicolor
6.20, 2.90, 4.30, 1.30, 0.011410, 0.044642, 0.943949, Iris-versicolor
5.10, 2.50, 3.00, 1.10, 0.356907, 0.124269, 0.518824, Iris-versicolor
5.70, 2.80, 4.10, 1.30, 0.012765, 0.026822, 0.960413, Iris-versicolor
6.30, 3.30, 6.00, 2.50, 0.019360, 0.859868, 0.120772, Iris-virginica
5.80, 2.70, 5.10, 1.90, 0.029325, 0.354735, 0.615940, Iris-virginica
7.10, 3.00, 5.90, 2.10, 0.006067, 0.955837, 0.038096, Iris-virginica
6.30, 2.90, 5.60, 1.80, 0.012548, 0.845263, 0.142189, Iris-virginica
6.50, 3.00, 5.80, 2.20, 0.004758, 0.957575, 0.037667, Iris-virginica
7.60, 3.00, 6.60, 2.10, 0.035455, 0.811910, 0.152635, Iris-virginica
4.90, 2.50, 4.50, 1.70, 0.073163, 0.167029, 0.759807, Iris-virginica
7.30, 2.90, 6.30, 1.80, 0.021896, 0.863000, 0.115104, Iris-virginica
6.70, 2.50, 5.80, 1.80, 0.014011, 0.868558, 0.117431, Iris-virginica
7.20, 3.60, 6.10, 2.50, 0.024399, 0.861050, 0.114551, Iris-virginica
6.50, 3.20, 5.10, 2.00, 0.016785, 0.772965, 0.210249, Iris-virginica
6.40, 2.70, 5.30, 1.90, 0.015785, 0.760695, 0.223520, Iris-virginica
6.80, 3.00, 5.50, 2.10, 0.001171, 0.988775, 0.010054, Iris-virginica
5.70, 2.50, 5.00, 2.00, 0.034408, 0.305398, 0.660194, Iris-virginica
5.80, 2.80, 5.10, 2.40, 0.038406, 0.500325, 0.461269, Iris-virginica
6.40, 3.20, 5.30, 2.30, 0.014080, 0.849649, 0.136271, Iris-virginica
6.50, 3.00, 5.50, 1.80, 0.007179, 0.912998, 0.079823, Iris-virginica
7.70, 3.80, 6.70, 2.20, 0.050565, 0.763641, 0.185795, Iris-virginica
7.70, 2.60, 6.90, 2.30, 0.049192, 0.757580, 0.193228, Iris-virginica
6.00, 2.20, 5.00, 1.50, 0.032243, 0.256852, 0.710905, Iris-virginica
6.90, 3.20, 5.70, 2.30, 0.003822, 0.970514, 0.025664, Iris-virginica
5.60, 2.80, 4.90, 2.00, 0.033669, 0.259132, 0.707199, Iris-virginica
7.70, 2.80, 6.70, 2.00, 0.041974, 0.783227, 0.174798, Iris-virginica
6.30, 2.70, 4.90, 1.80, 0.022817, 0.380890, 0.596292, Iris-virginica
6.70, 3.30, 5.70, 2.10, 0.002913, 0.975346, 0.021742, Iris-virginica
7.20, 3.20, 6.00, 1.80, 0.012900, 0.911972, 0.075128, Iris-virginica
6.20, 2.80, 4.80, 1.80, 0.020981, 0.270740, 0.708279, Iris-virginica
6.10, 3.00, 4.90, 1.80, 0.023094, 0.329471, 0.647435, Iris-virginica
6.40, 2.80, 5.60, 2.10, 0.008374, 0.908473, 0.083153, Iris-virginica
7.20, 3.00, 5.80, 1.60, 0.014449, 0.890795, 0.094756, Iris-virginica
7.40, 2.80, 6.10, 1.90, 0.019785, 0.872802, 0.107413, Iris-virginica
7.90, 3.80, 6.40, 2.00, 0.050880, 0.760143, 0.188977, Iris-virginica
6.40, 2.80, 5.60, 2.20, 0.008972, 0.906052, 0.084976, Iris-virginica
6.30, 2.80, 5.10, 1.50, 0.023410, 0.435844, 0.540746, Iris-virginica
6.10, 2.60, 5.60, 1.40, 0.031229, 0.575750, 0.393021, Iris-virginica
7.70, 3.00, 6.10, 2.30, 0.028654, 0.839611, 0.131735, Iris-virginica
6.30, 3.40, 5.60, 2.40, 0.017234, 0.853968, 0.128799, Iris-virginica
6.40, 3.10, 5.50, 1.80, 0.009802, 0.879890, 0.110307, Iris-virginica
6.00, 3.00, 4.80, 1.80, 0.021720, 0.227945, 0.750335, Iris-virginica
6.90, 3.10, 5.40, 2.10, 0.003494, 0.967498, 0.029008, Iris-virginica
6.70, 3.10, 5.60, 2.40, 0.005078, 0.957230, 0.037692, Iris-virginica
6.90, 3.10, 5.10, 2.30, 0.015415, 0.854958, 0.129627, Iris-virginica
5.80, 2.70, 5.10, 1.90, 0.029325, 0.354735, 0.615940, Iris-virginica
6.80, 3.20, 5.90, 2.30, 0.005242, 0.961068, 0.033690, Iris-virginica
6.70, 3.30, 5.70, 2.50, 0.009698, 0.927123, 0.063179, Iris-virginica
6.70, 3.00, 5.20, 2.30, 0.011279, 0.882169, 0.106552, Iris-virginica
6.30, 2.50, 5.00, 1.90, 0.025830, 0.466200, 0.507970, Iris-virginica
6.50, 3.00, 5.20, 2.00, 0.012137, 0.831091, 0.156772, Iris-virginica
6.20, 3.40, 5.40, 2.30, 0.021595, 0.789175, 0.189230, Iris-virginica
5.90, 3.00, 5.10, 1.80, 0.026935, 0.390828, 0.582237, Iris-virginica
