% Title: Title
%
% Centers:
% 	5.276519 3.261548 2.253085 0.575061 
% 	5.893960 3.006944 3.926194 1.267327 
% 	6.152030 2.945874 4.588901 1.538570 
%

@RELATION

@ATTRIBUTE Attribute0 	 REAL
@ATTRIBUTE Attribute1 	 REAL
@ATTRIBUTE Attribute2 	 REAL
@ATTRIBUTE Attribute3 	 REAL
@ATTRIBUTE MU 	 FUZZY {Zhluk0, Zhluk1, Zhluk2}
@ATTRIBUTE class 	 {Iris-setosa, Iris-versicolor, Iris-virginica}

@DATA
5.10, 3.50, 1.40, 0.20, 0.492362, 0.286059, 0.221579, Iris-setosa
4.90, 3.00, 1.40, 0.20, 0.488966, 0.287103, 0.223931, Iris-setosa
4.70, 3.20, 1.30, 0.20, 0.480100, 0.290555, 0.229345, Iris-setosa
4.60, 3.10, 1.50, 0.20, 0.485698, 0.288316, 0.225986, Iris-setosa
5.00, 3.60, 1.40, 0.20, 0.489049, 0.287383, 0.223567, Iris-setosa
5.40, 3.90, 1.70, 0.40, 0.506007, 0.281429, 0.212564, Iris-setosa
4.60, 3.40, 1.40, 0.30, 0.482870, 0.289544, 0.227586, Iris-setosa
5.00, 3.40, 1.50, 0.20, 0.497625, 0.283795, 0.218580, Iris-setosa
4.40, 2.90, 1.40, 0.20, 0.472269, 0.293479, 0.234253, Iris-setosa
4.90, 3.10, 1.50, 0.10, 0.492548, 0.285680, 0.221772, Iris-setosa
5.40, 3.70, 1.50, 0.20, 0.496110, 0.285058, 0.218832, Iris-setosa
4.80, 3.40, 1.60, 0.20, 0.497560, 0.283730, 0.218710, Iris-setosa
4.80, 3.00, 1.40, 0.10, 0.483987, 0.289027, 0.226987, Iris-setosa
4.30, 3.00, 1.10, 0.10, 0.458798, 0.298476, 0.242725, Iris-setosa
5.80, 4.00, 1.20, 0.20, 0.467461, 0.296949, 0.235589, Iris-setosa
5.70, 4.40, 1.50, 0.40, 0.467689, 0.297545, 0.234767, Iris-setosa
5.40, 3.90, 1.30, 0.40, 0.482639, 0.290628, 0.226733, Iris-setosa
5.10, 3.50, 1.40, 0.30, 0.494705, 0.285132, 0.220163, Iris-setosa
5.70, 3.80, 1.70, 0.30, 0.504610, 0.282390, 0.213000, Iris-setosa
5.10, 3.80, 1.50, 0.30, 0.493389, 0.285950, 0.220661, Iris-setosa
5.40, 3.40, 1.70, 0.20, 0.516662, 0.276308, 0.207030, Iris-setosa
5.10, 3.70, 1.50, 0.40, 0.498420, 0.283839, 0.217741, Iris-setosa
4.60, 3.60, 1.00, 0.20, 0.463217, 0.297118, 0.239665, Iris-setosa
5.10, 3.30, 1.70, 0.50, 0.523413, 0.273051, 0.203536, Iris-setosa
4.80, 3.40, 1.90, 0.20, 0.514166, 0.276923, 0.208912, Iris-setosa
5.00, 3.00, 1.60, 0.20, 0.503092, 0.281429, 0.215479, Iris-setosa
5.00, 3.40, 1.60, 0.40, 0.509302, 0.279008, 0.211690, Iris-setosa
5.20, 3.50, 1.50, 0.20, 0.499695, 0.283183, 0.217122, Iris-setosa
5.20, 3.40, 1.40, 0.20, 0.494803, 0.285101, 0.220096, Iris-setosa
4.70, 3.20, 1.60, 0.20, 0.494726, 0.284760, 0.220514, Iris-setosa
4.80, 3.10, 1.60, 0.20, 0.497984, 0.283438, 0.218578, Iris-setosa
5.40, 3.40, 1.50, 0.40, 0.507844, 0.280031, 0.212124, Iris-setosa
5.20, 4.10, 1.50, 0.10, 0.478966, 0.292041, 0.228993, Iris-setosa
5.50, 4.20, 1.40, 0.20, 0.472827, 0.294837, 0.232336, Iris-setosa
4.90, 3.10, 1.50, 0.10, 0.492548, 0.285680, 0.221772, Iris-setosa
5.00, 3.20, 1.20, 0.20, 0.481534, 0.290146, 0.228320, Iris-setosa
5.50, 3.50, 1.30, 0.20, 0.487863, 0.288289, 0.223848, Iris-setosa
4.90, 3.10, 1.50, 0.10, 0.492548, 0.285680, 0.221772, Iris-setosa
4.40, 3.00, 1.30, 0.20, 0.469810, 0.294409, 0.235781, Iris-setosa
5.10, 3.40, 1.50, 0.20, 0.499634, 0.283048, 0.217317, Iris-setosa
5.00, 3.50, 1.30, 0.30, 0.487229, 0.288052, 0.224719, Iris-setosa
4.50, 2.30, 1.30, 0.30, 0.459176, 0.298524, 0.242300, Iris-setosa
4.40, 3.20, 1.30, 0.20, 0.470926, 0.294024, 0.235050, Iris-setosa
5.00, 3.50, 1.60, 0.60, 0.510733, 0.278590, 0.210677, Iris-setosa
5.10, 3.80, 1.90, 0.40, 0.520304, 0.274989, 0.204707, Iris-setosa
4.80, 3.00, 1.40, 0.30, 0.488460, 0.287273, 0.224266, Iris-setosa
5.10, 3.80, 1.60, 0.20, 0.496336, 0.284772, 0.218892, Iris-setosa
4.60, 3.20, 1.40, 0.20, 0.481627, 0.289934, 0.228439, Iris-setosa
5.30, 3.70, 1.50, 0.20, 0.495949, 0.284995, 0.219056, Iris-setosa
5.00, 3.30, 1.40, 0.20, 0.492464, 0.285833, 0.221703, Iris-setosa
7.00, 3.20, 4.70, 1.40, 0.171290, 0.332222, 0.496488, Iris-versicolor
6.40, 3.20, 4.50, 1.50, 0.099176, 0.277801, 0.623022, Iris-versicolor
6.90, 3.10, 4.90, 1.50, 0.165349, 0.323997, 0.510654, Iris-versicolor
5.50, 2.30, 4.00, 1.30, 0.207986, 0.386098, 0.405917, Iris-versicolor
6.50, 2.80, 4.60, 1.50, 0.113814, 0.285545, 0.600641, Iris-versicolor
5.70, 2.80, 4.50, 1.30, 0.087041, 0.268688, 0.644271, Iris-versicolor
6.30, 3.30, 4.70, 1.60, 0.117074, 0.291413, 0.591513, Iris-versicolor
4.90, 2.40, 3.30, 1.00, 0.468644, 0.308396, 0.222961, Iris-versicolor
6.60, 2.90, 4.60, 1.30, 0.123839, 0.300652, 0.575509, Iris-versicolor
5.20, 2.70, 3.90, 1.40, 0.249233, 0.407304, 0.343463, Iris-versicolor
5.00, 2.00, 3.50, 1.00, 0.384133, 0.337998, 0.277869, Iris-versicolor
5.90, 3.00, 4.20, 1.50, 0.021757, 0.114758, 0.863485, Iris-versicolor
6.00, 2.20, 4.00, 1.00, 0.202696, 0.381029, 0.416276, Iris-versicolor
6.10, 2.90, 4.70, 1.40, 0.089570, 0.251597, 0.658832, Iris-versicolor
5.60, 2.90, 3.60, 1.30, 0.269253, 0.547939, 0.182809, Iris-versicolor
6.70, 3.10, 4.40, 1.40, 0.130304, 0.316887, 0.552809, Iris-versicolor
5.60, 3.00, 4.50, 1.50, 0.096093, 0.283016, 0.620891, Iris-versicolor
5.80, 2.70, 4.10, 1.00, 0.115357, 0.413087, 0.471556, Iris-versicolor
6.20, 2.20, 4.50, 1.50, 0.147669, 0.317860, 0.534471, Iris-versicolor
5.60, 2.50, 3.90, 1.10, 0.205677, 0.435891, 0.358433, Iris-versicolor
5.90, 3.20, 4.80, 1.80, 0.126150, 0.296555, 0.577295, Iris-versicolor
6.10, 2.80, 4.00, 1.30, 0.048665, 0.293393, 0.657942, Iris-versicolor
6.30, 2.50, 4.90, 1.50, 0.139402, 0.302203, 0.558395, Iris-versicolor
6.10, 2.80, 4.70, 1.20, 0.099908, 0.270493, 0.629598, Iris-versicolor
6.40, 2.90, 4.30, 1.30, 0.079992, 0.263476, 0.656532, Iris-versicolor
6.60, 3.00, 4.40, 1.40, 0.113437, 0.299339, 0.587224, Iris-versicolor
6.80, 2.80, 4.80, 1.40, 0.153511, 0.317316, 0.529173, Iris-versicolor
6.70, 3.00, 5.00, 1.70, 0.156781, 0.315411, 0.527808, Iris-versicolor
6.00, 2.90, 4.50, 1.50, 0.060402, 0.202856, 0.736742, Iris-versicolor
5.70, 2.60, 3.50, 1.00, 0.413443, 0.390696, 0.195861, Iris-versicolor
5.50, 2.40, 3.80, 1.10, 0.267763, 0.410737, 0.321501, Iris-versicolor
5.50, 2.40, 3.70, 1.00, 0.320631, 0.397058, 0.282311, Iris-versicolor
5.80, 2.70, 3.90, 1.20, 0.103556, 0.512234, 0.384210, Iris-versicolor
6.00, 2.70, 5.10, 1.60, 0.143769, 0.303562, 0.552669, Iris-versicolor
5.40, 3.00, 4.50, 1.50, 0.132513, 0.327762, 0.539724, Iris-versicolor
6.00, 3.40, 4.50, 1.60, 0.102003, 0.289345, 0.608652, Iris-versicolor
6.70, 3.10, 4.70, 1.50, 0.139403, 0.310680, 0.549917, Iris-versicolor
6.30, 2.30, 4.40, 1.30, 0.139514, 0.319320, 0.541166, Iris-versicolor
5.60, 3.00, 4.10, 1.30, 0.080390, 0.410441, 0.509169, Iris-versicolor
5.50, 2.50, 4.00, 1.30, 0.179690, 0.405449, 0.414861, Iris-versicolor
5.50, 2.60, 4.40, 1.20, 0.140419, 0.342473, 0.517109, Iris-versicolor
6.10, 3.00, 4.60, 1.40, 0.073703, 0.228999, 0.697299, Iris-versicolor
5.80, 2.60, 4.00, 1.20, 0.111438, 0.414284, 0.474278, Iris-versicolor
5.00, 2.30, 3.30, 1.00, 0.457977, 0.313611, 0.228412, Iris-versicolor
5.60, 2.70, 4.20, 1.30, 0.102509, 0.344110, 0.553381, Iris-versicolor
5.70, 3.00, 4.20, 1.20, 0.060508, 0.318099, 0.621394, Iris-versicolor
5.70, 2.90, 4.20, 1.30, 0.053718, 0.268443, 0.677839, Iris-versicolor
6.20, 2.90, 4.30, 1.30, 0.045003, 0.183833, 0.771164, Iris-versicolor
5.10, 2.50, 3.00, 1.10, 0.550448, 0.270061, 0.179491, Iris-versicolor
5.70, 2.80, 4.10, 1.30, 0.067832, 0.344368, 0.587799, Iris-versicolor
6.30, 3.30, 6.00, 2.50, 0.216281, 0.334974, 0.448745, Iris-virginica
5.80, 2.70, 5.10, 1.90, 0.157854, 0.313461, 0.528686, Iris-virginica
7.10, 3.00, 5.90, 2.10, 0.214016, 0.334698, 0.451286, Iris-virginica
6.30, 2.90, 5.60, 1.80, 0.181576, 0.323706, 0.494718, Iris-virginica
6.50, 3.00, 5.80, 2.20, 0.201238, 0.330769, 0.467993, Iris-virginica
7.60, 3.00, 6.60, 2.10, 0.239582, 0.338517, 0.421901, Iris-virginica
4.90, 2.50, 4.50, 1.70, 0.225079, 0.352299, 0.422622, Iris-virginica
7.30, 2.90, 6.30, 1.80, 0.226895, 0.336885, 0.436220, Iris-virginica
6.70, 2.50, 5.80, 1.80, 0.201267, 0.330367, 0.468366, Iris-virginica
7.20, 3.60, 6.10, 2.50, 0.231604, 0.338532, 0.429864, Iris-virginica
6.50, 3.20, 5.10, 2.00, 0.165519, 0.319654, 0.514827, Iris-virginica
6.40, 2.70, 5.30, 1.90, 0.169518, 0.318326, 0.512156, Iris-virginica
6.80, 3.00, 5.50, 2.10, 0.193250, 0.329318, 0.477432, Iris-virginica
5.70, 2.50, 5.00, 2.00, 0.167661, 0.320068, 0.512271, Iris-virginica
5.80, 2.80, 5.10, 2.40, 0.183377, 0.327048, 0.489574, Iris-virginica
6.40, 3.20, 5.30, 2.30, 0.185207, 0.327396, 0.487397, Iris-virginica
6.50, 3.00, 5.50, 1.80, 0.179114, 0.323407, 0.497479, Iris-virginica
7.70, 3.80, 6.70, 2.20, 0.248533, 0.340015, 0.411452, Iris-virginica
7.70, 2.60, 6.90, 2.30, 0.246903, 0.338723, 0.414374, Iris-virginica
6.00, 2.20, 5.00, 1.50, 0.165375, 0.319176, 0.515449, Iris-virginica
6.90, 3.20, 5.70, 2.30, 0.208382, 0.333885, 0.457733, Iris-virginica
5.60, 2.80, 4.90, 2.00, 0.158304, 0.317624, 0.524071, Iris-virginica
7.70, 2.80, 6.70, 2.00, 0.242457, 0.338671, 0.418872, Iris-virginica
6.30, 2.70, 4.90, 1.80, 0.137416, 0.299532, 0.563051, Iris-virginica
6.70, 3.30, 5.70, 2.10, 0.201298, 0.332043, 0.466658, Iris-virginica
7.20, 3.20, 6.00, 1.80, 0.218127, 0.336104, 0.445770, Iris-virginica
6.20, 2.80, 4.80, 1.80, 0.123345, 0.288271, 0.588384, Iris-virginica
6.10, 3.00, 4.90, 1.80, 0.128066, 0.292940, 0.578993, Iris-virginica
6.40, 2.80, 5.60, 2.10, 0.189346, 0.326570, 0.484085, Iris-virginica
7.20, 3.00, 5.80, 1.60, 0.210954, 0.334842, 0.454203, Iris-virginica
7.40, 2.80, 6.10, 1.90, 0.224601, 0.336699, 0.438699, Iris-virginica
7.90, 3.80, 6.40, 2.00, 0.247332, 0.340514, 0.412154, Iris-virginica
6.40, 2.80, 5.60, 2.20, 0.192121, 0.327632, 0.480247, Iris-virginica
6.30, 2.80, 5.10, 1.50, 0.142956, 0.303498, 0.553547, Iris-virginica
6.10, 2.60, 5.60, 1.40, 0.183012, 0.324597, 0.492392, Iris-virginica
7.70, 3.00, 6.10, 2.30, 0.234336, 0.338526, 0.427139, Iris-virginica
6.30, 3.40, 5.60, 2.40, 0.202592, 0.332797, 0.464611, Iris-virginica
6.40, 3.10, 5.50, 1.80, 0.177931, 0.323145, 0.498924, Iris-virginica
6.00, 3.00, 4.80, 1.80, 0.118803, 0.285708, 0.595488, Iris-virginica
6.90, 3.10, 5.40, 2.10, 0.193564, 0.330304, 0.476132, Iris-virginica
6.70, 3.10, 5.60, 2.40, 0.203022, 0.332234, 0.464745, Iris-virginica
6.90, 3.10, 5.10, 2.30, 0.191542, 0.331181, 0.477277, Iris-virginica
5.80, 2.70, 5.10, 1.90, 0.157854, 0.313461, 0.528686, Iris-virginica
6.80, 3.20, 5.90, 2.30, 0.212299, 0.334283, 0.453418, Iris-virginica
6.70, 3.30, 5.70, 2.50, 0.210788, 0.334536, 0.454676, Iris-virginica
6.70, 3.00, 5.20, 2.30, 0.186451, 0.327988, 0.485561, Iris-virginica
6.30, 2.50, 5.00, 1.90, 0.156609, 0.312243, 0.531148, Iris-virginica
6.50, 3.00, 5.20, 2.00, 0.167951, 0.319119, 0.512929, Iris-virginica
6.20, 3.40, 5.40, 2.30, 0.191800, 0.330247, 0.477953, Iris-virginica
5.90, 3.00, 5.10, 1.80, 0.147390, 0.307488, 0.545122, Iris-virginica
