% Title: Title
%
% Centers:
% 	5.003561 3.403041 1.484993 0.251537 
% 	6.774989 3.052393 5.646752 2.053546 
% 	5.889092 2.761196 4.364098 1.397365 
%

@RELATION

@ATTRIBUTE Attribute0 	 REAL
@ATTRIBUTE Attribute1 	 REAL
@ATTRIBUTE Attribute2 	 REAL
@ATTRIBUTE Attribute3 	 REAL
@ATTRIBUTE MU 	 FUZZY {Zhluk0, Zhluk1, Zhluk2}
@ATTRIBUTE class 	 {Iris-setosa, Iris-versicolor, Iris-virginica}

@DATA
5.10, 3.50, 1.40, 0.20, 0.996336, 0.001163, 0.002501, Iris-setosa
4.90, 3.00, 1.40, 0.20, 0.976953, 0.007157, 0.015890, Iris-setosa
4.70, 3.20, 1.30, 0.20, 0.980310, 0.006261, 0.013429, Iris-setosa
4.60, 3.10, 1.50, 0.20, 0.968312, 0.009834, 0.021855, Iris-setosa
5.00, 3.60, 1.40, 0.20, 0.993927, 0.001942, 0.004131, Iris-setosa
5.40, 3.90, 1.70, 0.40, 0.933141, 0.021072, 0.045786, Iris-setosa
4.60, 3.40, 1.40, 0.30, 0.979487, 0.006506, 0.014006, Iris-setosa
5.00, 3.40, 1.50, 0.20, 0.999611, 0.000121, 0.000268, Iris-setosa
4.40, 2.90, 1.40, 0.20, 0.931556, 0.021534, 0.046910, Iris-setosa
4.90, 3.10, 1.50, 0.10, 0.983690, 0.005043, 0.011267, Iris-setosa
5.40, 3.70, 1.50, 0.20, 0.967214, 0.010466, 0.022320, Iris-setosa
4.80, 3.40, 1.60, 0.20, 0.992280, 0.002387, 0.005333, Iris-setosa
4.80, 3.00, 1.40, 0.10, 0.971746, 0.008832, 0.019422, Iris-setosa
4.30, 3.00, 1.10, 0.10, 0.923697, 0.025000, 0.051304, Iris-setosa
5.80, 4.00, 1.20, 0.20, 0.888396, 0.038098, 0.073505, Iris-setosa
5.70, 4.40, 1.50, 0.40, 0.839272, 0.055018, 0.105710, Iris-setosa
5.40, 3.90, 1.30, 0.40, 0.945517, 0.017961, 0.036523, Iris-setosa
5.10, 3.50, 1.40, 0.30, 0.996307, 0.001168, 0.002525, Iris-setosa
5.70, 3.80, 1.70, 0.30, 0.903061, 0.030649, 0.066289, Iris-setosa
5.10, 3.80, 1.50, 0.30, 0.978068, 0.007012, 0.014920, Iris-setosa
5.40, 3.40, 1.70, 0.20, 0.968754, 0.009495, 0.021750, Iris-setosa
5.10, 3.70, 1.50, 0.40, 0.983901, 0.005089, 0.011010, Iris-setosa
4.60, 3.60, 1.00, 0.20, 0.958129, 0.014011, 0.027860, Iris-setosa
5.10, 3.30, 1.70, 0.50, 0.979778, 0.006008, 0.014214, Iris-setosa
4.80, 3.40, 1.90, 0.20, 0.967267, 0.009735, 0.022998, Iris-setosa
5.00, 3.00, 1.60, 0.20, 0.974903, 0.007571, 0.017525, Iris-setosa
5.00, 3.40, 1.60, 0.40, 0.994861, 0.001569, 0.003571, Iris-setosa
5.20, 3.50, 1.50, 0.20, 0.993092, 0.002167, 0.004741, Iris-setosa
5.20, 3.40, 1.40, 0.20, 0.993660, 0.002001, 0.004339, Iris-setosa
4.70, 3.20, 1.60, 0.20, 0.980239, 0.006061, 0.013700, Iris-setosa
4.80, 3.10, 1.60, 0.20, 0.979751, 0.006163, 0.014087, Iris-setosa
5.40, 3.40, 1.50, 0.40, 0.974273, 0.007968, 0.017759, Iris-setosa
5.20, 4.10, 1.50, 0.10, 0.936926, 0.020863, 0.042212, Iris-setosa
5.50, 4.20, 1.40, 0.20, 0.902384, 0.032953, 0.064664, Iris-setosa
4.90, 3.10, 1.50, 0.10, 0.983690, 0.005043, 0.011267, Iris-setosa
5.00, 3.20, 1.20, 0.20, 0.985406, 0.004673, 0.009921, Iris-setosa
5.50, 3.50, 1.30, 0.20, 0.963826, 0.011680, 0.024494, Iris-setosa
4.90, 3.10, 1.50, 0.10, 0.983690, 0.005043, 0.011267, Iris-setosa
4.40, 3.00, 1.30, 0.20, 0.940570, 0.018952, 0.040479, Iris-setosa
5.10, 3.40, 1.50, 0.20, 0.998342, 0.000517, 0.001141, Iris-setosa
5.00, 3.50, 1.30, 0.30, 0.994361, 0.001806, 0.003833, Iris-setosa
4.50, 2.30, 1.30, 0.30, 0.852726, 0.046371, 0.100902, Iris-setosa
4.40, 3.20, 1.30, 0.20, 0.953072, 0.015063, 0.031865, Iris-setosa
5.00, 3.50, 1.60, 0.60, 0.978870, 0.006458, 0.014672, Iris-setosa
5.10, 3.80, 1.90, 0.40, 0.944174, 0.016934, 0.038891, Iris-setosa
4.80, 3.00, 1.40, 0.30, 0.973201, 0.008305, 0.018494, Iris-setosa
5.10, 3.80, 1.60, 0.20, 0.975755, 0.007695, 0.016550, Iris-setosa
4.60, 3.20, 1.40, 0.20, 0.974770, 0.007954, 0.017275, Iris-setosa
5.30, 3.70, 1.50, 0.20, 0.976396, 0.007523, 0.016081, Iris-setosa
5.00, 3.30, 1.40, 0.20, 0.997361, 0.000829, 0.001810, Iris-setosa
7.00, 3.20, 4.70, 1.40, 0.044600, 0.501135, 0.454265, Iris-versicolor
6.40, 3.20, 4.50, 1.50, 0.029177, 0.206776, 0.764047, Iris-versicolor
6.90, 3.10, 4.90, 1.50, 0.031287, 0.599961, 0.368752, Iris-versicolor
5.50, 2.30, 4.00, 1.30, 0.049532, 0.080469, 0.870000, Iris-versicolor
6.50, 2.80, 4.60, 1.50, 0.024134, 0.217125, 0.758741, Iris-versicolor
5.70, 2.80, 4.50, 1.30, 0.005752, 0.020471, 0.973777, Iris-versicolor
6.30, 3.30, 4.70, 1.60, 0.029806, 0.297176, 0.673018, Iris-versicolor
4.90, 2.40, 3.30, 1.00, 0.286346, 0.132120, 0.581533, Iris-versicolor
6.60, 2.90, 4.60, 1.30, 0.031265, 0.247709, 0.721026, Iris-versicolor
5.20, 2.70, 3.90, 1.40, 0.074972, 0.094714, 0.830315, Iris-versicolor
5.00, 2.00, 3.50, 1.00, 0.219401, 0.144914, 0.635685, Iris-versicolor
5.90, 3.00, 4.20, 1.50, 0.009197, 0.028734, 0.962069, Iris-versicolor
6.00, 2.20, 4.00, 1.00, 0.055831, 0.101130, 0.843039, Iris-versicolor
6.10, 2.90, 4.70, 1.40, 0.012124, 0.088208, 0.899668, Iris-versicolor
5.60, 2.90, 3.60, 1.30, 0.091872, 0.092187, 0.815941, Iris-versicolor
6.70, 3.10, 4.40, 1.40, 0.041750, 0.268366, 0.689884, Iris-versicolor
5.60, 3.00, 4.50, 1.50, 0.014173, 0.052681, 0.933146, Iris-versicolor
5.80, 2.70, 4.10, 1.00, 0.025970, 0.048386, 0.925644, Iris-versicolor
6.20, 2.20, 4.50, 1.50, 0.027211, 0.137439, 0.835350, Iris-versicolor
5.60, 2.50, 3.90, 1.10, 0.051745, 0.070790, 0.877465, Iris-versicolor
5.90, 3.20, 4.80, 1.80, 0.027631, 0.250730, 0.721640, Iris-versicolor
6.10, 2.80, 4.00, 1.30, 0.019535, 0.046236, 0.934229, Iris-versicolor
6.30, 2.50, 4.90, 1.50, 0.024008, 0.270587, 0.705405, Iris-versicolor
6.10, 2.80, 4.70, 1.20, 0.013951, 0.083307, 0.902742, Iris-versicolor
6.40, 2.90, 4.30, 1.30, 0.022932, 0.101159, 0.875909, Iris-versicolor
6.60, 3.00, 4.40, 1.40, 0.033971, 0.211240, 0.754789, Iris-versicolor
6.80, 2.80, 4.80, 1.40, 0.033643, 0.442704, 0.523653, Iris-versicolor
6.70, 3.00, 5.00, 1.70, 0.021201, 0.672492, 0.306308, Iris-versicolor
6.00, 2.90, 4.50, 1.50, 0.004938, 0.026164, 0.968898, Iris-versicolor
5.70, 2.60, 3.50, 1.00, 0.128789, 0.104630, 0.766581, Iris-versicolor
5.50, 2.40, 3.80, 1.10, 0.078108, 0.089895, 0.831997, Iris-versicolor
5.50, 2.40, 3.70, 1.00, 0.104199, 0.100730, 0.795071, Iris-versicolor
5.80, 2.70, 3.90, 1.20, 0.031075, 0.050323, 0.918601, Iris-versicolor
6.00, 2.70, 5.10, 1.60, 0.024001, 0.319719, 0.656280, Iris-versicolor
5.40, 3.00, 4.50, 1.50, 0.026422, 0.082466, 0.891112, Iris-versicolor
6.00, 3.40, 4.50, 1.60, 0.032150, 0.170676, 0.797174, Iris-versicolor
6.70, 3.10, 4.70, 1.50, 0.033476, 0.411100, 0.555425, Iris-versicolor
6.30, 2.30, 4.40, 1.30, 0.026930, 0.115483, 0.857586, Iris-versicolor
5.60, 3.00, 4.10, 1.30, 0.024140, 0.046998, 0.928862, Iris-versicolor
5.50, 2.50, 4.00, 1.30, 0.038310, 0.062406, 0.899284, Iris-versicolor
5.50, 2.60, 4.40, 1.20, 0.019688, 0.049251, 0.931060, Iris-versicolor
6.10, 3.00, 4.60, 1.40, 0.011624, 0.072689, 0.915687, Iris-versicolor
5.80, 2.60, 4.00, 1.20, 0.022591, 0.041810, 0.935599, Iris-versicolor
5.00, 2.30, 3.30, 1.00, 0.270101, 0.132558, 0.597342, Iris-versicolor
5.60, 2.70, 4.20, 1.30, 0.012720, 0.028465, 0.958815, Iris-versicolor
5.70, 3.00, 4.20, 1.20, 0.016815, 0.037684, 0.945501, Iris-versicolor
5.70, 2.90, 4.20, 1.30, 0.009599, 0.023024, 0.967377, Iris-versicolor
6.20, 2.90, 4.30, 1.30, 0.011419, 0.044706, 0.943876, Iris-versicolor
5.10, 2.50, 3.00, 1.10, 0.356761, 0.124264, 0.518975, Iris-versicolor
5.70, 2.80, 4.10, 1.30, 0.012726, 0.026756, 0.960517, Iris-versicolor
6.30, 3.30, 6.00, 2.50, 0.019366, 0.859886, 0.120748, Iris-virginica
5.80, 2.70, 5.10, 1.90, 0.029332, 0.355137, 0.615530, Iris-virginica
7.10, 3.00, 5.90, 2.10, 0.006081, 0.955754, 0.038165, Iris-virginica
6.30, 2.90, 5.60, 1.80, 0.012534, 0.845546, 0.141920, Iris-virginica
6.50, 3.00, 5.80, 2.20, 0.004757, 0.957602, 0.037640, Iris-virginica
7.60, 3.00, 6.60, 2.10, 0.035481, 0.811830, 0.152689, Iris-virginica
4.90, 2.50, 4.50, 1.70, 0.073138, 0.167051, 0.759811, Iris-virginica
7.30, 2.90, 6.30, 1.80, 0.021915, 0.862929, 0.115155, Iris-virginica
6.70, 2.50, 5.80, 1.80, 0.014009, 0.868651, 0.117340, Iris-virginica
7.20, 3.60, 6.10, 2.50, 0.024421, 0.860971, 0.114608, Iris-virginica
6.50, 3.20, 5.10, 2.00, 0.016768, 0.773381, 0.209851, Iris-virginica
6.40, 2.70, 5.30, 1.90, 0.015769, 0.761137, 0.223094, Iris-virginica
6.80, 3.00, 5.50, 2.10, 0.001166, 0.988823, 0.010011, Iris-virginica
5.70, 2.50, 5.00, 2.00, 0.034416, 0.305694, 0.659890, Iris-virginica
5.80, 2.80, 5.10, 2.40, 0.038403, 0.500649, 0.460947, Iris-virginica
6.40, 3.20, 5.30, 2.30, 0.014066, 0.849889, 0.136045, Iris-virginica
6.50, 3.00, 5.50, 1.80, 0.007164, 0.913246, 0.079590, Iris-virginica
7.70, 3.80, 6.70, 2.20, 0.050593, 0.763571, 0.185836, Iris-virginica
7.70, 2.60, 6.90, 2.30, 0.049217, 0.757518, 0.193265, Iris-virginica
6.00, 2.20, 5.00, 1.50, 0.032253, 0.257107, 0.710640, Iris-virginica
6.90, 3.20, 5.70, 2.30, 0.003830, 0.970462, 0.025708, Iris-virginica
5.60, 2.80, 4.90, 2.00, 0.033680, 0.259405, 0.706916, Iris-virginica
7.70, 2.80, 6.70, 2.00, 0.041999, 0.783159, 0.174842, Iris-virginica
6.30, 2.70, 4.90, 1.80, 0.022826, 0.381456, 0.595718, Iris-virginica
6.70, 3.30, 5.70, 2.10, 0.002915, 0.975340, 0.021745, Iris-virginica
7.20, 3.20, 6.00, 1.80, 0.012916, 0.911901, 0.075183, Iris-virginica
6.20, 2.80, 4.80, 1.80, 0.020999, 0.271247, 0.707754, Iris-virginica
6.10, 3.00, 4.90, 1.80, 0.023107, 0.330009, 0.646884, Iris-virginica
6.40, 2.80, 5.60, 2.10, 0.008363, 0.908652, 0.082985, Iris-virginica
7.20, 3.00, 5.80, 1.60, 0.014457, 0.890783, 0.094760, Iris-virginica
7.40, 2.80, 6.10, 1.90, 0.019803, 0.872734, 0.107463, Iris-virginica
7.90, 3.80, 6.40, 2.00, 0.050907, 0.760080, 0.189013, Iris-virginica
6.40, 2.80, 5.60, 2.20, 0.008962, 0.906211, 0.084827, Iris-virginica
6.30, 2.80, 5.10, 1.50, 0.023414, 0.436407, 0.540178, Iris-virginica
6.10, 2.60, 5.60, 1.40, 0.031224, 0.576082, 0.392694, Iris-virginica
7.70, 3.00, 6.10, 2.30, 0.028678, 0.839531, 0.131791, Iris-virginica
6.30, 3.40, 5.60, 2.40, 0.017229, 0.854077, 0.128694, Iris-virginica
6.40, 3.10, 5.50, 1.80, 0.009787, 0.880170, 0.110043, Iris-virginica
6.00, 3.00, 4.80, 1.80, 0.021740, 0.228371, 0.749889, Iris-virginica
6.90, 3.10, 5.40, 2.10, 0.003490, 0.967554, 0.028956, Iris-virginica
6.70, 3.10, 5.60, 2.40, 0.005080, 0.957241, 0.037679, Iris-virginica
6.90, 3.10, 5.10, 2.30, 0.015407, 0.855122, 0.129471, Iris-virginica
5.80, 2.70, 5.10, 1.90, 0.029332, 0.355137, 0.615530, Iris-virginica
6.80, 3.20, 5.90, 2.30, 0.005253, 0.961001, 0.033745, Iris-virginica
6.70, 3.30, 5.70, 2.50, 0.009705, 0.927108, 0.063187, Iris-virginica
6.70, 3.00, 5.20, 2.30, 0.011266, 0.882370, 0.106364, Iris-virginica
6.30, 2.50, 5.00, 1.90, 0.025831, 0.466699, 0.507470, Iris-virginica
6.50, 3.00, 5.20, 2.00, 0.012118, 0.831495, 0.156387, Iris-virginica
6.20, 3.40, 5.40, 2.30, 0.021585, 0.789397, 0.189019, Iris-virginica
5.90, 3.00, 5.10, 1.80, 0.026941, 0.391311, 0.581747, Iris-virginica
