% Title: Title
%
% Centers:
% 	5.003562 3.403031 1.485009 0.251545 
% 	6.775214 3.052460 5.647037 2.053658 
% 	5.889292 2.761269 4.364386 1.397512 
%

@RELATION

@ATTRIBUTE Attribute0 	 REAL
@ATTRIBUTE Attribute1 	 REAL
@ATTRIBUTE Attribute2 	 REAL
@ATTRIBUTE Attribute3 	 REAL
@ATTRIBUTE MU 	 FUZZY {Zhluk0, Zhluk1, Zhluk2}
@ATTRIBUTE class 	 {Iris-setosa, Iris-versicolor, Iris-virginica}

@DATA
5.10, 3.50, 1.40, 0.20, 0.996336, 0.001164, 0.002501, Iris-setosa
4.90, 3.00, 1.40, 0.20, 0.976961, 0.007155, 0.015884, Iris-setosa
4.70, 3.20, 1.30, 0.20, 0.980315, 0.006260, 0.013425, Iris-setosa
4.60, 3.10, 1.50, 0.20, 0.968322, 0.009831, 0.021847, Iris-setosa
5.00, 3.60, 1.40, 0.20, 0.993927, 0.001942, 0.004131, Iris-setosa
5.40, 3.90, 1.70, 0.40, 0.933159, 0.021068, 0.045773, Iris-setosa
4.60, 3.40, 1.40, 0.30, 0.979493, 0.006505, 0.014002, Iris-setosa
5.00, 3.40, 1.50, 0.20, 0.999611, 0.000121, 0.000268, Iris-setosa
4.40, 2.90, 1.40, 0.20, 0.931576, 0.021530, 0.046895, Iris-setosa
4.90, 3.10, 1.50, 0.10, 0.983696, 0.005042, 0.011263, Iris-setosa
5.40, 3.70, 1.50, 0.20, 0.967222, 0.010464, 0.022314, Iris-setosa
4.80, 3.40, 1.60, 0.20, 0.992283, 0.002386, 0.005331, Iris-setosa
4.80, 3.00, 1.40, 0.10, 0.971755, 0.008830, 0.019415, Iris-setosa
4.30, 3.00, 1.10, 0.10, 0.923715, 0.024995, 0.051290, Iris-setosa
5.80, 4.00, 1.20, 0.20, 0.888416, 0.038093, 0.073491, Iris-setosa
5.70, 4.40, 1.50, 0.40, 0.839300, 0.055009, 0.105691, Iris-setosa
5.40, 3.90, 1.30, 0.40, 0.945527, 0.017958, 0.036515, Iris-setosa
5.10, 3.50, 1.40, 0.30, 0.996308, 0.001168, 0.002524, Iris-setosa
5.70, 3.80, 1.70, 0.30, 0.903086, 0.030643, 0.066271, Iris-setosa
5.10, 3.80, 1.50, 0.30, 0.978073, 0.007011, 0.014916, Iris-setosa
5.40, 3.40, 1.70, 0.20, 0.968765, 0.009493, 0.021742, Iris-setosa
5.10, 3.70, 1.50, 0.40, 0.983905, 0.005088, 0.011007, Iris-setosa
4.60, 3.60, 1.00, 0.20, 0.958136, 0.014009, 0.027855, Iris-setosa
5.10, 3.30, 1.70, 0.50, 0.979788, 0.006005, 0.014207, Iris-setosa
4.80, 3.40, 1.90, 0.20, 0.967280, 0.009732, 0.022987, Iris-setosa
5.00, 3.00, 1.60, 0.20, 0.974914, 0.007569, 0.017517, Iris-setosa
5.00, 3.40, 1.60, 0.40, 0.994864, 0.001568, 0.003568, Iris-setosa
5.20, 3.50, 1.50, 0.20, 0.993094, 0.002167, 0.004739, Iris-setosa
5.20, 3.40, 1.40, 0.20, 0.993661, 0.002001, 0.004338, Iris-setosa
4.70, 3.20, 1.60, 0.20, 0.980246, 0.006060, 0.013694, Iris-setosa
4.80, 3.10, 1.60, 0.20, 0.979759, 0.006161, 0.014080, Iris-setosa
5.40, 3.40, 1.50, 0.40, 0.974281, 0.007966, 0.017752, Iris-setosa
5.20, 4.10, 1.50, 0.10, 0.936938, 0.020860, 0.042202, Iris-setosa
5.50, 4.20, 1.40, 0.20, 0.902401, 0.032948, 0.064651, Iris-setosa
4.90, 3.10, 1.50, 0.10, 0.983696, 0.005042, 0.011263, Iris-setosa
5.00, 3.20, 1.20, 0.20, 0.985409, 0.004673, 0.009918, Iris-setosa
5.50, 3.50, 1.30, 0.20, 0.963834, 0.011679, 0.024488, Iris-setosa
4.90, 3.10, 1.50, 0.10, 0.983696, 0.005042, 0.011263, Iris-setosa
4.40, 3.00, 1.30, 0.20, 0.940586, 0.018948, 0.040466, Iris-setosa
5.10, 3.40, 1.50, 0.20, 0.998343, 0.000517, 0.001141, Iris-setosa
5.00, 3.50, 1.30, 0.30, 0.994361, 0.001806, 0.003833, Iris-setosa
4.50, 2.30, 1.30, 0.30, 0.852766, 0.046363, 0.100871, Iris-setosa
4.40, 3.20, 1.30, 0.20, 0.953084, 0.015060, 0.031856, Iris-setosa
5.00, 3.50, 1.60, 0.60, 0.978878, 0.006456, 0.014666, Iris-setosa
5.10, 3.80, 1.90, 0.40, 0.944192, 0.016930, 0.038878, Iris-setosa
4.80, 3.00, 1.40, 0.30, 0.973210, 0.008303, 0.018487, Iris-setosa
5.10, 3.80, 1.60, 0.20, 0.975761, 0.007693, 0.016546, Iris-setosa
4.60, 3.20, 1.40, 0.20, 0.974778, 0.007952, 0.017270, Iris-setosa
5.30, 3.70, 1.50, 0.20, 0.976401, 0.007522, 0.016077, Iris-setosa
5.00, 3.30, 1.40, 0.20, 0.997361, 0.000829, 0.001810, Iris-setosa
7.00, 3.20, 4.70, 1.40, 0.044600, 0.500814, 0.454586, Iris-versicolor
6.40, 3.20, 4.50, 1.50, 0.029154, 0.206450, 0.764396, Iris-versicolor
6.90, 3.10, 4.90, 1.50, 0.031293, 0.599564, 0.369143, Iris-versicolor
5.50, 2.30, 4.00, 1.30, 0.049597, 0.080534, 0.869869, Iris-versicolor
6.50, 2.80, 4.60, 1.50, 0.024112, 0.216730, 0.759158, Iris-versicolor
5.70, 2.80, 4.50, 1.30, 0.005755, 0.020468, 0.973777, Iris-versicolor
6.30, 3.30, 4.70, 1.60, 0.029788, 0.296732, 0.673480, Iris-versicolor
4.90, 2.40, 3.30, 1.00, 0.286496, 0.132138, 0.581366, Iris-versicolor
6.60, 2.90, 4.60, 1.30, 0.031246, 0.247367, 0.721387, Iris-versicolor
5.20, 2.70, 3.90, 1.40, 0.075056, 0.094773, 0.830171, Iris-versicolor
5.00, 2.00, 3.50, 1.00, 0.219523, 0.144938, 0.635539, Iris-versicolor
5.90, 3.00, 4.20, 1.50, 0.009201, 0.028727, 0.962072, Iris-versicolor
6.00, 2.20, 4.00, 1.00, 0.055878, 0.101166, 0.842956, Iris-versicolor
6.10, 2.90, 4.70, 1.40, 0.012096, 0.087927, 0.899978, Iris-versicolor
5.60, 2.90, 3.60, 1.30, 0.091974, 0.092244, 0.815781, Iris-versicolor
6.70, 3.10, 4.40, 1.40, 0.041734, 0.268081, 0.690184, Iris-versicolor
5.60, 3.00, 4.50, 1.50, 0.014171, 0.052637, 0.933193, Iris-versicolor
5.80, 2.70, 4.10, 1.00, 0.026021, 0.048454, 0.925525, Iris-versicolor
6.20, 2.20, 4.50, 1.50, 0.027201, 0.137300, 0.835499, Iris-versicolor
5.60, 2.50, 3.90, 1.10, 0.051829, 0.070868, 0.877303, Iris-versicolor
5.90, 3.20, 4.80, 1.80, 0.027612, 0.250335, 0.722053, Iris-versicolor
6.10, 2.80, 4.00, 1.30, 0.019558, 0.046264, 0.934178, Iris-versicolor
6.30, 2.50, 4.90, 1.50, 0.023991, 0.270144, 0.705865, Iris-versicolor
6.10, 2.80, 4.70, 1.20, 0.013929, 0.083112, 0.902958, Iris-versicolor
6.40, 2.90, 4.30, 1.30, 0.022917, 0.101020, 0.876063, Iris-versicolor
6.60, 3.00, 4.40, 1.40, 0.033951, 0.210967, 0.755082, Iris-versicolor
6.80, 2.80, 4.80, 1.40, 0.033638, 0.442277, 0.524085, Iris-versicolor
6.70, 3.00, 5.00, 1.70, 0.021213, 0.671975, 0.306812, Iris-versicolor
6.00, 2.90, 4.50, 1.50, 0.004916, 0.026030, 0.969054, Iris-versicolor
5.70, 2.60, 3.50, 1.00, 0.128913, 0.104683, 0.766403, Iris-versicolor
5.50, 2.40, 3.80, 1.10, 0.078206, 0.089965, 0.831829, Iris-versicolor
5.50, 2.40, 3.70, 1.00, 0.104311, 0.100793, 0.794896, Iris-versicolor
5.80, 2.70, 3.90, 1.20, 0.031140, 0.050400, 0.918460, Iris-versicolor
6.00, 2.70, 5.10, 1.60, 0.023987, 0.319215, 0.656797, Iris-versicolor
5.40, 3.00, 4.50, 1.50, 0.026430, 0.082440, 0.891129, Iris-versicolor
6.00, 3.40, 4.50, 1.60, 0.032131, 0.170451, 0.797418, Iris-versicolor
6.70, 3.10, 4.70, 1.50, 0.033468, 0.410647, 0.555885, Iris-versicolor
6.30, 2.30, 4.40, 1.30, 0.026924, 0.115384, 0.857692, Iris-versicolor
5.60, 3.00, 4.10, 1.30, 0.024183, 0.047056, 0.928761, Iris-versicolor
5.50, 2.50, 4.00, 1.30, 0.038378, 0.062483, 0.899139, Iris-versicolor
5.50, 2.60, 4.40, 1.20, 0.019718, 0.049298, 0.930984, Iris-versicolor
6.10, 3.00, 4.60, 1.40, 0.011597, 0.072462, 0.915940, Iris-versicolor
5.80, 2.60, 4.00, 1.20, 0.022646, 0.041887, 0.935467, Iris-versicolor
5.00, 2.30, 3.30, 1.00, 0.270248, 0.132578, 0.597173, Iris-versicolor
5.60, 2.70, 4.20, 1.30, 0.012760, 0.028536, 0.958704, Iris-versicolor
5.70, 3.00, 4.20, 1.20, 0.016846, 0.037732, 0.945422, Iris-versicolor
5.70, 2.90, 4.20, 1.30, 0.009628, 0.023080, 0.967292, Iris-versicolor
6.20, 2.90, 4.30, 1.30, 0.011408, 0.044635, 0.943957, Iris-versicolor
5.10, 2.50, 3.00, 1.10, 0.356921, 0.124272, 0.518807, Iris-versicolor
5.70, 2.80, 4.10, 1.30, 0.012769, 0.026830, 0.960402, Iris-versicolor
6.30, 3.30, 6.00, 2.50, 0.019360, 0.859866, 0.120774, Iris-virginica
5.80, 2.70, 5.10, 1.90, 0.029324, 0.354707, 0.615969, Iris-virginica
7.10, 3.00, 5.90, 2.10, 0.006066, 0.955839, 0.038095, Iris-virginica
6.30, 2.90, 5.60, 1.80, 0.012548, 0.845246, 0.142206, Iris-virginica
6.50, 3.00, 5.80, 2.20, 0.004758, 0.957574, 0.037669, Iris-virginica
7.60, 3.00, 6.60, 2.10, 0.035454, 0.811910, 0.152636, Iris-virginica
4.90, 2.50, 4.50, 1.70, 0.073166, 0.167033, 0.759801, Iris-virginica
7.30, 2.90, 6.30, 1.80, 0.021895, 0.863000, 0.115105, Iris-virginica
6.70, 2.50, 5.80, 1.80, 0.014011, 0.868550, 0.117439, Iris-virginica
7.20, 3.60, 6.10, 2.50, 0.024398, 0.861051, 0.114551, Iris-virginica
6.50, 3.20, 5.10, 2.00, 0.016786, 0.772938, 0.210276, Iris-virginica
6.40, 2.70, 5.30, 1.90, 0.015785, 0.760667, 0.223548, Iris-virginica
6.80, 3.00, 5.50, 2.10, 0.001171, 0.988773, 0.010057, Iris-virginica
5.70, 2.50, 5.00, 2.00, 0.034407, 0.305379, 0.660214, Iris-virginica
5.80, 2.80, 5.10, 2.40, 0.038405, 0.500305, 0.461290, Iris-virginica
6.40, 3.20, 5.30, 2.30, 0.014080, 0.849635, 0.136285, Iris-virginica
6.50, 3.00, 5.50, 1.80, 0.007180, 0.912984, 0.079837, Iris-virginica
7.70, 3.80, 6.70, 2.20, 0.050563, 0.763641, 0.185796, Iris-virginica
7.70, 2.60, 6.90, 2.30, 0.049190, 0.757580, 0.193230, Iris-virginica
6.00, 2.20, 5.00, 1.50, 0.032242, 0.256834, 0.710924, Iris-virginica
6.90, 3.20, 5.70, 2.30, 0.003821, 0.970516, 0.025663, Iris-virginica
5.60, 2.80, 4.90, 2.00, 0.033668, 0.259114, 0.707218, Iris-virginica
7.70, 2.80, 6.70, 2.00, 0.041973, 0.783227, 0.174800, Iris-virginica
6.30, 2.70, 4.90, 1.80, 0.022816, 0.380847, 0.596338, Iris-virginica
6.70, 3.30, 5.70, 2.10, 0.002912, 0.975346, 0.021742, Iris-virginica
7.20, 3.20, 6.00, 1.80, 0.012899, 0.911972, 0.075129, Iris-virginica
6.20, 2.80, 4.80, 1.80, 0.020979, 0.270699, 0.708322, Iris-virginica
6.10, 3.00, 4.90, 1.80, 0.023092, 0.329430, 0.647478, Iris-virginica
6.40, 2.80, 5.60, 2.10, 0.008374, 0.908463, 0.083162, Iris-virginica
7.20, 3.00, 5.80, 1.60, 0.014448, 0.890791, 0.094760, Iris-virginica
7.40, 2.80, 6.10, 1.90, 0.019784, 0.872801, 0.107415, Iris-virginica
7.90, 3.80, 6.40, 2.00, 0.050879, 0.760142, 0.188979, Iris-virginica
6.40, 2.80, 5.60, 2.20, 0.008972, 0.906044, 0.084984, Iris-virginica
6.30, 2.80, 5.10, 1.50, 0.023409, 0.435800, 0.540791, Iris-virginica
6.10, 2.60, 5.60, 1.40, 0.031229, 0.575726, 0.393045, Iris-virginica
7.70, 3.00, 6.10, 2.30, 0.028653, 0.839611, 0.131736, Iris-virginica
6.30, 3.40, 5.60, 2.40, 0.017234, 0.853961, 0.128805, Iris-virginica
6.40, 3.10, 5.50, 1.80, 0.009803, 0.879873, 0.110324, Iris-virginica
6.00, 3.00, 4.80, 1.80, 0.021717, 0.227912, 0.750371, Iris-virginica
6.90, 3.10, 5.40, 2.10, 0.003494, 0.967494, 0.029012, Iris-virginica
6.70, 3.10, 5.60, 2.40, 0.005078, 0.957229, 0.037692, Iris-virginica
6.90, 3.10, 5.10, 2.30, 0.015416, 0.854946, 0.129638, Iris-virginica
5.80, 2.70, 5.10, 1.90, 0.029324, 0.354707, 0.615969, Iris-virginica
6.80, 3.20, 5.90, 2.30, 0.005241, 0.961071, 0.033688, Iris-virginica
6.70, 3.30, 5.70, 2.50, 0.009698, 0.927123, 0.063179, Iris-virginica
6.70, 3.00, 5.20, 2.30, 0.011279, 0.882157, 0.106564, Iris-virginica
6.30, 2.50, 5.00, 1.90, 0.025829, 0.466164, 0.508007, Iris-virginica
6.50, 3.00, 5.20, 2.00, 0.012138, 0.831066, 0.156796, Iris-virginica
6.20, 3.40, 5.40, 2.30, 0.021595, 0.789161, 0.189244, Iris-virginica
5.90, 3.00, 5.10, 1.80, 0.026934, 0.390793, 0.582273, Iris-virginica
