% Title: irisko
%
% Centers:
% 	5.889199 2.761235 4.364254 1.397446 
% 	5.003561 3.403036 1.485001 0.251541 
% 	6.775118 3.052431 5.646913 2.053608 
%

@RELATION

@ATTRIBUTE Attribute0 	 REAL
@ATTRIBUTE Attribute1 	 REAL
@ATTRIBUTE Attribute2 	 REAL
@ATTRIBUTE Attribute3 	 REAL
@ATTRIBUTE MU 	 FUZZY {Zhluk0, Zhluk1, Zhluk2}
@ATTRIBUTE class 	 {Iris-setosa, Iris-versicolor, Iris-virginica}

@DATA
5.10, 3.50, 1.40, 0.20, 0.002501, 0.996336, 0.001163, Iris-setosa
4.90, 3.00, 1.40, 0.20, 0.015887, 0.976957, 0.007156, Iris-setosa
4.70, 3.20, 1.30, 0.20, 0.013427, 0.980312, 0.006261, Iris-setosa
4.60, 3.10, 1.50, 0.20, 0.021850, 0.968317, 0.009833, Iris-setosa
5.00, 3.60, 1.40, 0.20, 0.004131, 0.993927, 0.001942, Iris-setosa
5.40, 3.90, 1.70, 0.40, 0.045779, 0.933151, 0.021070, Iris-setosa
4.60, 3.40, 1.40, 0.30, 0.014004, 0.979490, 0.006506, Iris-setosa
5.00, 3.40, 1.50, 0.20, 0.000268, 0.999611, 0.000121, Iris-setosa
4.40, 2.90, 1.40, 0.20, 0.046902, 0.931566, 0.021531, Iris-setosa
4.90, 3.10, 1.50, 0.10, 0.011265, 0.983693, 0.005042, Iris-setosa
5.40, 3.70, 1.50, 0.20, 0.022317, 0.967218, 0.010465, Iris-setosa
4.80, 3.40, 1.60, 0.20, 0.005332, 0.992282, 0.002387, Iris-setosa
4.80, 3.00, 1.40, 0.10, 0.019418, 0.971751, 0.008831, Iris-setosa
4.30, 3.00, 1.10, 0.10, 0.051296, 0.923707, 0.024997, Iris-setosa
5.80, 4.00, 1.20, 0.20, 0.073498, 0.888407, 0.038095, Iris-setosa
5.70, 4.40, 1.50, 0.40, 0.105700, 0.839287, 0.055013, Iris-setosa
5.40, 3.90, 1.30, 0.40, 0.036518, 0.945523, 0.017959, Iris-setosa
5.10, 3.50, 1.40, 0.30, 0.002524, 0.996308, 0.001168, Iris-setosa
5.70, 3.80, 1.70, 0.30, 0.066280, 0.903075, 0.030645, Iris-setosa
5.10, 3.80, 1.50, 0.30, 0.014918, 0.978070, 0.007012, Iris-setosa
5.40, 3.40, 1.70, 0.20, 0.021746, 0.968760, 0.009494, Iris-setosa
5.10, 3.70, 1.50, 0.40, 0.011009, 0.983903, 0.005088, Iris-setosa
4.60, 3.60, 1.00, 0.20, 0.027857, 0.958133, 0.014010, Iris-setosa
5.10, 3.30, 1.70, 0.50, 0.014210, 0.979783, 0.006006, Iris-setosa
4.80, 3.40, 1.90, 0.20, 0.022992, 0.967274, 0.009734, Iris-setosa
5.00, 3.00, 1.60, 0.20, 0.017521, 0.974909, 0.007570, Iris-setosa
5.00, 3.40, 1.60, 0.40, 0.003570, 0.994862, 0.001568, Iris-setosa
5.20, 3.50, 1.50, 0.20, 0.004740, 0.993093, 0.002167, Iris-setosa
5.20, 3.40, 1.40, 0.20, 0.004338, 0.993661, 0.002001, Iris-setosa
4.70, 3.20, 1.60, 0.20, 0.013697, 0.980243, 0.006060, Iris-setosa
4.80, 3.10, 1.60, 0.20, 0.014083, 0.979755, 0.006161, Iris-setosa
5.40, 3.40, 1.50, 0.40, 0.017755, 0.974278, 0.007967, Iris-setosa
5.20, 4.10, 1.50, 0.10, 0.042207, 0.936933, 0.020861, Iris-setosa
5.50, 4.20, 1.40, 0.20, 0.064657, 0.902393, 0.032950, Iris-setosa
4.90, 3.10, 1.50, 0.10, 0.011265, 0.983693, 0.005042, Iris-setosa
5.00, 3.20, 1.20, 0.20, 0.009919, 0.985408, 0.004673, Iris-setosa
5.50, 3.50, 1.30, 0.20, 0.024490, 0.963830, 0.011679, Iris-setosa
4.90, 3.10, 1.50, 0.10, 0.011265, 0.983693, 0.005042, Iris-setosa
4.40, 3.00, 1.30, 0.20, 0.040472, 0.940578, 0.018949, Iris-setosa
5.10, 3.40, 1.50, 0.20, 0.001141, 0.998343, 0.000517, Iris-setosa
5.00, 3.50, 1.30, 0.30, 0.003833, 0.994361, 0.001806, Iris-setosa
4.50, 2.30, 1.30, 0.30, 0.100886, 0.852748, 0.046366, Iris-setosa
4.40, 3.20, 1.30, 0.20, 0.031861, 0.953078, 0.015061, Iris-setosa
5.00, 3.50, 1.60, 0.60, 0.014669, 0.978875, 0.006456, Iris-setosa
5.10, 3.80, 1.90, 0.40, 0.038884, 0.944184, 0.016932, Iris-setosa
4.80, 3.00, 1.40, 0.30, 0.018490, 0.973206, 0.008304, Iris-setosa
5.10, 3.80, 1.60, 0.20, 0.016548, 0.975758, 0.007694, Iris-setosa
4.60, 3.20, 1.40, 0.20, 0.017273, 0.974774, 0.007953, Iris-setosa
5.30, 3.70, 1.50, 0.20, 0.016079, 0.976399, 0.007522, Iris-setosa
5.00, 3.30, 1.40, 0.20, 0.001810, 0.997361, 0.000829, Iris-setosa
7.00, 3.20, 4.70, 1.40, 0.454439, 0.044601, 0.500961, Iris-versicolor
6.40, 3.20, 4.50, 1.50, 0.764236, 0.029165, 0.206599, Iris-versicolor
6.90, 3.10, 4.90, 1.50, 0.368965, 0.031291, 0.599744, Iris-versicolor
5.50, 2.30, 4.00, 1.30, 0.869933, 0.049566, 0.080500, Iris-versicolor
6.50, 2.80, 4.60, 1.50, 0.758967, 0.024123, 0.216910, Iris-versicolor
5.70, 2.80, 4.50, 1.30, 0.973778, 0.005754, 0.020468, Iris-versicolor
6.30, 3.30, 4.70, 1.60, 0.673271, 0.029797, 0.296932, Iris-versicolor
4.90, 2.40, 3.30, 1.00, 0.581447, 0.286426, 0.132127, Iris-versicolor
6.60, 2.90, 4.60, 1.30, 0.721221, 0.031256, 0.247523, Iris-versicolor
5.20, 2.70, 3.90, 1.40, 0.830242, 0.075016, 0.094742, Iris-versicolor
5.00, 2.00, 3.50, 1.00, 0.635611, 0.219466, 0.144924, Iris-versicolor
5.90, 3.00, 4.20, 1.50, 0.962071, 0.009199, 0.028730, Iris-versicolor
6.00, 2.20, 4.00, 1.00, 0.842997, 0.055856, 0.101147, Iris-versicolor
6.10, 2.90, 4.70, 1.40, 0.899835, 0.012109, 0.088056, Iris-versicolor
5.60, 2.90, 3.60, 1.30, 0.815859, 0.091926, 0.092215, Iris-versicolor
6.70, 3.10, 4.40, 1.40, 0.690047, 0.041742, 0.268211, Iris-versicolor
5.60, 3.00, 4.50, 1.50, 0.933173, 0.014172, 0.052655, Iris-versicolor
5.80, 2.70, 4.10, 1.00, 0.925582, 0.025997, 0.048421, Iris-versicolor
6.20, 2.20, 4.50, 1.50, 0.835433, 0.027206, 0.137361, Iris-versicolor
5.60, 2.50, 3.90, 1.10, 0.877381, 0.051789, 0.070829, Iris-versicolor
5.90, 3.20, 4.80, 1.80, 0.721868, 0.027621, 0.250511, Iris-versicolor
6.10, 2.80, 4.00, 1.30, 0.934202, 0.019548, 0.046250, Iris-versicolor
6.30, 2.50, 4.90, 1.50, 0.705657, 0.024000, 0.270344, Iris-versicolor
6.10, 2.80, 4.70, 1.20, 0.902859, 0.013940, 0.083202, Iris-versicolor
6.40, 2.90, 4.30, 1.30, 0.875991, 0.022925, 0.101084, Iris-versicolor
6.60, 3.00, 4.40, 1.40, 0.754947, 0.033961, 0.211092, Iris-versicolor
6.80, 2.80, 4.80, 1.40, 0.523888, 0.033641, 0.442471, Iris-versicolor
6.70, 3.00, 5.00, 1.70, 0.306587, 0.021208, 0.672205, Iris-versicolor
6.00, 2.90, 4.50, 1.50, 0.968981, 0.004927, 0.026092, Iris-versicolor
5.70, 2.60, 3.50, 1.00, 0.766488, 0.128855, 0.104656, Iris-versicolor
5.50, 2.40, 3.80, 1.10, 0.831910, 0.078160, 0.089930, Iris-versicolor
5.50, 2.40, 3.70, 1.00, 0.794980, 0.104258, 0.100761, Iris-versicolor
5.80, 2.70, 3.90, 1.20, 0.918528, 0.031110, 0.050363, Iris-versicolor
6.00, 2.70, 5.10, 1.60, 0.656566, 0.023994, 0.319440, Iris-versicolor
5.40, 3.00, 4.50, 1.50, 0.891125, 0.026426, 0.082449, Iris-versicolor
6.00, 3.40, 4.50, 1.60, 0.797308, 0.032140, 0.170552, Iris-versicolor
6.70, 3.10, 4.70, 1.50, 0.555676, 0.033472, 0.410852, Iris-versicolor
6.30, 2.30, 4.40, 1.30, 0.857645, 0.026927, 0.115428, Iris-versicolor
5.60, 3.00, 4.10, 1.30, 0.928810, 0.024163, 0.047027, Iris-versicolor
5.50, 2.50, 4.00, 1.30, 0.899210, 0.038346, 0.062444, Iris-versicolor
5.50, 2.60, 4.40, 1.20, 0.931022, 0.019704, 0.049274, Iris-versicolor
6.10, 3.00, 4.60, 1.40, 0.915823, 0.011610, 0.072567, Iris-versicolor
5.80, 2.60, 4.00, 1.20, 0.935530, 0.022620, 0.041850, Iris-versicolor
5.00, 2.30, 3.30, 1.00, 0.597255, 0.270179, 0.132566, Iris-versicolor
5.60, 2.70, 4.20, 1.30, 0.958758, 0.012741, 0.028501, Iris-versicolor
5.70, 3.00, 4.20, 1.20, 0.945460, 0.016832, 0.037708, Iris-versicolor
5.70, 2.90, 4.20, 1.30, 0.967332, 0.009615, 0.023053, Iris-versicolor
6.20, 2.90, 4.30, 1.30, 0.943918, 0.011414, 0.044668, Iris-versicolor
5.10, 2.50, 3.00, 1.10, 0.518887, 0.356846, 0.124266, Iris-versicolor
5.70, 2.80, 4.10, 1.30, 0.960457, 0.012749, 0.026794, Iris-versicolor
6.30, 3.30, 6.00, 2.50, 0.120762, 0.019363, 0.859875, Iris-virginica
5.80, 2.70, 5.10, 1.90, 0.615776, 0.029328, 0.354896, Iris-virginica
7.10, 3.00, 5.90, 2.10, 0.038122, 0.006073, 0.955805, Iris-virginica
6.30, 2.90, 5.60, 1.80, 0.142082, 0.012542, 0.845376, Iris-virginica
6.50, 3.00, 5.80, 2.20, 0.037657, 0.004758, 0.957585, Iris-virginica
7.60, 3.00, 6.60, 2.10, 0.152655, 0.035465, 0.811880, Iris-virginica
4.90, 2.50, 4.50, 1.70, 0.759811, 0.073153, 0.167036, Iris-virginica
7.30, 2.90, 6.30, 1.80, 0.115122, 0.021903, 0.862974, Iris-virginica
6.70, 2.50, 5.80, 1.80, 0.117393, 0.014010, 0.868596, Iris-virginica
7.20, 3.60, 6.10, 2.50, 0.114573, 0.024407, 0.861020, Iris-virginica
6.50, 3.20, 5.10, 2.00, 0.210090, 0.016779, 0.773131, Iris-virginica
6.40, 2.70, 5.30, 1.90, 0.223350, 0.015779, 0.760871, Iris-virginica
6.80, 3.00, 5.50, 2.10, 0.010037, 0.001169, 0.988794, Iris-virginica
5.70, 2.50, 5.00, 2.00, 0.660073, 0.034411, 0.305516, Iris-virginica
5.80, 2.80, 5.10, 2.40, 0.461141, 0.038405, 0.500454, Iris-virginica
6.40, 3.20, 5.30, 2.30, 0.136182, 0.014074, 0.849744, Iris-virginica
6.50, 3.00, 5.50, 1.80, 0.079730, 0.007173, 0.913097, Iris-virginica
7.70, 3.80, 6.70, 2.20, 0.185809, 0.050576, 0.763615, Iris-virginica
7.70, 2.60, 6.90, 2.30, 0.193241, 0.049201, 0.757558, Iris-virginica
6.00, 2.20, 5.00, 1.50, 0.710798, 0.032248, 0.256954, Iris-virginica
6.90, 3.20, 5.70, 2.30, 0.025681, 0.003825, 0.970494, Iris-virginica
5.60, 2.80, 4.90, 2.00, 0.707086, 0.033673, 0.259241, Iris-virginica
7.70, 2.80, 6.70, 2.00, 0.174814, 0.041984, 0.783202, Iris-virginica
6.30, 2.70, 4.90, 1.80, 0.596060, 0.022821, 0.381119, Iris-virginica
6.70, 3.30, 5.70, 2.10, 0.021743, 0.002913, 0.975344, Iris-virginica
7.20, 3.20, 6.00, 1.80, 0.075148, 0.012906, 0.911946, Iris-virginica
6.20, 2.80, 4.80, 1.80, 0.708066, 0.020988, 0.270945, Iris-virginica
6.10, 3.00, 4.90, 1.80, 0.647212, 0.023100, 0.329688, Iris-virginica
6.40, 2.80, 5.60, 2.10, 0.083086, 0.008370, 0.908544, Iris-virginica
7.20, 3.00, 5.80, 1.60, 0.094756, 0.014452, 0.890793, Iris-virginica
7.40, 2.80, 6.10, 1.90, 0.107431, 0.019792, 0.872777, Iris-virginica
7.90, 3.80, 6.40, 2.00, 0.188989, 0.050890, 0.760120, Iris-virginica
6.40, 2.80, 5.60, 2.20, 0.084917, 0.008968, 0.906115, Iris-virginica
6.30, 2.80, 5.10, 1.50, 0.540516, 0.023412, 0.436072, Iris-virginica
6.10, 2.60, 5.60, 1.40, 0.392889, 0.031227, 0.575884, Iris-virginica
7.70, 3.00, 6.10, 2.30, 0.131755, 0.028663, 0.839581, Iris-virginica
6.30, 3.40, 5.60, 2.40, 0.128757, 0.017232, 0.854011, Iris-virginica
6.40, 3.10, 5.50, 1.80, 0.110202, 0.009796, 0.880001, Iris-virginica
6.00, 3.00, 4.80, 1.80, 0.750154, 0.021728, 0.228118, Iris-virginica
6.90, 3.10, 5.40, 2.10, 0.028987, 0.003493, 0.967521, Iris-virginica
6.70, 3.10, 5.60, 2.40, 0.037687, 0.005079, 0.957234, Iris-virginica
6.90, 3.10, 5.10, 2.30, 0.129564, 0.015412, 0.855024, Iris-virginica
5.80, 2.70, 5.10, 1.90, 0.615776, 0.029328, 0.354896, Iris-virginica
6.80, 3.20, 5.90, 2.30, 0.033711, 0.005246, 0.961042, Iris-virginica
6.70, 3.30, 5.70, 2.50, 0.063182, 0.009701, 0.927117, Iris-virginica
6.70, 3.00, 5.20, 2.30, 0.106477, 0.011274, 0.882249, Iris-virginica
6.30, 2.50, 5.00, 1.90, 0.507769, 0.025830, 0.466401, Iris-virginica
6.50, 3.00, 5.20, 2.00, 0.156619, 0.012130, 0.831252, Iris-virginica
6.20, 3.40, 5.40, 2.30, 0.189146, 0.021591, 0.789263, Iris-virginica
5.90, 3.00, 5.10, 1.80, 0.582040, 0.026938, 0.391022, Iris-virginica
